# time_fs vacf
0.000000000000000000e+00 2.624680859484070507e-04
5.000000000000000000e+01 -7.720804912401385404e-05
1.000000000000000000e+02 -2.028593500701385033e-05
1.500000000000000000e+02 1.480765178718099891e-06
2.000000000000000000e+02 1.439834583106355096e-07
2.500000000000000000e+02 -1.772663959815217391e-07
3.000000000000000000e+02 -2.287746637912703105e-07
3.500000000000000000e+02 5.299359994320290863e-07
4.000000000000000000e+02 -8.613924463593454079e-07
4.500000000000000000e+02 1.585231524140498504e-06
5.000000000000000000e+02 -1.869164222867097999e-07
5.500000000000000000e+02 -1.977604688738240127e-07
6.000000000000000000e+02 -3.520415851125735905e-07
6.500000000000000000e+02 6.438946651749830428e-07
7.000000000000000000e+02 1.896807228248424446e-07
7.500000000000000000e+02 3.132430117130446514e-07
8.000000000000000000e+02 2.246463047920826539e-08
8.500000000000000000e+02 -8.285922430239391831e-07
9.000000000000000000e+02 -9.571611504085369262e-07
9.500000000000000000e+02 1.085228211702394719e-07
1.000000000000000000e+03 -6.760047244896475671e-07
1.050000000000000000e+03 3.049579005304360178e-07
1.100000000000000000e+03 -1.260068147854556223e-07
1.150000000000000000e+03 4.982590558181926163e-07
1.200000000000000000e+03 1.792579446447360852e-06
1.250000000000000000e+03 -6.723831125509275424e-07
1.300000000000000000e+03 -1.404707608461262103e-06
1.350000000000000000e+03 -7.656456301820315695e-07
1.400000000000000000e+03 2.050771261028550683e-06
1.450000000000000000e+03 -4.185671945211748271e-07
1.500000000000000000e+03 1.878953726800784938e-07
1.550000000000000000e+03 -8.315724656624429441e-07
1.600000000000000000e+03 5.084596532280473687e-07
1.650000000000000000e+03 5.764115972943237600e-08
1.700000000000000000e+03 1.183069439048905295e-06
1.750000000000000000e+03 -5.601413835974784320e-07
1.800000000000000000e+03 2.445996611613932816e-07
1.850000000000000000e+03 -5.045560528323158012e-08
1.900000000000000000e+03 -6.699154460737222043e-07
1.950000000000000000e+03 -3.024984538855104930e-07
2.000000000000000000e+03 8.642879329850019963e-07
2.050000000000000000e+03 3.510601008182036651e-07
2.100000000000000000e+03 -6.793771743152452335e-07
2.150000000000000000e+03 -4.312450199113261203e-07
2.200000000000000000e+03 6.097078724610168803e-07
2.250000000000000000e+03 -4.182164769205651715e-07
2.300000000000000000e+03 -4.831630497278725532e-08
2.350000000000000000e+03 -1.711255926714164901e-07
2.400000000000000000e+03 2.427447517474465864e-07
2.450000000000000000e+03 3.459031061652332428e-07
2.500000000000000000e+03 -9.834925103667103416e-08
2.550000000000000000e+03 2.703021140794341383e-07
2.600000000000000000e+03 -2.931208151225703380e-07
2.650000000000000000e+03 7.037694372545495048e-09
2.700000000000000000e+03 4.112341354140375678e-07
2.750000000000000000e+03 6.486683338560594985e-07
2.800000000000000000e+03 1.497745589461373249e-07
2.850000000000000000e+03 -9.005362127040454868e-07
2.900000000000000000e+03 2.635677725946520044e-07
2.950000000000000000e+03 7.704946402269090715e-08
3.000000000000000000e+03 -2.550611789101427720e-07
3.050000000000000000e+03 3.754715744628972641e-07
3.100000000000000000e+03 -4.882085869104309891e-07
3.150000000000000000e+03 -1.488701473233361527e-07
3.200000000000000000e+03 -1.431753503590197305e-06
3.250000000000000000e+03 1.059244549544721685e-06
3.300000000000000000e+03 8.944578313798143352e-07
3.350000000000000000e+03 -2.026786104573212138e-07
3.400000000000000000e+03 1.842409067357249747e-07
3.450000000000000000e+03 -1.579036306354415556e-06
3.500000000000000000e+03 7.806289437300092576e-07
3.550000000000000000e+03 -2.930552214434921909e-07
3.600000000000000000e+03 -1.672820395405009462e-07
3.650000000000000000e+03 4.881229701044214076e-07
3.700000000000000000e+03 4.615324783378239172e-07
3.750000000000000000e+03 -2.225905589653859452e-07
3.800000000000000000e+03 -1.263640833995254457e-07
3.850000000000000000e+03 -1.217894613327647869e-06
3.900000000000000000e+03 1.468607610045777345e-06
3.950000000000000000e+03 -6.504098183771249955e-07
4.000000000000000000e+03 5.472043664955797985e-07
4.050000000000000000e+03 -1.596434444417117864e-06
4.100000000000000000e+03 1.110125055756729399e-06
4.150000000000000000e+03 -3.763273649121697303e-07
4.200000000000000000e+03 -4.674538994604654031e-07
4.250000000000000000e+03 1.960287873154693680e-06
4.300000000000000000e+03 -4.889488106784154934e-07
4.350000000000000000e+03 -1.735422516490056079e-07
4.400000000000000000e+03 2.615894886232669570e-07
4.450000000000000000e+03 -4.890786192742765236e-07
4.500000000000000000e+03 -7.750155360516428516e-08
4.550000000000000000e+03 -1.588358889369828412e-07
4.600000000000000000e+03 -2.041441074966596240e-09
4.650000000000000000e+03 -8.167677607636026386e-07
4.700000000000000000e+03 2.206631866877621795e-06
4.750000000000000000e+03 -2.140546959013766264e-06
4.800000000000000000e+03 -1.478469242718213192e-07
4.850000000000000000e+03 3.352395123279408289e-07
4.900000000000000000e+03 1.001531600418759275e-07
4.950000000000000000e+03 6.920921519469640079e-07
5.000000000000000000e+03 4.910941273731771211e-07
5.050000000000000000e+03 -8.560261926465816210e-07
5.100000000000000000e+03 6.907313238752974044e-07
5.150000000000000000e+03 -2.865722685557602067e-07
5.200000000000000000e+03 1.797934664145796378e-07
5.250000000000000000e+03 1.913251815235966414e-07
5.300000000000000000e+03 -3.530408167397018412e-07
5.350000000000000000e+03 7.107967840703241885e-07
5.400000000000000000e+03 -1.456162125466565881e-07
5.450000000000000000e+03 -1.757142059361804222e-07
5.500000000000000000e+03 1.946029136577292663e-06
5.550000000000000000e+03 -1.542204390149442945e-06
5.600000000000000000e+03 -1.968961831342396878e-08
5.650000000000000000e+03 -1.552298908620315479e-06
5.700000000000000000e+03 1.859816999368498831e-06
5.750000000000000000e+03 1.399560217991211203e-06
5.800000000000000000e+03 -1.540221840952708686e-06
5.850000000000000000e+03 1.090013967664746476e-06
5.900000000000000000e+03 -3.240986547772590167e-07
5.950000000000000000e+03 -4.509954022236017677e-07
6.000000000000000000e+03 -1.467865812999803362e-07
6.050000000000000000e+03 -1.614920424745904374e-06
6.100000000000000000e+03 1.273919680274511750e-06
6.150000000000000000e+03 1.825505857252573312e-07
6.200000000000000000e+03 -2.384960845581185725e-09
6.250000000000000000e+03 -8.295687719953375885e-07
6.300000000000000000e+03 5.842241512749289972e-07
6.350000000000000000e+03 1.236219499855340247e-06
6.400000000000000000e+03 1.136428388885137884e-06
6.450000000000000000e+03 -2.211675722368514133e-06
6.500000000000000000e+03 -2.657259260434547253e-07
6.550000000000000000e+03 -8.640316468575861080e-08
6.600000000000000000e+03 2.685218267893293883e-07
6.650000000000000000e+03 8.375783924494480731e-07
6.700000000000000000e+03 -1.590461402545645303e-06
6.750000000000000000e+03 -5.365956571291794026e-07
6.800000000000000000e+03 1.873830518329602666e-06
6.850000000000000000e+03 -9.175571974253420036e-07
6.900000000000000000e+03 -2.371181675836455593e-06
6.950000000000000000e+03 2.880893824448484741e-06
7.000000000000000000e+03 -1.051225160419548537e-06
7.050000000000000000e+03 1.486980138974732974e-06
7.100000000000000000e+03 -9.423860738382949080e-07
7.150000000000000000e+03 -1.165906969204186933e-06
7.200000000000000000e+03 -5.486675100077680557e-07
7.250000000000000000e+03 2.392413266177383743e-06
7.300000000000000000e+03 -4.739620611009318658e-07
7.350000000000000000e+03 1.728694031213826176e-07
7.400000000000000000e+03 -8.711327232942091885e-07
7.450000000000000000e+03 1.426713581050618333e-07
7.500000000000000000e+03 1.116564557473297315e-07
7.550000000000000000e+03 -8.750371757045760364e-07
7.600000000000000000e+03 -7.287687922444724416e-07
7.650000000000000000e+03 -3.496624002284468436e-07
7.700000000000000000e+03 -4.242381889238880438e-10
7.750000000000000000e+03 2.313140158823438120e-06
7.800000000000000000e+03 -7.699786842763890815e-07
7.850000000000000000e+03 -1.589398386559478867e-06
7.900000000000000000e+03 7.425298185970120557e-07
7.950000000000000000e+03 -2.824765805128339876e-07
8.000000000000000000e+03 1.039806139838260242e-07
8.050000000000000000e+03 -7.358407045538532874e-08
8.100000000000000000e+03 1.584319965859698757e-06
8.150000000000000000e+03 -3.770169165564956238e-07
8.200000000000000000e+03 1.068311131255550517e-06
8.250000000000000000e+03 -3.585235941603628429e-07
8.300000000000000000e+03 -8.063433765045447275e-07
8.350000000000000000e+03 -8.625521352213460345e-07
8.400000000000000000e+03 2.549900933449961510e-07
8.450000000000000000e+03 1.060905806492782561e-06
8.500000000000000000e+03 -1.407209840733574116e-06
8.550000000000000000e+03 2.161455231089336874e-06
8.600000000000000000e+03 3.967578869544278526e-07
8.650000000000000000e+03 -6.458565978387446553e-07
8.700000000000000000e+03 -1.761694131777390320e-06
8.750000000000000000e+03 4.889736099828178139e-07
8.800000000000000000e+03 -4.503098833274073635e-07
8.850000000000000000e+03 6.225623916450370319e-08
8.900000000000000000e+03 1.691927553323008551e-06
8.950000000000000000e+03 -8.628584773148867939e-07
9.000000000000000000e+03 3.375917507125504686e-07
9.050000000000000000e+03 -4.267970452113197072e-06
9.100000000000000000e+03 3.318737867257309891e-07
9.150000000000000000e+03 -3.716758733590593987e-07
9.200000000000000000e+03 2.265088306207231969e-06
9.250000000000000000e+03 1.484198527973496838e-06
9.300000000000000000e+03 1.923023412317749441e-06
9.350000000000000000e+03 -4.579846879067843190e-06
9.400000000000000000e+03 2.752458217541063321e-06
9.450000000000000000e+03 1.661549255811955351e-06
9.500000000000000000e+03 -3.773137544151303544e-06
9.550000000000000000e+03 3.809894304450117358e-06
9.600000000000000000e+03 -7.563218416413900700e-06
9.650000000000000000e+03 4.543122466836810674e-06
9.700000000000000000e+03 -3.888108546229455686e-06
9.750000000000000000e+03 2.437982004746705006e-06
9.800000000000000000e+03 -2.070821086274899652e-06
9.850000000000000000e+03 2.678594245817736882e-06
9.900000000000000000e+03 1.233797366829688384e-06
9.950000000000000000e+03 6.335654756188020091e-07
1.000000000000000000e+04 8.879354814245564854e-06
