# time_fs temperature_K pressure_eV_per_A3 kinetic_energy_eV potential_energy_eV total_energy_eV
0.000000000000000000e+00 2.999290785014155745e+02 1.718863497833228796e-02 1.934564735104378386e+01 -1.060094740240752571e+03 -1.040749092889708891e+03
5.000000000000000000e+01 3.013465631055689755e+02 1.719527354390430404e-02 1.943707615619498696e+01 -1.060003348797688886e+03 -1.040566272641493924e+03
1.000000000000000000e+02 2.929500232677860367e+02 1.840588567279471607e-02 1.889549312769256062e+01 -1.058008363350779518e+03 -1.039112870223086929e+03
1.500000000000000000e+02 3.042859655201863234e+02 1.832718906220639696e-02 1.962666978552934793e+01 -1.058489905604518299e+03 -1.038863235818988869e+03
2.000000000000000000e+02 3.066185931154570881e+02 1.584272208733078155e-02 1.977712599032580343e+01 -1.062303350792304855e+03 -1.042526224801978969e+03
2.500000000000000000e+02 2.940676950352394101e+02 1.744913923270477452e-02 1.896758378317486304e+01 -1.059841786843569025e+03 -1.040874203060394166e+03
3.000000000000000000e+02 2.990356750595638005e+02 1.791189186788614066e-02 1.928802216840184514e+01 -1.058947994275046312e+03 -1.039659972106644545e+03
3.500000000000000000e+02 2.996000486456009639e+02 1.772136262224222394e-02 1.932442468203696961e+01 -1.059285387499396393e+03 -1.039960962817359359e+03
4.000000000000000000e+02 2.990932970541896339e+02 1.772630171655469392e-02 1.929173882966478359e+01 -1.059385527726268720e+03 -1.040093788896603883e+03
4.500000000000000000e+02 3.030834759044166731e+02 1.701714015180754921e-02 1.954910831611062960e+01 -1.060471281250604761e+03 -1.040922172934494029e+03
5.000000000000000000e+02 2.980623433314254385e+02 1.713913603479601255e-02 1.922524155219007369e+01 -1.060182940785200572e+03 -1.040957699233010544e+03
5.500000000000000000e+02 3.005709446175067683e+02 1.765471303721125040e-02 1.938704819017057801e+01 -1.059500123322748323e+03 -1.040113075132577706e+03
6.000000000000000000e+02 3.045909948999554899e+02 1.731752623396445867e-02 1.964634440608366717e+01 -1.060054942850336829e+03 -1.040408598444253130e+03
6.500000000000000000e+02 2.928798263089192915e+02 1.769852471276130157e-02 1.889096537193730896e+01 -1.059249046817112685e+03 -1.040358081445175458e+03
7.000000000000000000e+02 3.122453932472253086e+02 1.732307182167226040e-02 2.014005875965874282e+01 -1.060023348094674247e+03 -1.039883289335015434e+03
7.500000000000000000e+02 2.931188357377027387e+02 1.765394936983343682e-02 1.890638165683346372e+01 -1.059427694872228813e+03 -1.040521313215395367e+03
8.000000000000000000e+02 2.992225273411452235e+02 1.776002276160296503e-02 1.930007427873497150e+01 -1.059262542389117925e+03 -1.039962468110383043e+03
8.500000000000000000e+02 3.075244854947779913e+02 1.697900143776438081e-02 1.983555671866966463e+01 -1.060589712354090352e+03 -1.040754155635420602e+03
9.000000000000000000e+02 2.953139553561589423e+02 1.721309167703579529e-02 1.904796849544274906e+01 -1.060228230535789862e+03 -1.041180262040347088e+03
9.500000000000000000e+02 2.956803966567785551e+02 1.784997355076430037e-02 1.907160423030401830e+01 -1.059101265636080598e+03 -1.040029661405776551e+03
1.000000000000000000e+03 3.044659955522811288e+02 1.739347659831787934e-02 1.963828185572575791e+01 -1.059832481884089020e+03 -1.040194200028363184e+03
1.050000000000000000e+03 2.986493657865894420e+02 1.737823425146172926e-02 1.926310493463197915e+01 -1.059883660847770216e+03 -1.040620555913138332e+03
1.100000000000000000e+03 3.013973345896914111e+02 1.774092210581532103e-02 1.944035095446472994e+01 -1.059350902872318557e+03 -1.039910551917853809e+03
1.150000000000000000e+03 2.997567272478242444e+02 1.745958537578536085e-02 1.933453056773905132e+01 -1.059768716097455581e+03 -1.040434185529716615e+03
1.200000000000000000e+03 3.010031404544213842e+02 1.733170129290340089e-02 1.941492514124619717e+01 -1.060023009037027350e+03 -1.040608083895781192e+03
1.250000000000000000e+03 2.969833550821236940e+02 1.760507132898976590e-02 1.915564601223374197e+01 -1.059463176858600036e+03 -1.040307530846366262e+03
1.300000000000000000e+03 2.983894406325112527e+02 1.727255979218358245e-02 1.924633956998782125e+01 -1.060047725447463790e+03 -1.040801385877475923e+03
1.350000000000000000e+03 2.936979883434860312e+02 1.783471249164164663e-02 1.894373742817081663e+01 -1.059086511632161773e+03 -1.040142774203990939e+03
1.400000000000000000e+03 3.058255594890727025e+02 1.721074630279931933e-02 1.972597473500169230e+01 -1.060110456801617602e+03 -1.040384482066615874e+03
1.450000000000000000e+03 2.966742661085027066e+02 1.766114086623867332e-02 1.913570954487404308e+01 -1.059454774137859431e+03 -1.040319064592985342e+03
1.500000000000000000e+03 3.008987251995641259e+02 1.719593724004523858e-02 1.940819028009625313e+01 -1.060165057854426777e+03 -1.040756867574330499e+03
1.550000000000000000e+03 3.088532247758006974e+02 1.687164415606110315e-02 1.992126138485468445e+01 -1.060713196650293412e+03 -1.040791935265438724e+03
1.600000000000000000e+03 2.931765108454354163e+02 1.807661173016081313e-02 1.891010174393106880e+01 -1.058785594663179154e+03 -1.039875492919248018e+03
1.650000000000000000e+03 3.037922641679256799e+02 1.742524635839454161e-02 1.959482568323260310e+01 -1.059742065708868267e+03 -1.040147240025635710e+03
1.700000000000000000e+03 3.009472722005301648e+02 1.742333923963955769e-02 1.941132159755747466e+01 -1.059795383730548110e+03 -1.040384062132990721e+03
1.750000000000000000e+03 3.045375301994630490e+02 1.707028141840305144e-02 1.964289589336651431e+01 -1.060384552808425724e+03 -1.040741656915059139e+03
1.800000000000000000e+03 2.915731751959528992e+02 1.779767475702465074e-02 1.880668540892539298e+01 -1.059168952033209052e+03 -1.040362266624283620e+03
1.850000000000000000e+03 3.012942978496972728e+02 1.763960331555889521e-02 1.943370500854282312e+01 -1.059473577162704942e+03 -1.040039872154162140e+03
1.900000000000000000e+03 3.031209614352371773e+02 1.700759817660762660e-02 1.955152616056787096e+01 -1.060370491038314640e+03 -1.040818964877746794e+03
1.950000000000000000e+03 2.976139583311411343e+02 1.740871107689224290e-02 1.919632038810575736e+01 -1.059740658226402047e+03 -1.040544337838296315e+03
2.000000000000000000e+03 2.973284282198770825e+02 1.765244906398786423e-02 1.917790348478908768e+01 -1.059263249766582703e+03 -1.040085346281793591e+03
2.050000000000000000e+03 3.062690291230474031e+02 1.787664561082118533e-02 1.975457885432428995e+01 -1.059132120358094653e+03 -1.039377541503770317e+03
2.100000000000000000e+03 2.996173755729495838e+02 1.711857381268937911e-02 1.932554228166365107e+01 -1.060234772950155957e+03 -1.040909230668492228e+03
2.150000000000000000e+03 2.937130543252174562e+02 1.786842971995999604e-02 1.894470919513329221e+01 -1.059144721476768609e+03 -1.040200012281635281e+03
2.200000000000000000e+03 2.965034591984775147e+02 1.727530193092437216e-02 1.912469237287131918e+01 -1.060046802038008309e+03 -1.040922109665136986e+03
2.250000000000000000e+03 3.003851722184758160e+02 1.735941801718525815e-02 1.937506573306049518e+01 -1.059931923123646357e+03 -1.040556857390585947e+03
2.300000000000000000e+03 3.003024364170506715e+02 1.748990411503310513e-02 1.936972921268816350e+01 -1.059575817976601911e+03 -1.040206088763913840e+03
2.350000000000000000e+03 3.043489331473558082e+02 1.735024834629679893e-02 1.963073124404427006e+01 -1.060003815697653181e+03 -1.040373084453608953e+03
2.400000000000000000e+03 2.891114517143412286e+02 1.805455966380416569e-02 1.864790242399778109e+01 -1.058778690312462686e+03 -1.040130787888464965e+03
2.450000000000000000e+03 3.112130621783185234e+02 1.671463233069409374e-02 2.007347264233933615e+01 -1.061016046056543473e+03 -1.040942573414204162e+03
2.500000000000000000e+03 2.946502208855467870e+02 1.758939205818122950e-02 1.900515713127842332e+01 -1.059491960449646285e+03 -1.040486803318367947e+03
2.550000000000000000e+03 2.976503455996808043e+02 1.767689822865701685e-02 1.919866739383375531e+01 -1.059388889019049657e+03 -1.040190221625215827e+03
2.600000000000000000e+03 2.973965934998765306e+02 1.720808079152684467e-02 1.918230019575503675e+01 -1.060032986673006235e+03 -1.040850686477251202e+03
2.650000000000000000e+03 3.050192683242418639e+02 1.793522200809893538e-02 1.967396835864427018e+01 -1.059089610697185663e+03 -1.039415642338541375e+03
2.700000000000000000e+03 3.005515100840794389e+02 1.696882869537357647e-02 1.938579464839331479e+01 -1.060502282727833290e+03 -1.041116488079439932e+03
2.750000000000000000e+03 2.966039287624580538e+02 1.734685783339316029e-02 1.913117273404200702e+01 -1.059928152162424340e+03 -1.040796979428382429e+03
2.800000000000000000e+03 3.022163208519945101e+02 1.770486626904197239e-02 1.949317617399671931e+01 -1.059479782917055218e+03 -1.039986606743058474e+03
2.850000000000000000e+03 3.031465639756728478e+02 1.727390880642762014e-02 1.955317754335820979e+01 -1.060087289417072725e+03 -1.040534111873714437e+03
2.900000000000000000e+03 2.977235299638165316e+02 1.771267838410165232e-02 1.920338783943794425e+01 -1.059352961012973992e+03 -1.040149573173536055e+03
2.950000000000000000e+03 2.979215431135432937e+02 1.720889578009783538e-02 1.921615983401953898e+01 -1.059991398543807236e+03 -1.040775238709787800e+03
3.000000000000000000e+03 3.051825298187587236e+02 1.782940718604908784e-02 1.968449884576711995e+01 -1.059209501166782729e+03 -1.039525002321015563e+03
3.050000000000000000e+03 3.018806832846162820e+02 1.748133795241343935e-02 1.947152730270786947e+01 -1.059873011276678426e+03 -1.040401483973970471e+03
3.100000000000000000e+03 3.008788803095083608e+02 1.713126157325567736e-02 1.940691027001301094e+01 -1.060341456408208160e+03 -1.040934546138195174e+03
3.150000000000000000e+03 2.993920025693577145e+02 1.732735234021874973e-02 1.931100555627604010e+01 -1.060081521549407853e+03 -1.040770515993131767e+03
3.200000000000000000e+03 2.958219152771613949e+02 1.752451961347999479e-02 1.908073228596708404e+01 -1.059673089460409074e+03 -1.040592357174441986e+03
3.250000000000000000e+03 2.978994544073496513e+02 1.766516429877248995e-02 1.921473509613617736e+01 -1.059361813880763521e+03 -1.040147078784627411e+03
3.300000000000000000e+03 3.027694985646788268e+02 1.769303432834396297e-02 1.952885654552160943e+01 -1.059398696067321907e+03 -1.039869839521800259e+03
3.350000000000000000e+03 2.958685107027593517e+02 1.757864025464974181e-02 1.908373772537393975e+01 -1.059537468671739362e+03 -1.040453730946365340e+03
3.400000000000000000e+03 2.986418569615553906e+02 1.764914922219671875e-02 1.926262060986475078e+01 -1.059447804050340210e+03 -1.040185183440475384e+03
3.450000000000000000e+03 2.996135286143247640e+02 1.749444183636923028e-02 1.932529414998764850e+01 -1.059770681418138111e+03 -1.040445387268150398e+03
3.500000000000000000e+03 3.025113349693384066e+02 1.683843906301684193e-02 1.951220480271865299e+01 -1.060680122169862898e+03 -1.041167917367144355e+03
3.550000000000000000e+03 2.961405662373489918e+02 1.778110604613144380e-02 1.910128550853110241e+01 -1.059172901558503099e+03 -1.040071616049971908e+03
3.600000000000000000e+03 3.005790382499737916e+02 1.737137266650978437e-02 1.938757023544967595e+01 -1.059729468672992198e+03 -1.040341898437542568e+03
3.650000000000000000e+03 2.975409459019906535e+02 1.801267049580720578e-02 1.919161103243525801e+01 -1.058823105753739810e+03 -1.039631494721304534e+03
3.700000000000000000e+03 3.061884431732279381e+02 1.720743171019860351e-02 1.974938100097027061e+01 -1.060169378414193488e+03 -1.040419997413223200e+03
3.750000000000000000e+03 2.995750730567910409e+02 1.706628560523944932e-02 1.932281373809010461e+01 -1.060393276349289863e+03 -1.041070462611199673e+03
3.800000000000000000e+03 2.984335664271935116e+02 1.760677488337274513e-02 1.924918571637440223e+01 -1.059484526291348857e+03 -1.040235340574974543e+03
3.850000000000000000e+03 2.907134381255229982e+02 1.810466170924076440e-02 1.875123173213534145e+01 -1.058538974131249915e+03 -1.039787742399114677e+03
3.900000000000000000e+03 3.110065717671767516e+02 1.747079186228917350e-02 2.006015385812781560e+01 -1.059688179332023765e+03 -1.039628025473896059e+03
3.950000000000000000e+03 2.967041834532914208e+02 1.741404353742143432e-02 1.913763923573580783e+01 -1.059645261765194618e+03 -1.040507622529458786e+03
4.000000000000000000e+03 2.988143200248382527e+02 1.765707982218895841e-02 1.927374460497726716e+01 -1.059389239751224295e+03 -1.040115495146246985e+03
4.050000000000000000e+03 3.050357064180229258e+02 1.741321416975430761e-02 1.967502862784857598e+01 -1.059862841273702998e+03 -1.040187812645854365e+03
4.100000000000000000e+03 2.999695003502918098e+02 1.693919372471321474e-02 1.934825459018693294e+01 -1.060562137199763129e+03 -1.041213882609576103e+03
4.150000000000000000e+03 3.005803193333187551e+02 1.738847076377759288e-02 1.938765286627274520e+01 -1.059706847825190607e+03 -1.040319194958917933e+03
4.200000000000000000e+03 3.006378643387661214e+02 1.773056411323210152e-02 1.939136456167674183e+01 -1.059204218929237413e+03 -1.039812854367560703e+03
4.250000000000000000e+03 2.997314196426051467e+02 1.776914094181333489e-02 1.933289820848827745e+01 -1.059150825366218442e+03 -1.039817927157730082e+03
4.300000000000000000e+03 3.032212831373984727e+02 1.739987118935167401e-02 1.955799698454188018e+01 -1.059694876982071719e+03 -1.040136879997529832e+03
4.350000000000000000e+03 2.981060803439433471e+02 1.752615141476653385e-02 1.922806262183956605e+01 -1.059575028870746792e+03 -1.040346966248907165e+03
4.400000000000000000e+03 3.007241854248813411e+02 1.700903234412844828e-02 1.939693233556278074e+01 -1.060377147742807210e+03 -1.040980215407244486e+03
4.450000000000000000e+03 2.974028622539012190e+02 1.764335548475675156e-02 1.918270453502516659e+01 -1.059380008446179090e+03 -1.040197303911153995e+03
4.500000000000000000e+03 3.009617661511167057e+02 1.769958035468758434e-02 1.941225646808810623e+01 -1.059252435909585756e+03 -1.039840179441497639e+03
4.550000000000000000e+03 3.025966274642725580e+02 1.710518391587240866e-02 1.951770623171290353e+01 -1.060256827672873897e+03 -1.040739121441160933e+03
4.600000000000000000e+03 2.890952201287638559e+02 1.800181126398201284e-02 1.864685547472531724e+01 -1.058633748276584129e+03 -1.039986892801858858e+03
4.650000000000000000e+03 3.060261054676864205e+02 1.753460231238816724e-02 1.973891009891944037e+01 -1.059541717758881987e+03 -1.039802807659962582e+03
4.700000000000000000e+03 2.983910098095709031e+02 1.762363692743841581e-02 1.924644078306852180e+01 -1.059470660168342420e+03 -1.040224219385273955e+03
4.750000000000000000e+03 2.959780232708228027e+02 1.722150294339485146e-02 1.909080136699497743e+01 -1.060039920473973325e+03 -1.040949119106978287e+03
4.800000000000000000e+03 2.977111249562228750e+02 1.744444224185406553e-02 1.920258770727505748e+01 -1.059643193779804506e+03 -1.040440606072529363e+03
4.850000000000000000e+03 3.041783108632842527e+02 1.702407252942319052e-02 1.961972598055208294e+01 -1.060316409114916496e+03 -1.040696683134364321e+03
4.900000000000000000e+03 2.990603462613329384e+02 1.774592420008914637e-02 1.928961347915949531e+01 -1.059232651024742154e+03 -1.039943037545582683e+03
4.950000000000000000e+03 3.016703068494795730e+02 1.719982004510061530e-02 1.945795786707508412e+01 -1.060061968334031690e+03 -1.040604010466956652e+03
5.000000000000000000e+03 2.979121798528336740e+02 1.742048226978277700e-02 1.921555589677994647e+01 -1.059762825997343271e+03 -1.040547270100563310e+03
5.050000000000000000e+03 3.030120093367179379e+02 1.778335561938156756e-02 1.954449866964688098e+01 -1.059207099571726076e+03 -1.039662600902079248e+03
5.100000000000000000e+03 3.006191398817103959e+02 1.739547991718377526e-02 1.939015682035052635e+01 -1.059805436931549139e+03 -1.040415280111198626e+03
5.150000000000000000e+03 3.010543822461532386e+02 1.726396871331522045e-02 1.941823027470452345e+01 -1.060023633265353283e+03 -1.040605402990648827e+03
5.200000000000000000e+03 2.983976826347704900e+02 1.753308120166459025e-02 1.924687118522823326e+01 -1.059591765947810700e+03 -1.040344894762582499e+03
5.250000000000000000e+03 3.002645823554023536e+02 1.741651610408052886e-02 1.936728759772001141e+01 -1.059779692382675648e+03 -1.040412404784955697e+03
5.300000000000000000e+03 2.974582004785857521e+02 1.783675932481288903e-02 1.918627389143811968e+01 -1.059273901355600174e+03 -1.040087627464162097e+03
5.350000000000000000e+03 2.990823359022237469e+02 1.724331802998336702e-02 1.929103182725756938e+01 -1.060022411267161260e+03 -1.040731379439903776e+03
5.400000000000000000e+03 3.026222322902393103e+02 1.715530557477699253e-02 1.951935776192168603e+01 -1.060223736771319182e+03 -1.040704379009397599e+03
5.450000000000000000e+03 2.989081090028358858e+02 1.750850173564544310e-02 1.927979406341198398e+01 -1.059717400588937380e+03 -1.040437606525525325e+03
5.500000000000000000e+03 2.991112807441838299e+02 1.720635286500422911e-02 1.929289879096775451e+01 -1.060182340623579194e+03 -1.040889441832611510e+03
5.550000000000000000e+03 3.000361758567535730e+02 1.772779132574026431e-02 1.935255520965806397e+01 -1.059381492844436252e+03 -1.040028937634778231e+03
5.600000000000000000e+03 3.009757772741907615e+02 1.778196224720036966e-02 1.941316019588714781e+01 -1.059259668458129909e+03 -1.039846508262242651e+03
5.650000000000000000e+03 3.044695056512881592e+02 1.709558806226868857e-02 1.963850825970731506e+01 -1.060332209480045094e+03 -1.040693701220337744e+03
5.700000000000000000e+03 2.976894827698758945e+02 1.749013426382657957e-02 1.920119177025199164e+01 -1.059690814937893947e+03 -1.040489623167641867e+03
5.750000000000000000e+03 3.039652075637922621e+02 1.730641542352413104e-02 1.960598066015195684e+01 -1.059967093617963428e+03 -1.040361112957811429e+03
5.800000000000000000e+03 2.981418010742966658e+02 1.736764687483050365e-02 1.923036663536165847e+01 -1.059885222927808627e+03 -1.040654856292446993e+03
5.850000000000000000e+03 2.992226228019054020e+02 1.761277628093652764e-02 1.930008043602459367e+01 -1.059525681444207066e+03 -1.040225601008182366e+03
5.900000000000000000e+03 3.028068262059180142e+02 1.736945474184906774e-02 1.953126420598410107e+01 -1.059933605133797528e+03 -1.040402340927813384e+03
5.950000000000000000e+03 3.001844414832141297e+02 1.705884433204949216e-02 1.936211845220232775e+01 -1.060391646671806711e+03 -1.041029528219604344e+03
6.000000000000000000e+03 2.950665570805370521e+02 1.814928735471088572e-02 1.903201112372223847e+01 -1.058609712874688285e+03 -1.039577701750966071e+03
6.050000000000000000e+03 3.071530607277726403e+02 1.709726657732300523e-02 1.981159954654140165e+01 -1.060323683681993998e+03 -1.040512084135452596e+03
6.100000000000000000e+03 2.936100286128095149e+02 1.742044064550441612e-02 1.893806396049884810e+01 -1.059788810269957821e+03 -1.040850746309459055e+03
6.150000000000000000e+03 3.053606473531514780e+02 1.709535805774946293e-02 1.969598755844751992e+01 -1.060316886242173950e+03 -1.040620898683726409e+03
6.200000000000000000e+03 2.989451488670128469e+02 1.733102767905075198e-02 1.928218316204116078e+01 -1.059909978173397803e+03 -1.040627795011356739e+03
6.250000000000000000e+03 2.986002630396971540e+02 1.784992839737865183e-02 1.925993777114755545e+01 -1.059088623678911063e+03 -1.039828685907763429e+03
6.300000000000000000e+03 2.985260123847198770e+02 1.764035544998890717e-02 1.925514854899560291e+01 -1.059341318891534684e+03 -1.040086170342539162e+03
6.350000000000000000e+03 2.996892064832777578e+02 1.748333014485296821e-02 1.933017542849641757e+01 -1.059674826695446882e+03 -1.040344651266950450e+03
6.400000000000000000e+03 3.012905226180598675e+02 1.709900491824050892e-02 1.943346150331055000e+01 -1.060262880871659945e+03 -1.040829419368349363e+03
6.450000000000000000e+03 2.980445973223216356e+02 1.747976616970418201e-02 1.922409692148028881e+01 -1.059733876191706713e+03 -1.040509779270226318e+03
6.500000000000000000e+03 2.996297934660697706e+02 1.776392215452858234e-02 1.932634324495252542e+01 -1.059391077819266457e+03 -1.040064734574313889e+03
6.550000000000000000e+03 3.031931555158147944e+02 1.712980480459552757e-02 1.955618273215027969e+01 -1.060227606347734081e+03 -1.040671423615583763e+03
6.600000000000000000e+03 3.010018993984486428e+02 1.731484547862042686e-02 1.941484509221823274e+01 -1.060025414933458251e+03 -1.040610569841240022e+03
6.650000000000000000e+03 2.978394332361750116e+02 1.760258847156366199e-02 1.921086368621172724e+01 -1.059498689766438474e+03 -1.040287826080226750e+03
6.700000000000000000e+03 3.006309126792464781e+02 1.747702709178608482e-02 1.939091617449719962e+01 -1.059780761653498075e+03 -1.040389845479000769e+03
6.750000000000000000e+03 2.985218607652157061e+02 1.779122971512828513e-02 1.925488076646759694e+01 -1.059277946375282227e+03 -1.040023065608814704e+03
6.800000000000000000e+03 3.051940300673223305e+02 1.694424293429630871e-02 1.968524062030352795e+01 -1.060644623283831834e+03 -1.040959382663528231e+03
6.850000000000000000e+03 2.950457352314242030e+02 1.770161822936727400e-02 1.903066809905738666e+01 -1.059488274884585735e+03 -1.040457606785528242e+03
6.900000000000000000e+03 2.999795130567348451e+02 1.727692143601699051e-02 1.934890041715657460e+01 -1.060009443673384112e+03 -1.040660543256227584e+03
6.950000000000000000e+03 3.016614712915825862e+02 1.779681315352841728e-02 1.945738796705712659e+01 -1.059286751586512310e+03 -1.039829363619455080e+03
7.000000000000000000e+03 3.031274953326733907e+02 1.747307983290100064e-02 1.955194760178411073e+01 -1.059789179202901096e+03 -1.040237231601116946e+03
7.050000000000000000e+03 2.970636848353364030e+02 1.759193427465050030e-02 1.916082734071717653e+01 -1.059612306417190666e+03 -1.040451479076473561e+03
7.100000000000000000e+03 3.006556917665112678e+02 1.705772170925930892e-02 1.939251444394909996e+01 -1.060407101723974620e+03 -1.041014587280025580e+03
7.150000000000000000e+03 3.028303783616291298e+02 1.762288519382886054e-02 1.953278333744351514e+01 -1.059577433773992198e+03 -1.040044650436548636e+03
7.200000000000000000e+03 3.027426533429828055e+02 1.736279010910102283e-02 1.952712500887105662e+01 -1.059972238235970281e+03 -1.040445113227099228e+03
7.250000000000000000e+03 3.027581755642827375e+02 1.718650443519650212e-02 1.952812620362307428e+01 -1.060248161905491543e+03 -1.040720035701868483e+03
7.300000000000000000e+03 2.939393629261712135e+02 1.783491998675158785e-02 1.895930626724258516e+01 -1.059188417581588510e+03 -1.040229111314346028e+03
7.350000000000000000e+03 3.048324142181268712e+02 1.756076589106304181e-02 1.966191613062737886e+01 -1.059739792854057669e+03 -1.040077876723430336e+03
7.400000000000000000e+03 3.024607948272679323e+02 1.706961216311922783e-02 1.950894492618233045e+01 -1.060393447034204655e+03 -1.040884502108022389e+03
7.450000000000000000e+03 2.964505513275743738e+02 1.735124945222403167e-02 1.912127977607443441e+01 -1.059888108592540902e+03 -1.040766828816466386e+03
7.500000000000000000e+03 3.024955548700513646e+02 1.761618630810608474e-02 1.951118697464577423e+01 -1.059491208795830062e+03 -1.039980021821184209e+03
7.550000000000000000e+03 3.049854509236140530e+02 1.763294902298381470e-02 1.967178711129691848e+01 -1.059631077652312342e+03 -1.039959290541015434e+03
7.600000000000000000e+03 2.925823527309578935e+02 1.733745435281161193e-02 1.887177810618685925e+01 -1.059860384638678624e+03 -1.040988606532491758e+03
7.650000000000000000e+03 3.020692337448222133e+02 1.790199203086716151e-02 1.948368894681802388e+01 -1.059065161792799927e+03 -1.039581472845981807e+03
7.700000000000000000e+03 3.030184015307723939e+02 1.701886381735136580e-02 1.954491097089021068e+01 -1.060534728147313899e+03 -1.040989817176423685e+03
7.750000000000000000e+03 2.899179673288323897e+02 1.785246625071935239e-02 1.869992327752427030e+01 -1.059166783305653780e+03 -1.040466860028129531e+03
7.800000000000000000e+03 3.009170372441261634e+02 1.728678308991052001e-02 1.940937142051165765e+01 -1.060022718467433378e+03 -1.040613347046921717e+03
7.850000000000000000e+03 3.031832339155120053e+02 1.719875904755815629e-02 1.955554278159405257e+01 -1.060149253769720417e+03 -1.040593710988126304e+03
7.900000000000000000e+03 2.992969417893479545e+02 1.749603406209387577e-02 1.930487406567108621e+01 -1.059764116634846914e+03 -1.040459242569175785e+03
7.950000000000000000e+03 2.974369757961275127e+02 1.743167198339363316e-02 1.918490488372460590e+01 -1.059723548486708751e+03 -1.040538643602984166e+03
8.000000000000000000e+03 3.010339201072940796e+02 1.785415622133521008e-02 1.941691045161702789e+01 -1.059153518656466531e+03 -1.039736608204849517e+03
8.050000000000000000e+03 3.036627902515836581e+02 1.673248250223622821e-02 1.958647451988683130e+01 -1.060802187824268231e+03 -1.041215713304381325e+03
8.100000000000000000e+03 2.963572169810026935e+02 1.785515214690719041e-02 1.911525964170287750e+01 -1.059130668915743399e+03 -1.040015409274040621e+03
8.150000000000000000e+03 2.965656090407517240e+02 1.762909507611065338e-02 1.912870108365577337e+01 -1.059434775424985219e+03 -1.040306074341329349e+03
8.200000000000000000e+03 3.053996944841308050e+02 1.748943469630329789e-02 1.969850612726975569e+01 -1.059723040677171866e+03 -1.040024534549902000e+03
8.250000000000000000e+03 3.024163962371233652e+02 1.698571080381364867e-02 1.950608118428670679e+01 -1.060462762764603667e+03 -1.040956681580316854e+03
8.300000000000000000e+03 2.972127751509837594e+02 1.773768077010628649e-02 1.917044377632382179e+01 -1.059303087229935272e+03 -1.040132643453611536e+03
8.350000000000000000e+03 2.997368564421258270e+02 1.779384113327012878e-02 1.933324888607769765e+01 -1.059317224786921997e+03 -1.039983975900844371e+03
8.400000000000000000e+03 3.038652783665186803e+02 1.693947331343847312e-02 1.959953515303345384e+01 -1.060493565872608087e+03 -1.040894030719574630e+03
8.450000000000000000e+03 2.959250620856127512e+02 1.783564067122312552e-02 1.908738533138587457e+01 -1.059021603466301940e+03 -1.039934218134916136e+03
8.500000000000000000e+03 3.064204310637437629e+02 1.716629962010287128e-02 1.976434439145596755e+01 -1.060195451181393537e+03 -1.040431106789937530e+03
8.550000000000000000e+03 2.957989411032065732e+02 1.748941717860962031e-02 1.907925043475835025e+01 -1.059692350750543255e+03 -1.040613100315785005e+03
8.600000000000000000e+03 2.965433589250060322e+02 1.773800053100262064e-02 1.912726593473694692e+01 -1.059228907758694959e+03 -1.040101641823958062e+03
8.650000000000000000e+03 3.062237536102078934e+02 1.723513709181417192e-02 1.975165855026638440e+01 -1.060046368975371252e+03 -1.040294710425104768e+03
8.700000000000000000e+03 2.995295791319852583e+02 1.732046911419156399e-02 1.931987934629886539e+01 -1.059920245983153109e+03 -1.040600366636854233e+03
8.750000000000000000e+03 2.960279596063746226e+02 1.769614197431881863e-02 1.909402229756435077e+01 -1.059299728938760836e+03 -1.040205706641196457e+03
8.800000000000000000e+03 3.005641748586480162e+02 1.763689604695314536e-02 1.938661153571817408e+01 -1.059484638787291715e+03 -1.040098027251573512e+03
8.850000000000000000e+03 3.017929624762885510e+02 1.678661856608686109e-02 1.946586924570407362e+01 -1.060768081635040289e+03 -1.041302212389336319e+03
8.900000000000000000e+03 2.920456991840236469e+02 1.799882532100722382e-02 1.883716355557192657e+01 -1.058837126856990380e+03 -1.039999963301418347e+03
8.950000000000000000e+03 3.001081418679345916e+02 1.778169041336257611e-02 1.935719707059573835e+01 -1.059247551102010220e+03 -1.039890354031414518e+03
9.000000000000000000e+03 2.980327452134863506e+02 1.743245286184385429e-02 1.922333245169616944e+01 -1.059797461490098840e+03 -1.040574129038402589e+03
9.050000000000000000e+03 2.984646670377837836e+02 1.683446455627268454e-02 1.925119172875535511e+01 -1.060606767073794799e+03 -1.041355575345039369e+03
9.100000000000000000e+03 3.038062083145218821e+02 1.721674382562391609e-02 1.959572509099929505e+01 -1.060027531757644056e+03 -1.040431806666644661e+03
9.150000000000000000e+03 3.038742991070364496e+02 1.743819087681872104e-02 1.960011699746738856e+01 -1.059754602407019547e+03 -1.040154485409552080e+03
9.200000000000000000e+03 2.971493662390700479e+02 1.779206324642672310e-02 1.916635385461657748e+01 -1.059151618391309739e+03 -1.039985264536693194e+03
9.250000000000000000e+03 3.064656795442720636e+02 1.724347335448045068e-02 1.976726295190980665e+01 -1.059982360989890594e+03 -1.040215098037980852e+03
9.300000000000000000e+03 2.955054925326361399e+02 1.775795934317418376e-02 1.906032278496097732e+01 -1.059241479648299901e+03 -1.040181156863338856e+03
9.350000000000000000e+03 3.022822993344308884e+02 1.692065987528284382e-02 1.949743183490278753e+01 -1.060523648244850392e+03 -1.041026216409947665e+03
9.400000000000000000e+03 2.994437731748830629e+02 1.770839898476403787e-02 1.931434479861508891e+01 -1.059271444701017344e+03 -1.039957099902402206e+03
9.450000000000000000e+03 3.045276890932327092e+02 1.713574333747386325e-02 1.964226113473748114e+01 -1.060252868448250410e+03 -1.040610607313512901e+03
9.500000000000000000e+03 2.987078954594681477e+02 1.704914420469081510e-02 1.926688014181342723e+01 -1.060276847867998413e+03 -1.041009967726185096e+03
9.550000000000000000e+03 2.979799501846964631e+02 1.754183823962196867e-02 1.921992713329903069e+01 -1.059408444010921585e+03 -1.040188516877622533e+03
9.600000000000000000e+03 3.051824473699132909e+02 1.809020839801636985e-02 1.968449352775562033e+01 -1.058872954083711420e+03 -1.039188460555955771e+03
9.650000000000000000e+03 2.967718480805857553e+02 1.714749292522640967e-02 1.914200365423206307e+01 -1.060145390761591443e+03 -1.041003387107359458e+03
9.700000000000000000e+03 3.047179669181620056e+02 1.711922914709539112e-02 1.965453419514962263e+01 -1.060227399379662984e+03 -1.040572865184513375e+03
9.750000000000000000e+03 2.964404769727200346e+02 1.771884373621959372e-02 1.912062997273667264e+01 -1.059372692446530436e+03 -1.040252062473793785e+03
9.800000000000000000e+03 3.014224851282379518e+02 1.719954701721705670e-02 1.944197318279897857e+01 -1.060022384115566410e+03 -1.040580410932767336e+03
9.850000000000000000e+03 3.012384410016728111e+02 1.776050301270574311e-02 1.943010220054094006e+01 -1.059246208207976679e+03 -1.039816106007435792e+03
9.900000000000000000e+03 2.990505531066863227e+02 1.727560510391399837e-02 1.928898181344307261e+01 -1.060070076901499078e+03 -1.040781095088055963e+03
9.950000000000000000e+03 2.999090287319383492e+02 1.719498899618570470e-02 1.934435412608635829e+01 -1.060113811495019718e+03 -1.040769457368933445e+03
1.000000000000000000e+04 2.952692014122691830e+02 1.771287561198482685e-02 1.904508183296778867e+01 -1.059268151148653033e+03 -1.040223069315685279e+03
