# time_fs vacf
0.000000000000000000e+00 7.017749944902891878e-06
5.000000000000000000e+01 -1.325536219039603494e-06
1.000000000000000000e+02 -3.294299000532716521e-06
1.500000000000000000e+02 7.626236156505260878e-07
2.000000000000000000e+02 -9.929233701843071386e-08
2.500000000000000000e+02 1.067179641440920115e-06
3.000000000000000000e+02 -7.353684391597631741e-07
3.500000000000000000e+02 -1.849052241342418237e-07
4.000000000000000000e+02 5.396573013141729966e-07
4.500000000000000000e+02 -6.558374647805247547e-07
5.000000000000000000e+02 5.671375009184065030e-07
5.500000000000000000e+02 -2.741070983575640718e-07
6.000000000000000000e+02 -1.069320121985186732e-07
6.500000000000000000e+02 4.075414840483758433e-07
7.000000000000000000e+02 -4.165589679029016298e-08
7.500000000000000000e+02 3.200235981624152375e-07
8.000000000000000000e+02 -4.339381177337098173e-07
8.500000000000000000e+02 -3.926124132400160878e-07
9.000000000000000000e+02 1.704857839653733653e-07
9.500000000000000000e+02 5.539508067433495163e-07
1.000000000000000000e+03 2.288853413939287598e-07
1.050000000000000000e+03 -9.204171105827779686e-07
1.100000000000000000e+03 -3.037389966764099156e-07
1.150000000000000000e+03 3.800183306098353079e-07
1.200000000000000000e+03 4.462961613778949779e-07
1.250000000000000000e+03 1.135206838120772370e-07
1.300000000000000000e+03 -5.814560590860884230e-07
1.350000000000000000e+03 4.997589048750382564e-07
1.400000000000000000e+03 2.552485005607633108e-07
1.450000000000000000e+03 -5.940615229437231636e-07
1.500000000000000000e+03 1.917062364502832627e-07
1.550000000000000000e+03 -2.424890053395715778e-07
1.600000000000000000e+03 9.716020660228468030e-08
1.650000000000000000e+03 1.815054877589819958e-07
1.700000000000000000e+03 -3.857093465628748216e-07
1.750000000000000000e+03 4.757672346219069983e-07
1.800000000000000000e+03 -3.296774876189577996e-07
1.850000000000000000e+03 -1.942109658509065314e-07
1.900000000000000000e+03 7.042651407335322712e-07
1.950000000000000000e+03 -3.505923807988111191e-07
2.000000000000000000e+03 -9.956333125516262622e-08
2.050000000000000000e+03 1.696082815885143155e-07
2.100000000000000000e+03 -1.285448647080262051e-08
2.150000000000000000e+03 1.620136405153744589e-08
2.200000000000000000e+03 -2.327746061810744071e-07
2.250000000000000000e+03 3.081533159922346945e-07
2.300000000000000000e+03 -1.799942481718545576e-07
2.350000000000000000e+03 -2.882495020046917126e-07
2.400000000000000000e+03 4.143938244316718607e-07
2.450000000000000000e+03 -1.544867894609758716e-07
2.500000000000000000e+03 -8.574085968388176692e-08
2.550000000000000000e+03 8.980339027032511112e-08
2.600000000000000000e+03 -1.231409683289825083e-07
2.650000000000000000e+03 1.797724507037864091e-07
2.700000000000000000e+03 3.363144978926731266e-07
2.750000000000000000e+03 -1.718664461713367543e-07
2.800000000000000000e+03 -5.278022904156958152e-07
2.850000000000000000e+03 4.694724558739373006e-07
2.900000000000000000e+03 4.603332863166728513e-07
2.950000000000000000e+03 -7.601203444169316761e-07
3.000000000000000000e+03 -4.229777493414010566e-07
3.050000000000000000e+03 3.300130274748003453e-07
3.100000000000000000e+03 3.302873217624798929e-07
3.150000000000000000e+03 1.564715473375206572e-07
3.200000000000000000e+03 -1.597563508349148079e-07
3.250000000000000000e+03 -1.878722349391783312e-07
3.300000000000000000e+03 5.926690500909980407e-08
3.350000000000000000e+03 1.303600684930430481e-07
3.400000000000000000e+03 2.202990672976571295e-07
3.450000000000000000e+03 -7.709902706009520062e-08
3.500000000000000000e+03 -2.545212164709278153e-07
3.550000000000000000e+03 -1.601255940652927376e-07
3.600000000000000000e+03 1.272338321076374387e-07
3.650000000000000000e+03 3.795036237264315396e-07
3.700000000000000000e+03 -7.248581567701774937e-07
3.750000000000000000e+03 -1.635773575110515923e-07
3.800000000000000000e+03 1.163133699950038173e-06
3.850000000000000000e+03 -2.687132121459678447e-07
3.900000000000000000e+03 -6.614251226435210006e-07
3.950000000000000000e+03 1.464364833632146168e-07
4.000000000000000000e+03 3.651345817155182533e-07
4.050000000000000000e+03 1.840960258037776424e-07
4.100000000000000000e+03 -1.966668554295260138e-07
4.150000000000000000e+03 1.960126959017476642e-08
4.200000000000000000e+03 -2.646176744396815444e-07
4.250000000000000000e+03 -1.833441361436177656e-07
4.300000000000000000e+03 1.124605643116016866e-07
4.350000000000000000e+03 -1.255337646077141528e-08
4.400000000000000000e+03 3.430589998211245632e-07
4.450000000000000000e+03 -1.755735826773739686e-07
4.500000000000000000e+03 -2.679698965472888222e-07
4.550000000000000000e+03 4.218223588644032953e-07
4.600000000000000000e+03 2.002458596604455617e-07
4.650000000000000000e+03 -1.232267952439900041e-07
4.700000000000000000e+03 -2.830300668688970796e-07
4.750000000000000000e+03 4.824582589100696165e-08
4.800000000000000000e+03 1.219834925071135954e-07
4.850000000000000000e+03 -3.259398202413865505e-07
4.900000000000000000e+03 6.638002413964248417e-08
4.950000000000000000e+03 1.546511477336363884e-07
5.000000000000000000e+03 -2.789090551239339836e-08
5.050000000000000000e+03 1.270812521737236641e-07
5.100000000000000000e+03 -1.545481271662013632e-07
5.150000000000000000e+03 -1.049691861616268217e-07
5.200000000000000000e+03 1.829492826883672615e-07
5.250000000000000000e+03 1.777668892670503247e-07
5.300000000000000000e+03 4.879114365050909682e-09
5.350000000000000000e+03 -3.328836171638754033e-07
5.400000000000000000e+03 9.324509651850619238e-08
5.450000000000000000e+03 2.379343261114030004e-07
5.500000000000000000e+03 -2.196256103170750830e-07
5.550000000000000000e+03 8.944636422527206773e-08
5.600000000000000000e+03 -1.307718734573920646e-07
5.650000000000000000e+03 -4.036198725284256559e-07
5.700000000000000000e+03 2.495789911212825530e-07
5.750000000000000000e+03 4.464243985885916167e-07
5.800000000000000000e+03 -7.317929742651730132e-08
5.850000000000000000e+03 -2.458024755984661217e-07
5.900000000000000000e+03 2.833138774377048534e-07
5.950000000000000000e+03 4.724472558714360066e-09
6.000000000000000000e+03 -2.762333682291854310e-07
6.050000000000000000e+03 1.344098171499127830e-07
6.100000000000000000e+03 -2.220938577091268125e-07
6.150000000000000000e+03 -3.503903695674317436e-08
6.200000000000000000e+03 4.061536849584152821e-07
6.250000000000000000e+03 -7.171471172100032212e-08
6.300000000000000000e+03 -3.058366418190658076e-07
6.350000000000000000e+03 -1.376293299522770789e-07
6.400000000000000000e+03 2.703944640385091566e-07
6.450000000000000000e+03 2.261044557598424531e-07
6.500000000000000000e+03 -1.068573496502991532e-07
6.550000000000000000e+03 -8.126769145665820036e-08
6.600000000000000000e+03 -1.019775950688919705e-07
6.650000000000000000e+03 2.649399965523941520e-07
6.700000000000000000e+03 1.921943516336353408e-07
6.750000000000000000e+03 -4.882137297614424680e-07
6.800000000000000000e+03 -1.344727208123146079e-07
6.850000000000000000e+03 3.080655901479585726e-07
6.900000000000000000e+03 -4.490449464599237872e-08
6.950000000000000000e+03 -1.049807202117312597e-07
7.000000000000000000e+03 -1.842171572287755405e-08
7.050000000000000000e+03 -6.101212202916993188e-08
7.100000000000000000e+03 2.639173979692180100e-07
7.150000000000000000e+03 3.043787464089830629e-07
7.200000000000000000e+03 -2.224926009760670190e-07
7.250000000000000000e+03 -3.482148098337837574e-07
7.300000000000000000e+03 1.412079195105344979e-07
7.350000000000000000e+03 1.505979814701222317e-07
7.400000000000000000e+03 -1.054841554259067476e-07
7.450000000000000000e+03 2.035302777365989843e-08
7.500000000000000000e+03 -1.087400547627140767e-07
7.550000000000000000e+03 1.206889806633051084e-08
7.600000000000000000e+03 1.547419915539382830e-07
7.650000000000000000e+03 -2.174876002923673712e-07
7.700000000000000000e+03 -8.370999367306355434e-09
7.750000000000000000e+03 1.759633202853619538e-07
7.800000000000000000e+03 8.163106075383862779e-08
7.850000000000000000e+03 8.229262998275663492e-08
7.900000000000000000e+03 -9.069305616501790813e-08
7.950000000000000000e+03 -7.184354664555775545e-08
8.000000000000000000e+03 -7.096074289572103610e-08
8.050000000000000000e+03 -3.217133254731656321e-08
8.100000000000000000e+03 1.063920753938569911e-07
8.150000000000000000e+03 3.418573947889409512e-09
8.200000000000000000e+03 -1.778555829245870129e-07
8.250000000000000000e+03 -9.643090204055235110e-08
8.300000000000000000e+03 2.699145950786255208e-07
8.350000000000000000e+03 4.545630799181929535e-08
8.400000000000000000e+03 -2.708543535467546601e-08
8.450000000000000000e+03 1.510921505056287761e-07
8.500000000000000000e+03 -2.678995398483247572e-07
8.550000000000000000e+03 6.701227727900097013e-09
8.600000000000000000e+03 2.610856169388574029e-07
8.650000000000000000e+03 -1.907535293877748604e-07
8.700000000000000000e+03 -1.628402698907703313e-07
8.750000000000000000e+03 2.023513862580803582e-07
8.800000000000000000e+03 9.896474073021451375e-08
8.850000000000000000e+03 -3.076997045794213785e-07
8.900000000000000000e+03 9.504170106111782671e-09
8.950000000000000000e+03 7.918499291634527094e-08
9.000000000000000000e+03 -1.165160748538637118e-07
9.050000000000000000e+03 3.528356871381897724e-07
9.100000000000000000e+03 6.792219217879667692e-08
9.150000000000000000e+03 -2.944423568901349117e-07
9.200000000000000000e+03 1.942809181817498561e-07
9.250000000000000000e+03 -7.853087668263244535e-10
9.300000000000000000e+03 -2.449368641708754252e-07
9.350000000000000000e+03 1.116230934665368001e-07
9.400000000000000000e+03 3.895199191210903021e-08
9.450000000000000000e+03 -1.947500773924092498e-07
9.500000000000000000e+03 4.429124872471412603e-08
9.550000000000000000e+03 1.090209384344751815e-07
9.600000000000000000e+03 4.819512557216752581e-09
9.650000000000000000e+03 -2.371909665732821874e-08
9.700000000000000000e+03 -6.186557150454848780e-08
9.750000000000000000e+03 1.972686621771327567e-07
9.800000000000000000e+03 1.085075461127875179e-08
9.850000000000000000e+03 -9.675639310670112999e-08
9.900000000000000000e+03 5.768992281374357044e-08
9.950000000000000000e+03 -1.932947683864982654e-07
1.000000000000000000e+04 3.295358772114519789e-07
