# k_1_per_A S_k
1.000000000000000056e-01 9.727760887724241634e-01
1.397993311036789255e-01 8.972973244856858877e-01
1.795986622073578731e-01 8.020008831209607392e-01
2.193979933110368208e-01 6.910159297845649418e-01
2.591973244147157684e-01 5.690946951848914193e-01
2.989966555183947161e-01 4.413749779211796342e-01
3.387959866220736083e-01 3.131252290232877655e-01
3.785953177257525004e-01 1.894856966269704568e-01
4.183946488294314481e-01 7.521923532170793347e-02
4.581939799331103957e-01 -2.551522761782476501e-02
4.979933110367893434e-01 -1.093548887885353871e-01
5.377926421404682911e-01 -1.738811810963567517e-01
5.775919732441472387e-01 -2.177164984742117060e-01
6.173913043478260754e-01 -2.405650440233970677e-01
6.571906354515050230e-01 -2.431963418925240372e-01
6.969899665551839707e-01 -2.273730303707877098e-01
7.367892976588629184e-01 -1.957275123972468389e-01
7.765886287625418660e-01 -1.515947227343197312e-01
8.163879598662208137e-01 -9.881053875803824660e-02
8.561872909698997614e-01 -4.148709923013416123e-02
8.959866220735787090e-01 1.622258217423744320e-02
9.357859531772575457e-01 7.035786521422637829e-02
9.755852842809364933e-01 1.173689743717954981e-01
1.015384615384615552e+00 1.543089995036690532e-01
1.055183946488294389e+00 1.789891652346659034e-01
1.094983277591973447e+00 1.900891461853885245e-01
1.134782608695652284e+00 1.872166402514671146e-01
1.174581939799331343e+00 1.709131387629807541e-01
1.214381270903010179e+00 1.426057124650147445e-01
1.254180602006689238e+00 1.045075225336528080e-01
1.293979933110368075e+00 5.947252416528159280e-02
1.333779264214047133e+00 1.081232194862435936e-02
1.373578595317725970e+00 -3.791476048306630098e-02
1.413377926421404807e+00 -8.313072307887714452e-02
1.453177257525083865e+00 -1.214683344716827040e-01
1.492976588628762702e+00 -1.499918653937961643e-01
1.532775919732441761e+00 -1.663952543052740207e-01
1.572575250836120597e+00 -1.691657716206329543e-01
1.612374581939799656e+00 -1.577028089002607825e-01
1.652173913043478493e+00 -1.323835612115895621e-01
1.691973244147157551e+00 -9.457001129843956022e-02
1.731772575250836388e+00 -4.655465426592342304e-02
1.771571906354515225e+00 8.554310595371483750e-03
1.811371237458194283e+00 6.700419920276157182e-02
1.851170568561873120e+00 1.246180142758447351e-01
1.890969899665552179e+00 1.770530030809959188e-01
1.930769230769231015e+00 2.200843320740184517e-01
1.970568561872910074e+00 2.498984760088160950e-01
2.010367892976588688e+00 2.633795059567852759e-01
2.050167224080267747e+00 2.583708922642079520e-01
2.089966555183946806e+00 2.338958048706571979e-01
2.129765886287625865e+00 1.903202416902971539e-01
2.169565217391304479e+00 1.294456427746730753e-01
2.209364548494983538e+00 5.452089520219294272e-02
2.249163879598662596e+00 -2.983231531717511764e-02
2.288963210702341655e+00 -1.177821687381894744e-01
2.328762541806020270e+00 -2.025336677755558146e-01
2.368561872909699328e+00 -2.766509448011502670e-01
2.408361204013378387e+00 -3.324409233983025569e-01
2.448160535117057002e+00 -3.623797728471793711e-01
2.487959866220736060e+00 -3.595598277728344616e-01
2.527759197324415119e+00 -3.181319711861867461e-01
2.567558528428094178e+00 -2.337171439885419311e-01
2.607357859531772792e+00 -1.037608294098377737e-01
2.647157190635451851e+00 7.219383450511851485e-02
2.686956521739130910e+00 2.923352356551092157e-01
2.726755852842809524e+00 5.525307404215102913e-01
2.766555183946488583e+00 8.464021477713854491e-01
2.806354515050167642e+00 1.165531633006552381e+00
2.846153846153846700e+00 1.499792836308758925e+00
2.885953177257525315e+00 1.837793796825890835e+00
2.925752508361204374e+00 2.167410867757114445e+00
2.965551839464883432e+00 2.476386090824135078e+00
3.005351170568562047e+00 2.752955251786676882e+00
3.045150501672241106e+00 2.986470411165131011e+00
3.084949832775920164e+00 3.167979437334701664e+00
3.124749163879599223e+00 3.290726166451652279e+00
3.164548494983277838e+00 3.350538328898449603e+00
3.204347826086956896e+00 3.346076205212077603e+00
3.244147157190635955e+00 3.278922830055668314e+00
3.283946488294315014e+00 3.153506018727694649e+00
3.323745819397993628e+00 2.976852980382724390e+00
3.363545150501672687e+00 2.758189137186743523e+00
3.403344481605351746e+00 2.508403261156620268e+00
3.443143812709030360e+00 2.239410432146774710e+00
3.482943143812709419e+00 1.963451915339979648e+00
3.522742474916388478e+00 1.692376253437878564e+00
3.562541806020067536e+00 1.436948209391169407e+00
3.602341137123746151e+00 1.206231405196284356e+00
3.642140468227425210e+00 1.007086518378329298e+00
3.681939799331104268e+00 8.438198842063721061e-01
3.721739130434782883e+00 7.180076972196602902e-01
3.761538461538461942e+00 6.285093053461847656e-01
3.801337792642141000e+00 5.716701103017990393e-01
3.841137123745820059e+00 5.417012178506706022e-01
3.880936454849498674e+00 5.312101713519413737e-01
3.920735785953177732e+00 5.318457961469653661e-01
3.960535117056856791e+00 5.350112487269385042e-01
4.000334448160534961e+00 5.325935274699558075e-01
4.040133779264214020e+00 5.176554821885113178e-01
4.079933110367893079e+00 4.850380295067766578e-01
4.119732441471572137e+00 4.318258331825344243e-01
4.159531772575251196e+00 3.576388477931842225e-01
4.199331103678930255e+00 2.647242795908993918e-01
4.239130434782608425e+00 1.578378760707054296e-01
4.278929765886287484e+00 4.391901255232411039e-02
4.318729096989966543e+00 -6.842032386716834225e-02
4.358528428093645601e+00 -1.695580086649846052e-01
4.398327759197324660e+00 -2.496287289781984331e-01
4.438127090301003719e+00 -2.993392735277911054e-01
4.477926421404682777e+00 -3.107708415008549885e-01
4.517725752508360948e+00 -2.781063207668872383e-01
4.557525083612040007e+00 -1.982243949505089198e-01
4.597324414715719065e+00 -7.111071769851728952e-02
4.637123745819398124e+00 9.995126718998381676e-02
4.676923076923077183e+00 3.084317993189992224e-01
4.716722408026756241e+00 5.448529635938366145e-01
4.756521739130435300e+00 7.973195889363493549e-01
4.796321070234113471e+00 1.052251139303366223e+00
4.836120401337792529e+00 1.295266959610302360e+00
4.875919732441471588e+00 1.512164483495883172e+00
4.915719063545150647e+00 1.689921422362913539e+00
4.955518394648829705e+00 1.817649277608017311e+00
4.995317725752508764e+00 1.887427140244813728e+00
5.035117056856187823e+00 1.894951664657416934e+00
5.074916387959865993e+00 1.839950928472140035e+00
5.114715719063545052e+00 1.726325844660682174e+00
5.154515050167224111e+00 1.562001775605975862e+00
5.194314381270903169e+00 1.358493663683344899e+00
5.234113712374582228e+00 1.130208838841557650e+00
5.273913043478261287e+00 8.935311493111294245e-01
5.313712374581940345e+00 6.657467198627247118e-01
5.353511705685618516e+00 4.638841922661348649e-01
5.393311036789297575e+00 3.035497500512899238e-01
5.433110367892976633e+00 1.978389451385405007e-01
5.472909698996655692e+00 1.564031165511132748e-01
5.512709030100334751e+00 1.847382505894725746e-01
5.552508361204013809e+00 2.837491356524369790e-01
5.592307692307692868e+00 4.496226560607295974e-01
5.632107023411371038e+00 6.740224011390125725e-01
5.671906354515050097e+00 9.445940039878796268e-01
5.711705685618729156e+00 1.245748430895117220e+00
5.751505016722408214e+00 1.559670451620491782e+00
5.791304347826087273e+00 1.867483216400353196e+00
5.831103678929766332e+00 2.150488467349797261e+00
5.870903010033445391e+00 2.391396282578549304e+00
5.910702341137123561e+00 2.575458828941640466e+00
5.950501672240802620e+00 2.691429362381265733e+00
5.990301003344481678e+00 2.732280181553233156e+00
6.030100334448160737e+00 2.695630503460567429e+00
6.069899665551839796e+00 2.583856023087692577e+00
6.109698996655518854e+00 2.403874712409970638e+00
6.149498327759197913e+00 2.166626528336361268e+00
6.189297658862876084e+00 1.886286432115360068e+00
6.229096989966555142e+00 1.579268878118225805e+00
6.268896321070234201e+00 1.263096337298413863e+00
6.308695652173913260e+00 9.552134386237420838e-01
6.348494983277592318e+00 6.718313058702850560e-01
6.388294314381271377e+00 4.268834563549831485e-01
6.428093645484950436e+00 2.311654968944996114e-01
6.467892976588629494e+00 9.171652666804352982e-02
6.507692307692307665e+00 1.148174725151329678e-02
6.547491638795986724e+00 -1.072530474528199385e-02
6.587290969899665782e+00 2.003535011748025507e-02
6.627090301003344841e+00 9.535879242275224765e-02
6.666889632107023900e+00 2.042496996737734882e-01
6.706688963210702958e+00 3.340421879838498809e-01
6.746488294314382017e+00 4.714134722491822860e-01
6.786287625418060188e+00 6.034142850393788837e-01
6.826086956521739246e+00 7.184393007680288656e-01
6.865886287625418305e+00 8.070668452976506035e-01
6.905685618729097364e+00 8.627083879486732165e-01
6.945484949832776422e+00 8.820237833091497670e-01
6.985284280936455481e+00 8.650767153561411682e-01
7.025083612040134540e+00 8.152248471631932114e-01
7.064882943143812710e+00 7.387592508836660077e-01
7.104682274247491769e+00 6.443262638447926349e-01
7.144481605351170828e+00 5.421806070977772674e-01
7.184280936454849886e+00 4.433302767245497211e-01
7.224080267558528945e+00 3.586405674780749342e-01
7.263879598662208004e+00 2.979661891993388156e-01
7.303678929765887062e+00 2.693767753873562709e-01
7.343478260869565233e+00 2.785325504726829937e-01
7.383277591973244292e+00 3.282542738230679324e-01
7.423076923076923350e+00 4.183158706278229388e-01
7.462876254180602409e+00 5.454706613757394074e-01
7.502675585284281468e+00 7.037041912595453086e-01
7.542474916387960526e+00 8.846897176705184052e-01
7.582274247491639585e+00 1.078407710670316932e+00
7.622073578595317755e+00 1.273879327668157702e+00
7.661872909698996814e+00 1.459956527754803446e+00
7.701672240802675873e+00 1.626108745346777518e+00
7.741471571906354932e+00 1.763147935811747224e+00
7.781270903010033990e+00 1.863840065225905729e+00
7.821070234113713049e+00 1.923361139235015838e+00
7.860869565217392108e+00 1.939568773974384319e+00
7.900668896321070278e+00 1.913075027912582105e+00
7.940468227424749337e+00 1.847121550781460897e+00
7.980267558528428395e+00 1.747272864649495272e+00
8.020066889632108342e+00 1.620956654172109879e+00
8.059866220735786513e+00 1.476890356392754677e+00
8.099665551839466460e+00 1.324440390163847292e+00
8.139464882943144630e+00 1.172963622150911434e+00
8.179264214046822801e+00 1.031180012166212467e+00
8.219063545150502748e+00 9.066210073065431585e-01
8.258862876254180918e+00 8.051906392579630811e-01
8.298662207357860865e+00 7.308661373622005186e-01
8.338461538461539035e+00 6.855530900243567149e-01
8.378260869565217206e+00 6.690977538636132538e-01
8.418060200668897153e+00 6.794470236008869346e-01
8.457859531772575323e+00 7.129357704912916427e-01
8.497658862876255270e+00 7.646725297437332314e-01
8.537458193979933441e+00 8.289884677664749457e-01
8.577257525083613388e+00 8.999115506260603192e-01
8.617056856187291558e+00 9.716279704009874729e-01
8.656856187290969729e+00 1.038896014320028982e+00
8.696655518394649675e+00 1.097383296591545321e+00
8.736454849498327846e+00 1.143906034685729933e+00
8.776254180602007793e+00 1.176558121427508263e+00
8.816053511705685963e+00 1.194727327432479447e+00
8.855852842809365910e+00 1.199005263751529160e+00
8.895652173913044081e+00 1.191005999224249434e+00
8.935451505016722251e+00 1.173114835168054038e+00
8.975250836120402198e+00 1.148193229462330045e+00
9.015050167224080369e+00 1.119267965512273921e+00
9.054849498327760315e+00 1.089232320453259906e+00
9.094648829431438486e+00 1.060584347555130424e+00
9.134448160535118433e+00 1.035222780379314589e+00
9.174247491638796603e+00 1.014314969818454593e+00
9.214046822742474774e+00 9.982442611545712108e-01
9.253846153846154721e+00 9.866369376849856154e-01
9.293645484949832891e+00 9.784619258910715045e-01
9.333444816053512838e+00 9.721904426177715441e-01
9.373244147157191009e+00 9.659981326161565240e-01
9.413043478260870955e+00 9.579893230295268847e-01
9.452842809364549126e+00 9.464219789515251335e-01
9.492642140468227296e+00 9.299127837847075417e-01
9.532441471571907243e+00 9.076043333723280426e-01
9.572240802675585414e+00 8.792804284944135684e-01
9.612040133779265361e+00 8.454204733624254287e-01
9.651839464882943531e+00 8.071895665619563953e-01
9.691638795986623478e+00 7.663665082369541803e-01
9.731438127090301649e+00 7.252171637390941727e-01
9.771237458193979819e+00 6.863249977776472166e-01
9.811036789297659766e+00 6.523937935430443869e-01
9.850836120401337936e+00 6.260393824539229879e-01
9.890635451505017883e+00 6.095875440533793377e-01
9.930434782608696054e+00 6.048941333681212562e-01
9.970234113712376001e+00 6.132011154359421345e-01
1.001003344481605417e+01 6.350387942771855698e-01
1.004983277591973234e+01 6.701804495204808365e-01
1.008963210702341229e+01 7.176512117729865192e-01
1.012943143812709046e+01 7.757886975021492937e-01
1.016923076923077041e+01 8.423490388354647473e-01
1.020903010033444858e+01 9.146487808075783876e-01
1.024882943143812852e+01 9.897308974584915209e-01
1.028862876254180669e+01 1.064542025249785695e+00
1.032842809364548486e+01 1.136107955471828301e+00
1.036822742474916481e+01 1.201695399457323177e+00
1.040802675585284298e+01 1.258949890682167450e+00
1.044782608695652293e+01 1.306002200128203228e+00
1.048762541806020110e+01 1.341538557334195136e+00
1.052742474916388105e+01 1.364833014479795104e+00
1.056722408026755922e+01 1.375743198674250323e+00
1.060702341137123739e+01 1.374673234567908020e+00
1.064682274247491733e+01 1.362509602752050686e+00
1.068662207357859550e+01 1.340537010587311784e+00
1.072642140468227545e+01 1.310341943007356402e+00
1.076622073578595362e+01 1.273711453241532343e+00
1.080602006688963357e+01 1.232534031746657099e+00
1.084581939799331174e+01 1.188708190434129230e+00
1.088561872909698991e+01 1.144062886400576851e+00
1.092541806020066986e+01 1.100292267208055952e+00
1.096521739130434803e+01 1.058905626089488683e+00
1.100501672240802797e+01 1.021192065926114445e+00
1.104481605351170614e+01 9.881983047128735098e-01
1.108461538461538609e+01 9.607173855931642192e-01
1.112441471571906426e+01 9.392858038410999422e-01
1.116421404682274243e+01 9.241867041343866385e-01
1.120401337792642238e+01 9.154572632404960331e-01
1.124381270903010055e+01 9.128990517978546881e-01
1.128361204013378050e+01 9.160909404832378033e-01
1.132341137123745867e+01 9.244048521539423025e-01
1.136321070234113861e+01 9.370252445724785995e-01
1.140301003344481678e+01 9.529735439268260944e-01
1.144280936454849495e+01 9.711387777300326540e-01
1.148260869565217490e+01 9.903153578190908579e-01
1.152240802675585307e+01 1.009248363823570749e+00
1.156220735785953302e+01 1.026685838360386516e+00
1.160200668896321119e+01 1.041436623898008840e+00
1.164180602006689114e+01 1.052431266442478641e+00
1.168160535117056931e+01 1.058782610690631731e+00
1.172140468227424748e+01 1.059842037710182705e+00
1.176120401337792742e+01 1.055246953299527668e+00
1.180100334448160559e+01 1.044955195903604306e+00
1.184080267558528554e+01 1.029262530583735735e+00
1.188060200668896371e+01 1.008800318733550361e+00
1.192040133779264366e+01 9.845117456581600202e-01
1.196020066889632183e+01 9.576065525747351481e-01
1.200000000000000000e+01 9.294959262953224055e-01
