# time_fs vacf
0.000000000000000000e+00 8.516495971123707557e-05
5.000000000000000000e+01 -4.361275134748992985e-05
1.000000000000000000e+02 2.499522458520865335e-07
1.500000000000000000e+02 7.156409605318343575e-06
2.000000000000000000e+02 -6.035238648278860030e-06
2.500000000000000000e+02 2.834044280039367973e-06
3.000000000000000000e+02 -4.195836458223313386e-07
3.500000000000000000e+02 -3.191229999370923899e-07
4.000000000000000000e+02 3.043681818377507740e-07
4.500000000000000000e+02 7.778454299312195874e-07
5.000000000000000000e+02 9.185394591972090310e-07
5.500000000000000000e+02 -1.675801916546099796e-06
6.000000000000000000e+02 -2.923851422918610239e-07
6.500000000000000000e+02 2.256387420605578803e-06
7.000000000000000000e+02 -2.133342494660192896e-06
7.500000000000000000e+02 -9.948051153789805534e-07
8.000000000000000000e+02 1.959071807046943329e-06
8.500000000000000000e+02 -7.499970526808228673e-07
9.000000000000000000e+02 8.196081932102402758e-07
9.500000000000000000e+02 -9.059426488953899473e-08
1.000000000000000000e+03 -3.441071939200785382e-07
1.050000000000000000e+03 2.576853879194269179e-09
1.100000000000000000e+03 -1.588913621223677854e-07
1.150000000000000000e+03 2.600145096192570609e-07
1.200000000000000000e+03 -6.526148030256390762e-07
1.250000000000000000e+03 2.082012999536901700e-07
1.300000000000000000e+03 6.693159403451873170e-07
1.350000000000000000e+03 -1.184658382688097884e-07
1.400000000000000000e+03 -6.021282572579431676e-07
1.450000000000000000e+03 9.728039673281591651e-08
1.500000000000000000e+03 5.491081400743060191e-07
1.550000000000000000e+03 4.629049584183995556e-08
1.600000000000000000e+03 -9.058020390145415534e-08
1.650000000000000000e+03 -3.882852437206526078e-08
1.700000000000000000e+03 -6.125794715624031262e-07
1.750000000000000000e+03 1.879383604684081155e-07
1.800000000000000000e+03 -2.420641764278500458e-07
1.850000000000000000e+03 6.548283122376123947e-07
1.900000000000000000e+03 3.697579456179798928e-07
1.950000000000000000e+03 -2.894622909001379902e-07
2.000000000000000000e+03 -9.223547752139166164e-08
2.050000000000000000e+03 -2.107360335815929675e-07
2.100000000000000000e+03 -5.718047616599181651e-07
2.150000000000000000e+03 1.072633104964644028e-06
2.200000000000000000e+03 -8.092211029840638364e-07
2.250000000000000000e+03 -4.996248218847271456e-08
2.300000000000000000e+03 5.540276230600486524e-07
2.350000000000000000e+03 -3.489411840923527501e-07
2.400000000000000000e+03 9.092682443506389480e-07
2.450000000000000000e+03 -4.560392095139528996e-07
2.500000000000000000e+03 -1.041991616043702176e-07
2.550000000000000000e+03 -4.065045456602252471e-07
2.600000000000000000e+03 -2.554150881209589678e-07
2.650000000000000000e+03 8.123480526155897634e-08
2.700000000000000000e+03 1.953731742308726018e-07
2.750000000000000000e+03 6.396474233437357732e-07
2.800000000000000000e+03 1.256133033145193097e-07
2.850000000000000000e+03 -7.130182587031971662e-07
2.900000000000000000e+03 4.826171783051993085e-07
2.950000000000000000e+03 -3.796843807951270618e-07
3.000000000000000000e+03 -2.018853403992705791e-07
3.050000000000000000e+03 8.361978333480898680e-08
3.100000000000000000e+03 1.222821112362650325e-07
3.150000000000000000e+03 -9.177050325892551007e-08
3.200000000000000000e+03 1.769536876970506897e-07
3.250000000000000000e+03 2.163592109782704911e-07
3.300000000000000000e+03 -8.033948851893702907e-07
3.350000000000000000e+03 7.785211531559577306e-07
3.400000000000000000e+03 -1.251291338000047923e-07
3.450000000000000000e+03 -5.635952284670592926e-08
3.500000000000000000e+03 -7.373199441951162061e-07
3.550000000000000000e+03 6.451407580143257775e-07
3.600000000000000000e+03 1.511532257533095185e-07
3.650000000000000000e+03 9.973026518194978630e-09
3.700000000000000000e+03 -4.246423121894041822e-07
3.750000000000000000e+03 3.883522338087106427e-07
3.800000000000000000e+03 -7.598379823121174716e-08
3.850000000000000000e+03 -1.961653569059001002e-07
3.900000000000000000e+03 4.734127808930111411e-07
3.950000000000000000e+03 -4.999622252288652941e-07
4.000000000000000000e+03 5.017608838366000305e-07
4.050000000000000000e+03 -2.188970196522717441e-07
4.100000000000000000e+03 -3.795379852495517538e-07
4.150000000000000000e+03 1.562957830035768530e-09
4.200000000000000000e+03 2.652878297322971213e-07
4.250000000000000000e+03 6.873067875525686629e-08
4.300000000000000000e+03 2.439016022109215218e-07
4.350000000000000000e+03 -1.930838257000054819e-07
4.400000000000000000e+03 -3.918837008898431181e-07
4.450000000000000000e+03 3.931886954890222099e-07
4.500000000000000000e+03 -6.132423760317707174e-07
4.550000000000000000e+03 5.538104975272860137e-07
4.600000000000000000e+03 -1.093737112218424364e-07
4.650000000000000000e+03 5.879621436599691324e-07
4.700000000000000000e+03 -1.042039276694903818e-06
4.750000000000000000e+03 6.230399841991196523e-07
4.800000000000000000e+03 -1.116080375544479193e-07
4.850000000000000000e+03 -3.110323861013564119e-07
4.900000000000000000e+03 5.824084184129525605e-07
4.950000000000000000e+03 -5.123863635310449104e-07
5.000000000000000000e+03 4.463769176631911470e-08
5.050000000000000000e+03 3.243880369367589663e-07
5.100000000000000000e+03 1.601708532945245341e-08
5.150000000000000000e+03 -2.819886119925628854e-07
5.200000000000000000e+03 7.551716163958054110e-07
5.250000000000000000e+03 -5.114504773206750539e-07
5.300000000000000000e+03 -3.697517677920298467e-07
5.350000000000000000e+03 4.843381635211411382e-08
5.400000000000000000e+03 3.512632285930420646e-07
5.450000000000000000e+03 3.534197708909584451e-07
5.500000000000000000e+03 -3.375796306571358538e-07
5.550000000000000000e+03 -4.622279053350087182e-08
5.600000000000000000e+03 -2.735356802250496650e-07
5.650000000000000000e+03 5.128738514212984180e-07
5.700000000000000000e+03 -6.119752198022140246e-07
5.750000000000000000e+03 1.276064950178381502e-07
5.800000000000000000e+03 3.952644828938751527e-07
5.850000000000000000e+03 -2.273744731169794093e-07
5.900000000000000000e+03 4.260454493921141981e-07
5.950000000000000000e+03 -5.886642811626696035e-07
6.000000000000000000e+03 -2.417532982854966933e-07
6.050000000000000000e+03 4.069851364886208071e-07
6.100000000000000000e+03 2.498578911615821901e-07
6.150000000000000000e+03 -4.482764217855695121e-07
6.200000000000000000e+03 4.439896452239730110e-07
6.250000000000000000e+03 -8.263866983256929196e-07
6.300000000000000000e+03 9.240786752477935708e-07
6.350000000000000000e+03 1.162161767676139897e-07
6.400000000000000000e+03 -3.682382924406393691e-07
6.450000000000000000e+03 9.638684802957051506e-09
6.500000000000000000e+03 -7.454651593949548730e-07
6.550000000000000000e+03 7.974500210419915068e-07
6.600000000000000000e+03 -2.150384605595079283e-07
6.650000000000000000e+03 3.752583863187021368e-07
6.700000000000000000e+03 1.044806807527667944e-07
6.750000000000000000e+03 -2.001578470945235951e-08
6.800000000000000000e+03 -6.910948551699833251e-07
6.850000000000000000e+03 3.441853634735022977e-07
6.900000000000000000e+03 2.874625523631906820e-07
6.950000000000000000e+03 -7.711392377476107016e-07
7.000000000000000000e+03 1.154664175376017296e-06
7.050000000000000000e+03 -1.027714647156175092e-06
7.100000000000000000e+03 3.541863607065934038e-07
7.150000000000000000e+03 1.364965167027849825e-07
7.200000000000000000e+03 -5.256933651578068653e-07
7.250000000000000000e+03 8.690188723480951975e-07
7.300000000000000000e+03 2.890176418298645381e-07
7.350000000000000000e+03 -5.708122959573094647e-07
7.400000000000000000e+03 -1.127161652230570203e-06
7.450000000000000000e+03 3.841025941088351490e-07
7.500000000000000000e+03 9.999732930155425857e-07
7.550000000000000000e+03 -5.331471236550698430e-08
7.600000000000000000e+03 -3.807969201147833598e-07
7.650000000000000000e+03 3.339033274804749301e-07
7.700000000000000000e+03 -3.828253749641333417e-07
7.750000000000000000e+03 2.400381116234010563e-07
7.800000000000000000e+03 -6.884248326262379272e-11
7.850000000000000000e+03 2.645636999204663685e-07
7.900000000000000000e+03 -7.168230172707131011e-08
7.950000000000000000e+03 -3.683280450010699273e-07
8.000000000000000000e+03 1.994820135894260412e-07
8.050000000000000000e+03 -7.577498908927847871e-07
8.100000000000000000e+03 2.518907201903607342e-07
8.150000000000000000e+03 9.183769613247585030e-07
8.200000000000000000e+03 -2.970844969008439589e-07
8.250000000000000000e+03 9.024982279632262689e-08
8.300000000000000000e+03 -3.957065876458491707e-07
8.350000000000000000e+03 -4.673381312505286266e-07
8.400000000000000000e+03 7.655805124104481927e-07
8.450000000000000000e+03 -5.869195310899071045e-07
8.500000000000000000e+03 7.368766404880835774e-08
8.550000000000000000e+03 1.982751711545888650e-07
8.600000000000000000e+03 -1.055095518757220547e-07
8.650000000000000000e+03 1.071433630805732724e-06
8.700000000000000000e+03 -9.992057727758634134e-07
8.750000000000000000e+03 9.225125899032103046e-08
8.800000000000000000e+03 6.045383100177082258e-07
8.850000000000000000e+03 -7.420332205249097737e-07
8.900000000000000000e+03 -3.769372768862707469e-07
8.950000000000000000e+03 -2.864355304831785632e-07
9.000000000000000000e+03 7.986984734517154095e-07
9.050000000000000000e+03 -8.857922466499364147e-07
9.100000000000000000e+03 2.581050009401593117e-06
9.150000000000000000e+03 -2.089979585189061838e-06
9.200000000000000000e+03 1.021278963739578871e-06
9.250000000000000000e+03 -1.641357052017575009e-06
9.300000000000000000e+03 1.070307759188537070e-06
9.350000000000000000e+03 1.260721935196651994e-07
9.400000000000000000e+03 -5.999364341575036513e-07
9.450000000000000000e+03 6.291304465200619765e-07
9.500000000000000000e+03 -5.562912712718071207e-07
9.550000000000000000e+03 6.058353486257637117e-08
9.600000000000000000e+03 6.005420539927990180e-08
9.650000000000000000e+03 -2.498258982070925713e-07
9.700000000000000000e+03 1.709117240725358717e-06
9.750000000000000000e+03 -1.863475284914756567e-06
9.800000000000000000e+03 1.027790353913293136e-06
9.850000000000000000e+03 -1.185767622759550762e-06
9.900000000000000000e+03 8.524288644731539533e-07
9.950000000000000000e+03 -6.278378648501520103e-09
1.000000000000000000e+04 4.107408678633526626e-06
