# time_fs msd_A2
0.000000000000000000e+00 0.000000000000000000e+00
5.000000000000000000e+01 1.389207425519788444e-02
1.000000000000000000e+02 3.061978788408478008e-02
1.500000000000000000e+02 3.284760779230302269e-02
2.000000000000000000e+02 3.080094071754664251e-02
2.500000000000000000e+02 2.918311455430048704e-02
3.000000000000000000e+02 2.666518256568999046e-02
3.500000000000000000e+02 2.576086193601597948e-02
4.000000000000000000e+02 2.537313117212303126e-02
4.500000000000000000e+02 2.303942618903770390e-02
5.000000000000000000e+02 2.215057199865809456e-02
5.500000000000000000e+02 2.348125569738824733e-02
6.000000000000000000e+02 2.302341671938530621e-02
6.500000000000000000e+02 2.346398938803378673e-02
7.000000000000000000e+02 2.411787892975009867e-02
7.500000000000000000e+02 2.239920614055498221e-02
8.000000000000000000e+02 2.180761102027961584e-02
8.500000000000000000e+02 2.259371399825337023e-02
9.000000000000000000e+02 2.403576068931156592e-02
9.500000000000000000e+02 2.574233345370411166e-02
1.000000000000000000e+03 2.746862082316655837e-02
1.050000000000000000e+03 2.791004825955520005e-02
1.100000000000000000e+03 2.665082977492146121e-02
1.150000000000000000e+03 2.512834878544328854e-02
1.200000000000000000e+03 2.305811266104794421e-02
1.250000000000000000e+03 2.189750772033339718e-02
1.300000000000000000e+03 2.350285034366157016e-02
1.350000000000000000e+03 2.459766616980806064e-02
1.400000000000000000e+03 2.354356285439499971e-02
1.450000000000000000e+03 2.345525781084929415e-02
1.500000000000000000e+03 2.394964682155860392e-02
1.550000000000000000e+03 2.396017276769913523e-02
1.600000000000000000e+03 2.367581053199959915e-02
1.650000000000000000e+03 2.407060573826817762e-02
1.700000000000000000e+03 2.338899631503464638e-02
1.750000000000000000e+03 2.306270922732173156e-02
1.800000000000000000e+03 2.395229921535716594e-02
1.850000000000000000e+03 2.581126615158714846e-02
1.900000000000000000e+03 2.563804031138045003e-02
1.950000000000000000e+03 2.551252712146627119e-02
2.000000000000000000e+03 2.511882545777618242e-02
2.050000000000000000e+03 2.379677019984059033e-02
2.100000000000000000e+03 2.317296378860357262e-02
2.150000000000000000e+03 2.284678235493788068e-02
2.200000000000000000e+03 2.274510374997245829e-02
2.250000000000000000e+03 2.384274991426706472e-02
2.300000000000000000e+03 2.554237829392244988e-02
2.350000000000000000e+03 2.416078225464497048e-02
2.400000000000000000e+03 2.231075871941997149e-02
2.450000000000000000e+03 2.192963004119410225e-02
2.500000000000000000e+03 2.318806138300832584e-02
2.550000000000000000e+03 2.419160054073237615e-02
2.600000000000000000e+03 2.453675317101495015e-02
2.650000000000000000e+03 2.322731745292033051e-02
2.700000000000000000e+03 2.348884563337430911e-02
2.750000000000000000e+03 2.568625080788623782e-02
2.800000000000000000e+03 2.683099363394161538e-02
2.850000000000000000e+03 2.439876607880250153e-02
2.900000000000000000e+03 2.445542651321921598e-02
2.950000000000000000e+03 2.455973952232859761e-02
3.000000000000000000e+03 2.398744605239772759e-02
3.050000000000000000e+03 2.300803254829113936e-02
3.100000000000000000e+03 2.294288846887122119e-02
3.150000000000000000e+03 2.464254537834239048e-02
3.200000000000000000e+03 2.539549405922196870e-02
3.250000000000000000e+03 2.490010924615970733e-02
3.300000000000000000e+03 2.325509861895598204e-02
3.350000000000000000e+03 2.074029048819350796e-02
3.400000000000000000e+03 2.047550860161053560e-02
3.450000000000000000e+03 2.233707390010059024e-02
3.500000000000000000e+03 2.513845832446985271e-02
3.550000000000000000e+03 2.546734754101285039e-02
3.600000000000000000e+03 2.449513197777166904e-02
3.650000000000000000e+03 2.582669732044156827e-02
3.700000000000000000e+03 2.723210629207011360e-02
3.750000000000000000e+03 2.706456592043432127e-02
3.800000000000000000e+03 2.688273612682413535e-02
3.850000000000000000e+03 2.364006946841274576e-02
3.900000000000000000e+03 2.146225934999482915e-02
3.950000000000000000e+03 2.146856214169181459e-02
4.000000000000000000e+03 2.290905984045791405e-02
4.050000000000000000e+03 2.347409815255538032e-02
4.100000000000000000e+03 2.371323540560376156e-02
4.150000000000000000e+03 2.345288501276240889e-02
4.200000000000000000e+03 2.399565094412388702e-02
4.250000000000000000e+03 2.506769299397385714e-02
4.300000000000000000e+03 2.475010163385290077e-02
4.350000000000000000e+03 2.583087930279281269e-02
4.400000000000000000e+03 2.612039640444913102e-02
4.450000000000000000e+03 2.557511171031151206e-02
4.500000000000000000e+03 2.523679922429414996e-02
4.550000000000000000e+03 2.392358042400582335e-02
4.600000000000000000e+03 2.367978959670664213e-02
4.650000000000000000e+03 2.513446438881063172e-02
4.700000000000000000e+03 2.387313383936820119e-02
4.750000000000000000e+03 2.295537686005051994e-02
4.800000000000000000e+03 2.346266421498253985e-02
4.850000000000000000e+03 2.476245714593383954e-02
4.900000000000000000e+03 2.450353510326876844e-02
4.950000000000000000e+03 2.265356148403047457e-02
5.000000000000000000e+03 2.144997627580433330e-02
5.050000000000000000e+03 2.230436235643993084e-02
5.100000000000000000e+03 2.360890719125426432e-02
5.150000000000000000e+03 2.405080160042004020e-02
5.200000000000000000e+03 2.450891593576262281e-02
5.250000000000000000e+03 2.612164705093146522e-02
5.300000000000000000e+03 2.663651001015807443e-02
5.350000000000000000e+03 2.635959251175109749e-02
5.400000000000000000e+03 2.455990274394826214e-02
5.450000000000000000e+03 2.262660967353340158e-02
5.500000000000000000e+03 2.325841609343862887e-02
5.550000000000000000e+03 2.255161083552067666e-02
5.600000000000000000e+03 2.317075421417942593e-02
5.650000000000000000e+03 2.277052380131767972e-02
5.700000000000000000e+03 2.142128342031360613e-02
5.750000000000000000e+03 2.197219015564504455e-02
5.800000000000000000e+03 2.383575723399577670e-02
5.850000000000000000e+03 2.629972732620599121e-02
5.900000000000000000e+03 2.604874621352934461e-02
5.950000000000000000e+03 2.393495827900173414e-02
6.000000000000000000e+03 2.355857187091625268e-02
6.050000000000000000e+03 2.442040603795325726e-02
6.100000000000000000e+03 2.494597250561879712e-02
6.150000000000000000e+03 2.562939101653297080e-02
6.200000000000000000e+03 2.502349739497926329e-02
6.250000000000000000e+03 2.359030618062188042e-02
6.300000000000000000e+03 2.287918120252268803e-02
6.350000000000000000e+03 2.409999350182725694e-02
6.400000000000000000e+03 2.667656981948868938e-02
6.450000000000000000e+03 2.716593761851415420e-02
6.500000000000000000e+03 2.548792801467585079e-02
6.550000000000000000e+03 2.307383328352168722e-02
6.600000000000000000e+03 2.246099412895302336e-02
6.650000000000000000e+03 2.274265536091544387e-02
6.700000000000000000e+03 2.388267152749988520e-02
6.750000000000000000e+03 2.325529859119532944e-02
6.800000000000000000e+03 2.297968981427754923e-02
6.850000000000000000e+03 2.441289593278662615e-02
6.900000000000000000e+03 2.645025871557632469e-02
6.950000000000000000e+03 2.629989317361415904e-02
7.000000000000000000e+03 2.551731942778075191e-02
7.050000000000000000e+03 2.589613469478965757e-02
7.100000000000000000e+03 2.649612515758175899e-02
7.150000000000000000e+03 2.550534517594705078e-02
7.200000000000000000e+03 2.415093650907831208e-02
7.250000000000000000e+03 2.314982277882942502e-02
7.300000000000000000e+03 2.332339511334364374e-02
7.350000000000000000e+03 2.414611796076693642e-02
7.400000000000000000e+03 2.470237962292556877e-02
7.450000000000000000e+03 2.535705477086388354e-02
7.500000000000000000e+03 2.413672908218613550e-02
7.550000000000000000e+03 2.399269402239087925e-02
7.600000000000000000e+03 2.243688123248776742e-02
7.650000000000000000e+03 2.382623792147136460e-02
7.700000000000000000e+03 2.504367900152951187e-02
7.750000000000000000e+03 2.330695387541209182e-02
7.800000000000000000e+03 2.392708009163680566e-02
7.850000000000000000e+03 2.540406293868638712e-02
7.900000000000000000e+03 2.600346853451449003e-02
7.950000000000000000e+03 2.653820739180196703e-02
8.000000000000000000e+03 2.563262079419534670e-02
8.050000000000000000e+03 2.381887253483417483e-02
8.100000000000000000e+03 2.184123320175589827e-02
8.150000000000000000e+03 2.192089881802018400e-02
8.200000000000000000e+03 2.328539136156456898e-02
8.250000000000000000e+03 2.372861354524321773e-02
8.300000000000000000e+03 2.378057942321432777e-02
8.350000000000000000e+03 2.220775615282303064e-02
8.400000000000000000e+03 2.229553801596113535e-02
8.450000000000000000e+03 2.370084839343678668e-02
8.500000000000000000e+03 2.300686943055362324e-02
8.550000000000000000e+03 2.387880040285891500e-02
8.600000000000000000e+03 2.569132573129992783e-02
8.650000000000000000e+03 2.616632204491550762e-02
8.700000000000000000e+03 2.529295558113916695e-02
8.750000000000000000e+03 2.448289277911125036e-02
8.800000000000000000e+03 2.371320011457653601e-02
8.850000000000000000e+03 2.277699735893204402e-02
8.900000000000000000e+03 2.298677293367866470e-02
8.950000000000000000e+03 2.264685975958492803e-02
9.000000000000000000e+03 2.257695222895177503e-02
9.050000000000000000e+03 2.377624902912110413e-02
9.100000000000000000e+03 2.322162393820824400e-02
9.150000000000000000e+03 2.374570599824300451e-02
9.200000000000000000e+03 2.343223206686481652e-02
9.250000000000000000e+03 2.386332575503568795e-02
9.300000000000000000e+03 2.269239205263400699e-02
9.350000000000000000e+03 2.347831694765782976e-02
9.400000000000000000e+03 2.356004538392989997e-02
9.450000000000000000e+03 2.405271013634071448e-02
9.500000000000000000e+03 2.518410517804706844e-02
9.550000000000000000e+03 2.420003723544852589e-02
9.600000000000000000e+03 2.310057333615930103e-02
9.650000000000000000e+03 2.353660279004999092e-02
9.700000000000000000e+03 2.335538816331346468e-02
9.750000000000000000e+03 2.364097553703933124e-02
9.800000000000000000e+03 2.389707226496412887e-02
9.850000000000000000e+03 2.301170031017731044e-02
9.900000000000000000e+03 2.297394100100119338e-02
9.950000000000000000e+03 2.313898960030900259e-02
1.000000000000000000e+04 2.390339250161521364e-02
