# time_fs vacf
0.000000000000000000e+00 6.651429396496605123e-06
5.000000000000000000e+01 8.208019232754234884e-07
1.000000000000000000e+02 -4.168735805531217316e-06
1.500000000000000000e+02 -1.040581396042590192e-06
2.000000000000000000e+02 6.254141834936378512e-07
2.500000000000000000e+02 -7.662185962606860136e-08
3.000000000000000000e+02 8.380272029409380460e-07
3.500000000000000000e+02 2.067526954033946540e-07
4.000000000000000000e+02 -1.038336647080518454e-06
4.500000000000000000e+02 2.377703844125781094e-07
5.000000000000000000e+02 5.876262467490308278e-07
5.500000000000000000e+02 -5.726550752855850154e-07
6.000000000000000000e+02 -2.222647305715046955e-08
6.500000000000000000e+02 5.079914719955496135e-07
7.000000000000000000e+02 -3.286371040257811815e-07
7.500000000000000000e+02 -2.400298637517295037e-07
8.000000000000000000e+02 3.496290373483202656e-07
8.500000000000000000e+02 1.224580718863399247e-07
9.000000000000000000e+02 1.214426891170765443e-07
9.500000000000000000e+02 2.399294302476755063e-07
1.000000000000000000e+03 -2.629957513725877753e-07
1.050000000000000000e+03 -5.295291436891649772e-07
1.100000000000000000e+03 -1.948264729612724316e-07
1.150000000000000000e+03 2.780045184672999827e-07
1.200000000000000000e+03 6.463159747841498435e-07
1.250000000000000000e+03 2.740811094422550950e-07
1.300000000000000000e+03 -6.285741736174268989e-07
1.350000000000000000e+03 -6.930677851364030196e-07
1.400000000000000000e+03 1.337598827583603570e-08
1.450000000000000000e+03 3.536639252557787530e-07
1.500000000000000000e+03 3.245994358724231272e-07
1.550000000000000000e+03 1.886437529290564733e-07
1.600000000000000000e+03 -1.977948908203090346e-07
1.650000000000000000e+03 -1.852003390069481347e-07
1.700000000000000000e+03 3.276077509248565850e-07
1.750000000000000000e+03 1.928865399375282473e-07
1.800000000000000000e+03 -3.273241687635001733e-07
1.850000000000000000e+03 -1.418145886974868624e-07
1.900000000000000000e+03 5.765535311265362751e-08
1.950000000000000000e+03 -1.827321960589641019e-07
2.000000000000000000e+03 4.180101878182491388e-08
2.050000000000000000e+03 2.531090596033882568e-07
2.100000000000000000e+03 -1.747800113033228368e-07
2.150000000000000000e+03 -7.866780026380542283e-08
2.200000000000000000e+03 3.797529361935315224e-07
2.250000000000000000e+03 -1.153048802107195898e-07
2.300000000000000000e+03 -4.700869313164837828e-07
2.350000000000000000e+03 2.422371979737828256e-07
2.400000000000000000e+03 4.138063113187665921e-07
2.450000000000000000e+03 -2.196312950414383088e-07
2.500000000000000000e+03 -2.481986471757984865e-07
2.550000000000000000e+03 6.849130615230834194e-08
2.600000000000000000e+03 5.524256641828510654e-08
2.650000000000000000e+03 8.714158540020357633e-08
2.700000000000000000e+03 7.360402561300086725e-08
2.750000000000000000e+03 -5.899752752926620252e-08
2.800000000000000000e+03 8.668656566547556189e-08
2.850000000000000000e+03 7.253758736675476574e-08
2.900000000000000000e+03 -3.173342383093323735e-07
2.950000000000000000e+03 -1.940083190287726422e-07
3.000000000000000000e+03 2.984238139151934330e-07
3.050000000000000000e+03 1.680781917615643675e-07
3.100000000000000000e+03 -1.934839953377902500e-07
3.150000000000000000e+03 -9.243648761714043755e-08
3.200000000000000000e+03 1.238242918751498827e-08
3.250000000000000000e+03 -1.314480232306328880e-07
3.300000000000000000e+03 -1.505659173617773106e-08
3.350000000000000000e+03 3.326177784673078748e-07
3.400000000000000000e+03 2.855549001984850713e-07
3.450000000000000000e+03 -1.606954200100672104e-07
3.500000000000000000e+03 -3.662639887899720560e-07
3.550000000000000000e+03 1.490946334401151941e-08
3.600000000000000000e+03 4.365994079676029503e-07
3.650000000000000000e+03 1.863908373476299537e-07
3.700000000000000000e+03 -3.990266508394564141e-07
3.750000000000000000e+03 -4.631712124788499466e-07
3.800000000000000000e+03 -2.827900913097369455e-08
3.850000000000000000e+03 2.247024065956467369e-07
3.900000000000000000e+03 2.105318815321426661e-07
3.950000000000000000e+03 1.755462759750456924e-07
4.000000000000000000e+03 -4.808448246313146053e-08
4.050000000000000000e+03 -2.820953971150828162e-07
4.100000000000000000e+03 -1.039751386714047426e-07
4.150000000000000000e+03 1.175366010659260011e-07
4.200000000000000000e+03 7.085672813121072705e-08
4.250000000000000000e+03 1.454444138911833265e-07
4.300000000000000000e+03 2.445164603230289234e-07
4.350000000000000000e+03 5.006869572373028197e-09
4.400000000000000000e+03 -3.069524939600334121e-07
4.450000000000000000e+03 -3.018208319147881539e-07
4.500000000000000000e+03 9.024435968245075564e-08
4.550000000000000000e+03 4.408462879810058832e-07
4.600000000000000000e+03 2.671273803473705103e-08
4.650000000000000000e+03 -6.647087117457366051e-07
4.700000000000000000e+03 -2.975207135062436130e-07
4.750000000000000000e+03 6.062289272856289545e-07
4.800000000000000000e+03 4.794057326370374444e-07
4.850000000000000000e+03 -2.457806665634427713e-07
4.900000000000000000e+03 -3.727457498664866313e-07
4.950000000000000000e+03 -6.808359856433691901e-08
5.000000000000000000e+03 1.666556527220607154e-07
5.050000000000000000e+03 2.355861575632708647e-07
5.100000000000000000e+03 1.106934257696266201e-07
5.150000000000000000e+03 1.141109980935110721e-08
5.200000000000000000e+03 7.907533625955536924e-09
5.250000000000000000e+03 -1.713406900154211473e-07
5.300000000000000000e+03 -2.743264554574876832e-07
5.350000000000000000e+03 -4.829815519354164173e-08
5.400000000000000000e+03 3.771757989292363934e-08
5.450000000000000000e+03 -2.902710976749682892e-08
5.500000000000000000e+03 2.088343557014331913e-07
5.550000000000000000e+03 2.420919937487416518e-07
5.600000000000000000e+03 -2.533441148296873125e-07
5.650000000000000000e+03 -3.197983943234530727e-07
5.700000000000000000e+03 2.641596245374917615e-07
5.750000000000000000e+03 3.995865863691028624e-07
5.800000000000000000e+03 -8.872800890794478194e-08
5.850000000000000000e+03 -3.052461339108560975e-07
5.900000000000000000e+03 -7.421786810290660934e-08
5.950000000000000000e+03 1.845027142523456363e-07
6.000000000000000000e+03 2.015874936762539316e-07
6.050000000000000000e+03 -9.753227461248255345e-08
6.100000000000000000e+03 -3.147560809927529637e-07
6.150000000000000000e+03 -7.298608796715415753e-08
6.200000000000000000e+03 1.656144286798888695e-07
6.250000000000000000e+03 5.393948516596581907e-08
6.300000000000000000e+03 5.747372033387408256e-08
6.350000000000000000e+03 1.934364443609022183e-07
6.400000000000000000e+03 -5.061876061699599861e-08
6.450000000000000000e+03 -3.825220340446635509e-07
6.500000000000000000e+03 -1.847972350951092955e-07
6.550000000000000000e+03 2.811204047116740135e-07
6.600000000000000000e+03 3.561686765717820808e-07
6.650000000000000000e+03 -3.409297350969604184e-08
6.700000000000000000e+03 -3.136142051564014251e-07
6.750000000000000000e+03 -4.943202775746024626e-08
6.800000000000000000e+03 2.773579747324983692e-07
6.850000000000000000e+03 7.824611930102491447e-08
6.900000000000000000e+03 -1.987988221970494254e-07
6.950000000000000000e+03 -4.093994578208387566e-09
7.000000000000000000e+03 1.364967602142717649e-07
7.050000000000000000e+03 -1.654142903441514663e-07
7.100000000000000000e+03 -2.640663482013218863e-07
7.150000000000000000e+03 7.662865353802953390e-08
7.200000000000000000e+03 2.225399637802577974e-07
7.250000000000000000e+03 4.130424057784957664e-08
7.300000000000000000e+03 -3.479624714858954248e-08
7.350000000000000000e+03 2.974682431043761993e-08
7.400000000000000000e+03 2.693205567900696217e-08
7.450000000000000000e+03 -7.146456956865849069e-08
7.500000000000000000e+03 -5.279718640228285247e-08
7.550000000000000000e+03 1.576253320807851290e-07
7.600000000000000000e+03 1.018768502835439265e-07
7.650000000000000000e+03 -3.132026359103053042e-07
7.700000000000000000e+03 -2.542652638484359864e-07
7.750000000000000000e+03 2.782824927088919996e-07
7.800000000000000000e+03 3.608866958854395118e-07
7.850000000000000000e+03 3.146394365491116563e-08
7.900000000000000000e+03 -2.172191985654792862e-07
7.950000000000000000e+03 -2.725597006372771729e-07
8.000000000000000000e+03 -4.589765810801232650e-08
8.050000000000000000e+03 1.648818478003275584e-07
8.100000000000000000e+03 2.084719300993225538e-08
8.150000000000000000e+03 -4.644587846133267508e-08
8.200000000000000000e+03 5.842913683991276544e-08
8.250000000000000000e+03 -1.284929256352856826e-08
8.300000000000000000e+03 1.633712550608953330e-09
8.350000000000000000e+03 1.385822818689046648e-07
8.400000000000000000e+03 4.580689672482606550e-08
8.450000000000000000e+03 -2.443235751136604707e-08
8.500000000000000000e+03 2.914888679904439675e-08
8.550000000000000000e+03 -3.765764375379483685e-08
8.600000000000000000e+03 -9.172000039946412945e-08
8.650000000000000000e+03 -1.156145501972955484e-07
8.700000000000000000e+03 -1.411930994049192044e-07
8.750000000000000000e+03 5.278835818472398675e-08
8.800000000000000000e+03 1.939507721453058626e-07
8.850000000000000000e+03 -6.003599903994352482e-08
8.900000000000000000e+03 -1.510826280266821243e-07
8.950000000000000000e+03 2.147461344753556766e-07
9.000000000000000000e+03 2.650306207085511177e-07
9.050000000000000000e+03 -8.077688651901895471e-08
9.100000000000000000e+03 -1.544139990312287997e-07
9.150000000000000000e+03 -7.288629860175993680e-08
9.200000000000000000e+03 -1.020323168085685374e-07
9.250000000000000000e+03 -9.479924315416115653e-09
9.300000000000000000e+03 8.499761952534997622e-08
9.350000000000000000e+03 9.074533841072347512e-08
9.400000000000000000e+03 1.192466078678167397e-07
9.450000000000000000e+03 -5.831993619234057053e-09
9.500000000000000000e+03 -1.012375284562106796e-07
9.550000000000000000e+03 3.056277222361210612e-08
9.600000000000000000e+03 -4.695860728548669863e-08
9.650000000000000000e+03 -2.976331225001439394e-07
9.700000000000000000e+03 -5.777825662583213786e-08
9.750000000000000000e+03 2.153627707119278639e-07
9.800000000000000000e+03 3.650534358649184148e-08
9.850000000000000000e+03 1.302677192959693511e-07
9.900000000000000000e+03 2.022354675176191712e-07
9.950000000000000000e+03 -1.004822320764114582e-07
1.000000000000000000e+04 -7.205644578174293935e-08
