# r_A g_r
1.980000000000000163e-02 0.000000000000000000e+00
5.940000000000000835e-02 0.000000000000000000e+00
9.900000000000000466e-02 0.000000000000000000e+00
1.386000000000000010e-01 0.000000000000000000e+00
1.782000000000000250e-01 0.000000000000000000e+00
2.178000000000000214e-01 0.000000000000000000e+00
2.574000000000000177e-01 0.000000000000000000e+00
2.970000000000000417e-01 0.000000000000000000e+00
3.366000000000000103e-01 0.000000000000000000e+00
3.762000000000000344e-01 0.000000000000000000e+00
4.158000000000000584e-01 0.000000000000000000e+00
4.554000000000000270e-01 0.000000000000000000e+00
4.950000000000000511e-01 0.000000000000000000e+00
5.345999999999999641e-01 0.000000000000000000e+00
5.742000000000000437e-01 0.000000000000000000e+00
6.138000000000001233e-01 0.000000000000000000e+00
6.533999999999999808e-01 0.000000000000000000e+00
6.930000000000000604e-01 0.000000000000000000e+00
7.326000000000001400e-01 0.000000000000000000e+00
7.721999999999999975e-01 0.000000000000000000e+00
8.118000000000000771e-01 0.000000000000000000e+00
8.514000000000001567e-01 0.000000000000000000e+00
8.910000000000000142e-01 0.000000000000000000e+00
9.306000000000000938e-01 0.000000000000000000e+00
9.702000000000001734e-01 0.000000000000000000e+00
1.009800000000000031e+00 0.000000000000000000e+00
1.049400000000000110e+00 0.000000000000000000e+00
1.088999999999999968e+00 0.000000000000000000e+00
1.128600000000000048e+00 0.000000000000000000e+00
1.168200000000000127e+00 0.000000000000000000e+00
1.207800000000000207e+00 0.000000000000000000e+00
1.247400000000000064e+00 0.000000000000000000e+00
1.287000000000000144e+00 0.000000000000000000e+00
1.326600000000000001e+00 0.000000000000000000e+00
1.366200000000000081e+00 0.000000000000000000e+00
1.405800000000000161e+00 0.000000000000000000e+00
1.445400000000000240e+00 0.000000000000000000e+00
1.485000000000000098e+00 0.000000000000000000e+00
1.524600000000000177e+00 0.000000000000000000e+00
1.564200000000000035e+00 0.000000000000000000e+00
1.603800000000000114e+00 0.000000000000000000e+00
1.643400000000000194e+00 0.000000000000000000e+00
1.683000000000000274e+00 0.000000000000000000e+00
1.722600000000000131e+00 0.000000000000000000e+00
1.762200000000000211e+00 0.000000000000000000e+00
1.801800000000000068e+00 0.000000000000000000e+00
1.841400000000000148e+00 0.000000000000000000e+00
1.881000000000000227e+00 0.000000000000000000e+00
1.920600000000000307e+00 0.000000000000000000e+00
1.960200000000000164e+00 0.000000000000000000e+00
1.999800000000000022e+00 0.000000000000000000e+00
2.039400000000000102e+00 2.096776057101053009e-04
2.079000000000000181e+00 1.008829804525400008e-03
2.118600000000000261e+00 1.564065091953618925e-02
2.158200000000000340e+00 8.930831209096437573e-02
2.197799999999999976e+00 3.307546891622941132e-01
2.237400000000000055e+00 8.632907582737875396e-01
2.277000000000000135e+00 1.730713132206378235e+00
2.316600000000000215e+00 2.768277733775904803e+00
2.356200000000000294e+00 3.815418756039047565e+00
2.395800000000000374e+00 4.588491069463178640e+00
2.435400000000000453e+00 4.885261329097784433e+00
2.475000000000000089e+00 4.845144188543715202e+00
2.514600000000000168e+00 4.395703322170189331e+00
2.554200000000000248e+00 3.763057932754278578e+00
2.593800000000000328e+00 3.027422791306014993e+00
2.633399999999999963e+00 2.324507350356618485e+00
2.673000000000000043e+00 1.721721254096616249e+00
2.712600000000000122e+00 1.201479129210113461e+00
2.752200000000000202e+00 8.058104426857084501e-01
2.791800000000000281e+00 5.201170710060656344e-01
2.831400000000000361e+00 3.321094455494831843e-01
2.871000000000000441e+00 1.953618709200386772e-01
2.910600000000000076e+00 1.187433856653111464e-01
2.950200000000000156e+00 7.434604438908394564e-02
2.989800000000000235e+00 4.863375092806394157e-02
3.029400000000000315e+00 4.247673819400198808e-02
3.069000000000000394e+00 5.337801427642494684e-02
3.108600000000000030e+00 7.648334970320438964e-02
3.148200000000000109e+00 1.195341210091492579e-01
3.187800000000000189e+00 1.722352812773374209e-01
3.227400000000000269e+00 2.589591193044722406e-01
3.267000000000000348e+00 3.524017593371643886e-01
3.306600000000000428e+00 4.764954677893649682e-01
3.346200000000000507e+00 5.995966573844064840e-01
3.385800000000000143e+00 7.368874502542770433e-01
3.425400000000000222e+00 8.514288103765006444e-01
3.465000000000000302e+00 9.289748725183873956e-01
3.504600000000000382e+00 9.550685368182799673e-01
3.544200000000000461e+00 9.483207180296157057e-01
3.583800000000000097e+00 8.899644274183112769e-01
3.623400000000000176e+00 7.828055671462781362e-01
3.663000000000000256e+00 6.659110155089641436e-01
3.702600000000000335e+00 5.305928658526044561e-01
3.742200000000000415e+00 4.078599262184634533e-01
3.781800000000000495e+00 3.067403558378712369e-01
3.821400000000000574e+00 2.303358400520846283e-01
3.861000000000000210e+00 1.952736337133532396e-01
3.900600000000000289e+00 2.047413186681240616e-01
3.940200000000000369e+00 2.744285955422715584e-01
3.979800000000000448e+00 4.113240027630241658e-01
4.019400000000000084e+00 6.224995704642225514e-01
4.059000000000000163e+00 9.144277603857989822e-01
4.098600000000000243e+00 1.259541280353253079e+00
4.138200000000000323e+00 1.669077975310102158e+00
4.177800000000000402e+00 2.056863787568309565e+00
4.217400000000000482e+00 2.391026699193411265e+00
4.257000000000000561e+00 2.616813723712564155e+00
4.296600000000000641e+00 2.705251654566515729e+00
4.336200000000000720e+00 2.626104287304738438e+00
4.375799999999999912e+00 2.428329723117403471e+00
4.415399999999999991e+00 2.111969138970243964e+00
4.455000000000000071e+00 1.737415208360882479e+00
4.494600000000000151e+00 1.375999147229335806e+00
4.534200000000000230e+00 1.040547557090869102e+00
4.573800000000000310e+00 7.645220743840320798e-01
4.613400000000000389e+00 5.708990144325283289e-01
4.653000000000000469e+00 4.690015966125169466e-01
4.692600000000000549e+00 4.459909512413690047e-01
4.732200000000000628e+00 4.894954943488444288e-01
4.771800000000000708e+00 5.829557616530681718e-01
4.811400000000000787e+00 6.993919044809475682e-01
4.851000000000000867e+00 8.294928066621559681e-01
4.890600000000000058e+00 9.274488027470833007e-01
4.930200000000000138e+00 9.977662115900114426e-01
4.969800000000000217e+00 1.007421628575653871e+00
5.009400000000000297e+00 9.667089655021189332e-01
5.049000000000000377e+00 9.071149758291977561e-01
5.088600000000000456e+00 8.049469109062333816e-01
5.128200000000000536e+00 7.057147675860689917e-01
5.167800000000000615e+00 6.291577938603206688e-01
5.207400000000000695e+00 5.867577964516308420e-01
5.247000000000000774e+00 5.769842069233677151e-01
5.286599999999999966e+00 6.467247316633498722e-01
5.326200000000000045e+00 7.510709384071929673e-01
5.365800000000000125e+00 9.055564492354466477e-01
5.405400000000000205e+00 1.068061246746721427e+00
5.445000000000000284e+00 1.245379483396112708e+00
5.484600000000000364e+00 1.387477799081610508e+00
5.524200000000000443e+00 1.481636689146833330e+00
5.563800000000000523e+00 1.514457050352029377e+00
5.603400000000000603e+00 1.461963417300162327e+00
5.643000000000000682e+00 1.361068739041592091e+00
5.682600000000000762e+00 1.202948523441089712e+00
5.722200000000000841e+00 1.027619729196336262e+00
5.761800000000000921e+00 8.621031810240328275e-01
5.801400000000000112e+00 6.998157016409221054e-01
5.841000000000000192e+00 5.867334436016392596e-01
5.880600000000000271e+00 5.012237742130317697e-01
5.920200000000000351e+00 4.667601867799891502e-01
5.959800000000000431e+00 4.562813352777185250e-01
5.999400000000000510e+00 4.667294077561349175e-01
6.039000000000000590e+00 4.771281301024256627e-01
6.078600000000000669e+00 4.919611542020393413e-01
6.118200000000000749e+00 5.031097661455248282e-01
6.157800000000000828e+00 5.175426441638666386e-01
6.197400000000000908e+00 5.524674638643400915e-01
6.237000000000000099e+00 6.110370033809847667e-01
6.276600000000000179e+00 7.240279367243133146e-01
6.316200000000000259e+00 8.864236725212799595e-01
6.355800000000000338e+00 1.103491638478332648e+00
6.395400000000000418e+00 1.361240117980090147e+00
6.435000000000000497e+00 1.624668442468520269e+00
6.474600000000000577e+00 1.881777935825826642e+00
6.514200000000000657e+00 2.081403358277211790e+00
6.553800000000000736e+00 2.195730141143199532e+00
6.593400000000000816e+00 2.208872813906716193e+00
6.633000000000000895e+00 2.106819106218454252e+00
6.672600000000000975e+00 1.918413915071642828e+00
6.712200000000000166e+00 1.674696386051652608e+00
6.751800000000000246e+00 1.408283062859124080e+00
6.791400000000000325e+00 1.142071179530631753e+00
6.831000000000000405e+00 9.069164445957617060e-01
6.870600000000000485e+00 7.087565591754015903e-01
6.910200000000000564e+00 5.743851437733149545e-01
6.949800000000000644e+00 4.698431914291175682e-01
6.989400000000000723e+00 4.127914159234044589e-01
7.029000000000000803e+00 3.853747064031560199e-01
7.068600000000000882e+00 3.872038892472965399e-01
7.108200000000000962e+00 4.175767424686842588e-01
7.147800000000000153e+00 4.719366105629734243e-01
7.187400000000000233e+00 5.563411107604686601e-01
7.227000000000000313e+00 6.629245355796861139e-01
7.266600000000000392e+00 7.970759124898152415e-01
7.306200000000000472e+00 9.394541678968247878e-01
7.345800000000000551e+00 1.075653555888525181e+00
7.385400000000000631e+00 1.195942865826623791e+00
7.425000000000000711e+00 1.278320689280648015e+00
7.464600000000000790e+00 1.320894811317673057e+00
7.504200000000000870e+00 1.312829092820465338e+00
7.543800000000000949e+00 1.274724541051027060e+00
7.583400000000001029e+00 1.207437777879501350e+00
7.623000000000001108e+00 1.128660442942935438e+00
7.662600000000000300e+00 1.055245159940478406e+00
7.702200000000000379e+00 1.008678334384713660e+00
7.741800000000000459e+00 9.664914319858475267e-01
7.781400000000000539e+00 9.452581248585515405e-01
7.821000000000000618e+00 9.314614975165698141e-01
7.860600000000000698e+00 9.111054460020592272e-01
7.900200000000000777e+00 8.864777521247535486e-01
