# time_fs vacf
0.000000000000000000e+00 8.501828951326059227e-05
5.000000000000000000e+01 -4.373883720482515350e-05
1.000000000000000000e+02 5.485522243836885008e-07
1.500000000000000000e+02 7.777218153903160677e-06
2.000000000000000000e+02 -6.687015242386250954e-06
2.500000000000000000e+02 2.427443970752558160e-06
3.000000000000000000e+02 -4.040846456533309293e-07
3.500000000000000000e+02 1.945312509348040136e-08
4.000000000000000000e+02 -1.902411999121899872e-08
4.500000000000000000e+02 1.218179835533101418e-06
5.000000000000000000e+02 1.573224574017643296e-06
5.500000000000000000e+02 -2.261131853109044133e-06
6.000000000000000000e+02 -2.507527336273053544e-07
6.500000000000000000e+02 2.001000244632156381e-06
7.000000000000000000e+02 -2.884848454599873079e-06
7.500000000000000000e+02 -1.029751102199227569e-07
8.000000000000000000e+02 1.897603203863672192e-06
8.500000000000000000e+02 -6.862425091278751132e-07
9.000000000000000000e+02 8.118944202916464592e-07
9.500000000000000000e+02 -4.079872995935686462e-07
1.000000000000000000e+03 3.168519782739387239e-07
1.050000000000000000e+03 -4.430125091098285586e-07
1.100000000000000000e+03 -3.961540708492195669e-08
1.150000000000000000e+03 7.996929313527113226e-08
1.200000000000000000e+03 -6.767912583391094003e-07
1.250000000000000000e+03 -1.780167049801179269e-07
1.300000000000000000e+03 1.012674581365142850e-06
1.350000000000000000e+03 5.446739491986606832e-08
1.400000000000000000e+03 -3.559923400931708894e-07
1.450000000000000000e+03 2.710593362090311282e-07
1.500000000000000000e+03 -2.547312762857081059e-07
1.550000000000000000e+03 1.822729908118831153e-07
1.600000000000000000e+03 3.718070960955436021e-08
1.650000000000000000e+03 -4.630078278741016523e-07
1.700000000000000000e+03 2.757241832107264084e-07
1.750000000000000000e+03 -8.400263134399929101e-07
1.800000000000000000e+03 8.534533006007334104e-07
1.850000000000000000e+03 3.301196037060124798e-07
1.900000000000000000e+03 -8.449785352828607429e-08
1.950000000000000000e+03 4.446797487098241493e-09
2.000000000000000000e+03 -3.978999167884940859e-08
2.050000000000000000e+03 -4.425396833063909339e-07
2.100000000000000000e+03 -2.962071788484099156e-07
2.150000000000000000e+03 2.804659110813114171e-07
2.200000000000000000e+03 2.195851384008940383e-07
2.250000000000000000e+03 -5.271869746162720220e-08
2.300000000000000000e+03 5.418859613173909249e-07
2.350000000000000000e+03 2.861885065664798697e-08
2.400000000000000000e+03 -3.749860205364673775e-07
2.450000000000000000e+03 -2.292734130233902659e-07
2.500000000000000000e+03 -3.320934429983858730e-07
2.550000000000000000e+03 1.350704128701105354e-07
2.600000000000000000e+03 3.894458745492635421e-07
2.650000000000000000e+03 -1.210501089438624285e-07
2.700000000000000000e+03 2.681435117317797104e-07
2.750000000000000000e+03 6.357742518316712337e-08
2.800000000000000000e+03 -1.574034921540296407e-07
2.850000000000000000e+03 8.772009482786210765e-08
2.900000000000000000e+03 -7.858977632727961734e-07
2.950000000000000000e+03 1.937548076416336166e-07
3.000000000000000000e+03 4.028583366064554148e-07
3.050000000000000000e+03 6.093760031096381193e-08
3.100000000000000000e+03 -3.928546711988262976e-07
3.150000000000000000e+03 5.070416050779200611e-07
3.200000000000000000e+03 3.038862769909546389e-07
3.250000000000000000e+03 -4.608819862880629743e-07
3.300000000000000000e+03 -2.654992035665759006e-07
3.350000000000000000e+03 1.414248779904264283e-07
3.400000000000000000e+03 -3.396996508359479912e-07
3.450000000000000000e+03 3.765162383218764353e-07
3.500000000000000000e+03 6.320810189366821927e-07
3.550000000000000000e+03 -9.035311409233202261e-07
3.600000000000000000e+03 1.763217511715884195e-07
3.650000000000000000e+03 3.956800124729892302e-07
3.700000000000000000e+03 1.546865117904480895e-07
3.750000000000000000e+03 -6.678566991614776623e-07
3.800000000000000000e+03 5.107573543403937813e-07
3.850000000000000000e+03 -3.864425993889198524e-07
3.900000000000000000e+03 -2.097366287249585535e-07
3.950000000000000000e+03 4.677789139937857446e-07
4.000000000000000000e+03 1.844893225953095869e-07
4.050000000000000000e+03 -2.415646670647527465e-07
4.100000000000000000e+03 3.661813686778847028e-07
4.150000000000000000e+03 -4.939360984624175418e-07
4.200000000000000000e+03 -1.952936140712212874e-07
4.250000000000000000e+03 3.756212834646721302e-07
4.300000000000000000e+03 3.652070808074573659e-07
4.350000000000000000e+03 -2.546011188661794876e-07
4.400000000000000000e+03 -3.613068205726224919e-07
4.450000000000000000e+03 1.686814658478504129e-08
4.500000000000000000e+03 9.434866644008528451e-08
4.550000000000000000e+03 2.298504270864166015e-07
4.600000000000000000e+03 4.016067830829431978e-07
4.650000000000000000e+03 -7.912575691852380343e-08
4.700000000000000000e+03 -1.040458986165916088e-06
4.750000000000000000e+03 6.273868755784109020e-07
4.800000000000000000e+03 1.434006315204996149e-07
4.850000000000000000e+03 -3.792643097266311146e-07
4.900000000000000000e+03 3.934414236907437564e-07
4.950000000000000000e+03 -5.813212840553995472e-08
5.000000000000000000e+03 -8.123036041110623895e-08
5.050000000000000000e+03 -4.873761907681321960e-08
5.100000000000000000e+03 2.950313579457533283e-07
5.150000000000000000e+03 -5.219075498116533297e-07
5.200000000000000000e+03 -1.286842014951089728e-07
5.250000000000000000e+03 2.743822840320552466e-07
5.300000000000000000e+03 1.911560243145569369e-07
5.350000000000000000e+03 -2.495743257985825002e-07
5.400000000000000000e+03 4.885759154291158408e-07
5.450000000000000000e+03 -3.155365927413694028e-07
5.500000000000000000e+03 1.306120092661865579e-09
5.550000000000000000e+03 7.940868382226143703e-08
5.600000000000000000e+03 -4.348163654332787611e-07
5.650000000000000000e+03 -1.049415795865605841e-07
5.700000000000000000e+03 5.147564480480028570e-07
5.750000000000000000e+03 -3.456526215569420099e-07
5.800000000000000000e+03 7.028693728952379546e-07
5.850000000000000000e+03 -4.473929473759657192e-07
5.900000000000000000e+03 -4.740356012802908709e-08
5.950000000000000000e+03 2.295555380269237224e-07
6.000000000000000000e+03 -6.537450447536995607e-07
6.050000000000000000e+03 2.073132226795943160e-07
6.100000000000000000e+03 1.104655003954347282e-07
6.150000000000000000e+03 -4.440963522590718178e-07
6.200000000000000000e+03 1.357381663732206189e-06
6.250000000000000000e+03 -1.357237998045183582e-06
6.300000000000000000e+03 9.576194945138922808e-07
6.350000000000000000e+03 -5.812457025653488781e-07
6.400000000000000000e+03 -3.025189361049284993e-08
6.450000000000000000e+03 6.613907972959257313e-08
6.500000000000000000e+03 -6.757237033544731812e-08
6.550000000000000000e+03 2.646713515974051685e-07
6.600000000000000000e+03 1.223420453812708930e-07
6.650000000000000000e+03 -6.385071253509141213e-07
6.700000000000000000e+03 3.112186624461024158e-07
6.750000000000000000e+03 -9.346185903001983839e-08
6.800000000000000000e+03 1.015252701857645204e-07
6.850000000000000000e+03 3.359370538585118644e-07
6.900000000000000000e+03 -9.314339496859535930e-08
6.950000000000000000e+03 -3.429645272232355389e-07
7.000000000000000000e+03 -2.622622644752995426e-07
7.050000000000000000e+03 5.236203775274771590e-08
7.100000000000000000e+03 1.912349483319531928e-07
7.150000000000000000e+03 -1.075048105000362996e-07
7.200000000000000000e+03 6.013536874003360428e-07
7.250000000000000000e+03 -8.409324810831565598e-07
7.300000000000000000e+03 7.493279593509309993e-07
7.350000000000000000e+03 -1.035066004778213373e-07
7.400000000000000000e+03 -3.955190176585316064e-07
7.450000000000000000e+03 3.205455517437470761e-08
7.500000000000000000e+03 4.582347960944267842e-07
7.550000000000000000e+03 -8.172168135333134252e-07
7.600000000000000000e+03 1.324731338213417535e-07
7.650000000000000000e+03 4.097689809762396194e-07
7.700000000000000000e+03 8.309275245301542769e-07
7.750000000000000000e+03 -4.471327568966912060e-07
7.800000000000000000e+03 -9.249841798266241454e-07
7.850000000000000000e+03 5.703514441407356017e-07
7.900000000000000000e+03 -6.925655261684916684e-09
7.950000000000000000e+03 -1.381038713122143449e-07
8.000000000000000000e+03 -4.149862665047771550e-07
8.050000000000000000e+03 5.727141590893683784e-07
8.100000000000000000e+03 -2.318082039941430905e-07
8.150000000000000000e+03 6.548262532788859234e-07
8.200000000000000000e+03 -4.337742926906670694e-07
8.250000000000000000e+03 -4.628517264394107885e-07
8.300000000000000000e+03 4.269036333088878898e-09
8.350000000000000000e+03 9.169059615589837060e-07
8.400000000000000000e+03 -8.432996126045592935e-07
8.450000000000000000e+03 -7.318512712441501368e-07
8.500000000000000000e+03 2.083040488319533988e-06
8.550000000000000000e+03 -1.332374385053200535e-06
8.600000000000000000e+03 5.133790905478844714e-08
8.650000000000000000e+03 3.747092428368708827e-07
8.700000000000000000e+03 -1.210479043321785481e-06
8.750000000000000000e+03 1.691899049187510536e-06
8.800000000000000000e+03 -1.884784331890452975e-07
8.850000000000000000e+03 -4.865334660064364738e-07
8.900000000000000000e+03 5.423471795532863879e-07
8.950000000000000000e+03 -7.243963676808494818e-07
9.000000000000000000e+03 -5.186459717190125976e-07
9.050000000000000000e+03 9.239937403021375706e-08
9.100000000000000000e+03 1.653087015568594701e-06
9.150000000000000000e+03 -6.517948426887229958e-07
9.200000000000000000e+03 -8.306261738824538615e-07
9.250000000000000000e+03 1.076774024572317516e-06
9.300000000000000000e+03 -8.082561235730846822e-08
9.350000000000000000e+03 1.800689288571022362e-07
9.400000000000000000e+03 -7.723024013481412629e-07
9.450000000000000000e+03 -1.140092152494885152e-06
9.500000000000000000e+03 9.528485558127783641e-07
9.550000000000000000e+03 5.896165296979431481e-07
9.600000000000000000e+03 4.719778863050444928e-07
9.650000000000000000e+03 -1.346569393287801879e-06
9.700000000000000000e+03 1.226915072294081682e-06
9.750000000000000000e+03 -1.036044615106114875e-06
9.800000000000000000e+03 -6.362944599158178102e-07
9.850000000000000000e+03 -6.406852145245053579e-08
9.900000000000000000e+03 1.775446750733694165e-06
9.950000000000000000e+03 -1.417992730739384070e-06
1.000000000000000000e+04 -3.776173336004764556e-07
