# r_A g_r
2.033437500000000175e-02 0.000000000000000000e+00
6.100312500000000526e-02 0.000000000000000000e+00
1.016718750000000088e-01 0.000000000000000000e+00
1.423406249999999984e-01 0.000000000000000000e+00
1.830093750000000297e-01 0.000000000000000000e+00
2.236781250000000054e-01 0.000000000000000000e+00
2.643468749999999812e-01 0.000000000000000000e+00
3.050156250000000124e-01 0.000000000000000000e+00
3.456843750000000437e-01 0.000000000000000000e+00
3.863531250000000750e-01 0.000000000000000000e+00
4.270218749999999952e-01 0.000000000000000000e+00
4.676906250000000265e-01 0.000000000000000000e+00
5.083593750000000577e-01 0.000000000000000000e+00
5.490281249999999780e-01 0.000000000000000000e+00
5.896968750000000092e-01 0.000000000000000000e+00
6.303656250000000405e-01 0.000000000000000000e+00
6.710343750000000718e-01 0.000000000000000000e+00
7.117031250000001030e-01 0.000000000000000000e+00
7.523718750000001343e-01 0.000000000000000000e+00
7.930406250000000545e-01 0.000000000000000000e+00
8.337093750000000858e-01 0.000000000000000000e+00
8.743781250000000060e-01 0.000000000000000000e+00
9.150468750000000373e-01 0.000000000000000000e+00
9.557156250000000686e-01 0.000000000000000000e+00
9.963843750000000998e-01 0.000000000000000000e+00
1.037053125000000131e+00 0.000000000000000000e+00
1.077721875000000162e+00 0.000000000000000000e+00
1.118390624999999972e+00 0.000000000000000000e+00
1.159059375000000003e+00 0.000000000000000000e+00
1.199728125000000034e+00 0.000000000000000000e+00
1.240396875000000065e+00 0.000000000000000000e+00
1.281065625000000097e+00 0.000000000000000000e+00
1.321734375000000128e+00 0.000000000000000000e+00
1.362403125000000159e+00 0.000000000000000000e+00
1.403071875000000190e+00 0.000000000000000000e+00
1.443740625000000222e+00 0.000000000000000000e+00
1.484409375000000253e+00 0.000000000000000000e+00
1.525078125000000062e+00 0.000000000000000000e+00
1.565746875000000093e+00 0.000000000000000000e+00
1.606415625000000125e+00 0.000000000000000000e+00
1.647084375000000156e+00 0.000000000000000000e+00
1.687753125000000187e+00 0.000000000000000000e+00
1.728421875000000218e+00 0.000000000000000000e+00
1.769090625000000028e+00 0.000000000000000000e+00
1.809759375000000059e+00 0.000000000000000000e+00
1.850428125000000090e+00 0.000000000000000000e+00
1.891096875000000122e+00 0.000000000000000000e+00
1.931765625000000153e+00 0.000000000000000000e+00
1.972434375000000184e+00 0.000000000000000000e+00
2.013103125000000215e+00 1.134817732363283069e-03
2.053771875000000247e+00 1.133932216320776565e-02
2.094440625000000278e+00 6.248392650161139344e-02
2.135109375000000309e+00 2.100383653021883623e-01
2.175778125000000340e+00 5.070096717332880365e-01
2.216446875000000372e+00 9.651663497461667740e-01
2.257115624999999959e+00 1.556280251407738069e+00
2.297784374999999990e+00 2.200690243949878777e+00
2.338453125000000021e+00 2.704601954352735316e+00
2.379121875000000053e+00 3.136422678501292083e+00
2.419790625000000084e+00 3.327986403945955463e+00
2.460459375000000115e+00 3.403859527978621902e+00
2.501128125000000146e+00 3.294358932419390484e+00
2.541796875000000178e+00 3.133405841910878120e+00
2.582465625000000209e+00 2.873026285008418945e+00
2.623134375000000240e+00 2.586325348404312496e+00
2.663803125000000271e+00 2.265365948588537570e+00
2.704471875000000303e+00 1.942654091174175424e+00
2.745140625000000334e+00 1.655688984249298112e+00
2.785809375000000365e+00 1.394663936175586816e+00
2.826478125000000396e+00 1.159036108946567722e+00
2.867146875000000428e+00 9.555899419011087970e-01
2.907815625000000459e+00 8.000867907030623227e-01
2.948484375000000490e+00 6.470270899601932024e-01
2.989153125000000077e+00 5.344739127648857613e-01
3.029821875000000109e+00 4.539918155349587647e-01
3.070490625000000140e+00 3.865334426820248859e-01
3.111159375000000171e+00 3.515971617848041020e-01
3.151828125000000203e+00 3.443877261078276963e-01
3.192496875000000234e+00 3.363913699335627228e-01
3.233165625000000265e+00 3.475596451867056791e-01
3.273834375000000296e+00 3.767807685342054458e-01
3.314503125000000328e+00 4.002019367201350430e-01
3.355171875000000359e+00 4.440768750284000421e-01
3.395840625000000390e+00 4.808823527455779456e-01
3.436509375000000421e+00 5.252944931777789872e-01
3.477178125000000453e+00 5.575438107586430103e-01
3.517846875000000484e+00 5.904741114779897826e-01
3.558515625000000071e+00 6.141715496758456405e-01
3.599184375000000102e+00 6.173402269992224189e-01
3.639853125000000134e+00 6.252828102737096883e-01
3.680521875000000165e+00 6.232534889198657613e-01
3.721190625000000196e+00 6.153509354300485956e-01
3.761859375000000227e+00 5.999081228976370639e-01
3.802528125000000259e+00 5.886393818687301049e-01
3.843196875000000290e+00 5.897606582566545796e-01
3.883865625000000321e+00 5.961025183721360143e-01
3.924534375000000352e+00 6.284519607954663911e-01
3.965203125000000384e+00 6.740684375260974637e-01
4.005871875000000415e+00 7.481770527925599712e-01
4.046540625000000446e+00 8.493215360964379013e-01
4.087209375000000477e+00 9.713093812653116332e-01
4.127878125000000509e+00 1.104893553420650543e+00
4.168546875000000540e+00 1.249805277088900102e+00
4.209215625000000571e+00 1.384602484885896434e+00
4.249884375000000603e+00 1.515589004521859628e+00
4.290553125000000634e+00 1.624146193596625487e+00
4.331221875000000665e+00 1.689104494672785117e+00
4.371890625000000696e+00 1.744710911766907291e+00
4.412559375000000728e+00 1.745293932819139471e+00
4.453228125000000759e+00 1.713933023920941601e+00
4.493896875000000790e+00 1.655314995626919083e+00
4.534565625000000821e+00 1.573688530807443975e+00
4.575234374999999964e+00 1.467117421174783942e+00
4.615903124999999996e+00 1.360609299671342587e+00
4.656571875000000027e+00 1.259172620144877630e+00
4.697240625000000058e+00 1.159112095654081021e+00
4.737909375000000090e+00 1.078983976677799550e+00
4.778578125000000121e+00 1.001806905943222636e+00
4.819246875000000152e+00 9.633863943433421673e-01
4.859915625000000183e+00 9.156110676942489368e-01
4.900584375000000215e+00 8.889682795959118478e-01
4.941253125000000246e+00 8.744141117050183709e-01
4.981921875000000277e+00 8.571388609788240798e-01
5.022590625000000308e+00 8.454472554674582474e-01
5.063259375000000340e+00 8.344317751188311538e-01
5.103928125000000371e+00 8.301906996314688536e-01
5.144596875000000402e+00 8.237026243064036191e-01
5.185265625000000433e+00 8.203769062794862288e-01
5.225934375000000465e+00 8.142591772130294281e-01
5.266603125000000496e+00 8.210153923961984734e-01
5.307271875000000527e+00 8.316168337696989710e-01
5.347940625000000558e+00 8.433939825674993118e-01
5.388609375000000590e+00 8.673768897106299836e-01
5.429278125000000621e+00 8.925930865384520407e-01
5.469946875000000652e+00 9.250050972770317292e-01
5.510615625000000684e+00 9.648778629501212345e-01
5.551284375000000715e+00 9.996518410670701682e-01
5.591953125000000746e+00 1.021682396284290695e+00
5.632621875000000777e+00 1.037596883085154076e+00
5.673290625000000809e+00 1.048908015059501153e+00
5.713959375000000840e+00 1.035016086934194002e+00
5.754628125000000871e+00 1.027729507693225575e+00
5.795296875000000902e+00 1.009480653449150944e+00
5.835965625000000934e+00 9.647947736467260560e-01
5.876634375000000077e+00 9.247605434263512780e-01
5.917303125000000108e+00 8.862967617703543244e-01
5.957971875000000139e+00 8.402944792788911155e-01
5.998640625000000171e+00 7.950578125723356537e-01
6.039309375000000202e+00 7.524724201582628780e-01
6.079978125000000233e+00 7.229072491397421363e-01
6.120646875000000264e+00 7.128536530592598508e-01
6.161315625000000296e+00 7.035589045174048817e-01
6.201984375000000327e+00 7.026478712439074847e-01
6.242653125000000358e+00 7.275686298219714576e-01
6.283321875000000389e+00 7.615490639391027106e-01
6.323990625000000421e+00 8.246920025964509238e-01
6.364659375000000452e+00 8.849719761562008236e-01
6.405328125000000483e+00 9.608543427101924328e-01
6.445996875000000514e+00 1.037480068009684731e+00
6.486665625000000546e+00 1.141439481540484691e+00
6.527334375000000577e+00 1.225777997531076524e+00
6.568003125000000608e+00 1.310174690563423061e+00
6.608671875000000639e+00 1.386679140131795274e+00
6.649340625000000671e+00 1.430742875391586066e+00
6.690009375000000702e+00 1.472988561385473405e+00
6.730678125000000733e+00 1.492651037596799402e+00
6.771346875000000765e+00 1.478416088017184382e+00
6.812015625000000796e+00 1.443511869186627994e+00
6.852684375000000827e+00 1.386961345399956302e+00
6.893353125000000858e+00 1.320423824625941878e+00
6.934021875000000890e+00 1.247322216156006913e+00
6.974690625000000921e+00 1.162283490129005115e+00
7.015359375000000952e+00 1.071670175388914847e+00
7.056028125000000983e+00 9.958376511042986712e-01
7.096696875000001015e+00 9.181158568289919941e-01
7.137365625000001046e+00 8.515749858028939245e-01
7.178034375000000189e+00 8.047053885132993134e-01
7.218703125000000220e+00 7.722497494547009289e-01
7.259371875000000252e+00 7.589873436797457407e-01
7.300040625000000283e+00 7.581226708080476273e-01
7.340709375000000314e+00 7.661662188447703192e-01
7.381378125000000345e+00 7.929365399697956285e-01
7.422046875000000377e+00 8.261719774445981379e-01
7.462715625000000408e+00 8.637576496055096031e-01
7.503384375000000439e+00 8.994365521578260303e-01
7.544053125000000470e+00 9.437038968436186614e-01
7.584721875000000502e+00 9.700087931395114937e-01
7.625390625000000533e+00 1.005800409681987251e+00
7.666059375000000564e+00 1.020856136960733851e+00
7.706728125000000595e+00 1.039735677574634254e+00
7.747396875000000627e+00 1.043889126498683817e+00
7.788065625000000658e+00 1.041628808513625604e+00
7.828734375000000689e+00 1.038308478408544566e+00
7.869403125000000720e+00 1.029275264276930502e+00
7.910071875000000752e+00 1.012662125754339781e+00
7.950740625000000783e+00 9.930457928098597176e-01
7.991409375000000814e+00 9.774839793232257268e-01
8.032078125000001734e+00 9.562689149882738215e-01
8.072746874999999989e+00 9.400106099487123279e-01
8.113415625000001796e+00 9.212558322281294565e-01
