# time_fs vacf
0.000000000000000000e+00 1.568130989333523461e-04
5.000000000000000000e+01 -5.906089887507785254e-05
1.000000000000000000e+02 -1.356954598176549172e-05
1.500000000000000000e+02 3.925705282230596094e-06
2.000000000000000000e+02 -2.261188313720306980e-06
2.500000000000000000e+02 1.974198732904492846e-07
3.000000000000000000e+02 -9.917219833663898015e-07
3.500000000000000000e+02 -1.374399340197762513e-07
4.000000000000000000e+02 5.698877151429993307e-07
4.500000000000000000e+02 3.062668040319774021e-07
5.000000000000000000e+02 8.821216946098821625e-07
5.500000000000000000e+02 1.356252714088048052e-06
6.000000000000000000e+02 -1.664218709249996677e-07
6.500000000000000000e+02 -5.245685222946702457e-07
7.000000000000000000e+02 -8.931933346282948846e-07
7.500000000000000000e+02 3.649785424484978922e-08
8.000000000000000000e+02 -6.976816470337792538e-08
8.500000000000000000e+02 3.687605672235568301e-09
9.000000000000000000e+02 6.733280911597146450e-07
9.500000000000000000e+02 -1.887987043242664538e-07
1.000000000000000000e+03 5.268832686631917119e-07
1.050000000000000000e+03 -4.193978744069354603e-07
1.100000000000000000e+03 3.207508291174962280e-07
1.150000000000000000e+03 -9.118972531026906688e-07
1.200000000000000000e+03 -5.637672921641607511e-07
1.250000000000000000e+03 7.256906426858966102e-07
1.300000000000000000e+03 2.751477366791985751e-07
1.350000000000000000e+03 -3.496624545388532745e-07
1.400000000000000000e+03 1.764859298610737791e-07
1.450000000000000000e+03 5.625876639879069705e-07
1.500000000000000000e+03 1.567570207548661525e-07
1.550000000000000000e+03 -9.335515548242410549e-07
1.600000000000000000e+03 5.101650744873553812e-07
1.650000000000000000e+03 -8.842052709770122662e-07
1.700000000000000000e+03 -3.282597731982653987e-07
1.750000000000000000e+03 -3.326543384056799092e-08
1.800000000000000000e+03 2.323862728677861358e-07
1.850000000000000000e+03 6.122941440302134366e-07
1.900000000000000000e+03 1.538787526087457954e-07
1.950000000000000000e+03 -2.718186263873090645e-08
2.000000000000000000e+03 2.885598569590411347e-07
2.050000000000000000e+03 -5.826864994045359385e-07
2.100000000000000000e+03 -3.970631914181788604e-07
2.150000000000000000e+03 -5.135587999130673696e-08
2.200000000000000000e+03 4.785732501941416591e-07
2.250000000000000000e+03 -3.390150801622202239e-07
2.300000000000000000e+03 -4.479448942140730633e-08
2.350000000000000000e+03 3.850652743371016450e-07
2.400000000000000000e+03 -1.673973890099993910e-07
2.450000000000000000e+03 6.064692189484309165e-07
2.500000000000000000e+03 -4.558397507297782596e-08
2.550000000000000000e+03 -6.026867869462940848e-07
2.600000000000000000e+03 -4.963988076624424832e-07
2.650000000000000000e+03 4.283107537270855979e-07
2.700000000000000000e+03 1.322504420546331139e-08
2.750000000000000000e+03 -2.853728327964888731e-07
2.800000000000000000e+03 1.064617387695250371e-06
2.850000000000000000e+03 -2.256018877768985112e-07
2.900000000000000000e+03 -7.355424432979679815e-07
2.950000000000000000e+03 8.277570378360479296e-07
3.000000000000000000e+03 -3.598317684344796421e-07
3.050000000000000000e+03 -1.692276518792690257e-07
3.100000000000000000e+03 -2.870409064538995577e-07
3.150000000000000000e+03 5.307827413049075443e-07
3.200000000000000000e+03 7.956615867796698745e-08
3.250000000000000000e+03 5.880523738370102780e-07
3.300000000000000000e+03 -5.155171605950290727e-07
3.350000000000000000e+03 3.363629441216368572e-07
3.400000000000000000e+03 -7.828514137276220433e-08
3.450000000000000000e+03 -4.425550908482225424e-07
3.500000000000000000e+03 1.755886641075600787e-07
3.550000000000000000e+03 -4.487654085555607902e-07
3.600000000000000000e+03 4.557545434878884931e-07
3.650000000000000000e+03 -7.628692384225053709e-07
3.700000000000000000e+03 8.498725876748664997e-07
3.750000000000000000e+03 -3.175640366396209644e-07
3.800000000000000000e+03 3.633316183485001169e-07
3.850000000000000000e+03 -6.150176498320893331e-08
3.900000000000000000e+03 -5.898555520710398599e-08
3.950000000000000000e+03 2.407462928800674748e-07
4.000000000000000000e+03 -5.103247068476408564e-07
4.050000000000000000e+03 6.440083181573371053e-07
4.100000000000000000e+03 -5.810054067702490374e-07
4.150000000000000000e+03 6.636733564258566246e-07
4.200000000000000000e+03 -7.144511773370622855e-07
4.250000000000000000e+03 2.943409833104190393e-07
4.300000000000000000e+03 1.563525857424842204e-08
4.350000000000000000e+03 9.006460458531802307e-09
4.400000000000000000e+03 5.112044134902545093e-07
4.450000000000000000e+03 -2.899438975782267924e-07
4.500000000000000000e+03 6.248541343633632653e-08
4.550000000000000000e+03 -5.897075184071081756e-07
4.600000000000000000e+03 2.327783716942624728e-07
4.650000000000000000e+03 -5.675895989256773357e-08
4.700000000000000000e+03 6.385130311138312802e-09
4.750000000000000000e+03 6.682069029350714981e-07
4.800000000000000000e+03 4.544634034616562668e-07
4.850000000000000000e+03 -1.264189943422689715e-06
4.900000000000000000e+03 5.338862966628608087e-07
4.950000000000000000e+03 -3.714821354220170706e-07
5.000000000000000000e+03 5.702996002638327202e-08
5.050000000000000000e+03 4.251424516009159350e-07
5.100000000000000000e+03 -5.086316698964529671e-07
5.150000000000000000e+03 1.437495362766574887e-07
5.200000000000000000e+03 5.437737537972210175e-07
5.250000000000000000e+03 1.927791014569258662e-07
5.300000000000000000e+03 8.430317269288330961e-09
5.350000000000000000e+03 -3.074993968182176805e-07
5.400000000000000000e+03 4.389184109154588279e-07
5.450000000000000000e+03 -5.592162100918284468e-07
5.500000000000000000e+03 -7.890314190488637732e-07
5.550000000000000000e+03 6.211412806482337584e-08
5.600000000000000000e+03 -7.141799922542199761e-08
5.650000000000000000e+03 6.021905123388722848e-07
5.700000000000000000e+03 1.635492595021782173e-07
5.750000000000000000e+03 -6.898579408422211414e-08
5.800000000000000000e+03 3.605088021046204660e-07
5.850000000000000000e+03 8.171610595764415718e-07
5.900000000000000000e+03 -1.749051098743665885e-06
5.950000000000000000e+03 -4.203370324155847487e-07
6.000000000000000000e+03 9.340457446068197993e-07
6.050000000000000000e+03 -7.535314418269606862e-07
6.100000000000000000e+03 4.504939062723550139e-07
6.150000000000000000e+03 1.057455837435728446e-07
6.200000000000000000e+03 -8.033398837217770682e-08
6.250000000000000000e+03 -3.210119580268491934e-08
6.300000000000000000e+03 3.645754650740522920e-07
6.350000000000000000e+03 6.022227940296806955e-07
6.400000000000000000e+03 -1.265095754720895576e-06
6.450000000000000000e+03 -2.782191654109538643e-07
6.500000000000000000e+03 -2.301912125571720005e-07
6.550000000000000000e+03 6.765843989872936159e-07
6.600000000000000000e+03 -3.178123823496204424e-07
6.650000000000000000e+03 1.099901546589224009e-06
6.700000000000000000e+03 -4.771953404726961545e-07
6.750000000000000000e+03 -4.805535617630683433e-08
6.800000000000000000e+03 -1.806051954089048187e-08
6.850000000000000000e+03 1.147228619185376022e-07
6.900000000000000000e+03 8.539544770099383778e-07
6.950000000000000000e+03 -1.383140326689825645e-06
7.000000000000000000e+03 -1.991568151706581387e-07
7.050000000000000000e+03 8.042406397019049647e-07
7.100000000000000000e+03 2.878352197229121768e-08
7.150000000000000000e+03 6.522870111357407188e-07
7.200000000000000000e+03 -5.406362431079186605e-08
7.250000000000000000e+03 -1.033751298431011973e-06
7.300000000000000000e+03 7.903850273926989650e-07
7.350000000000000000e+03 -2.001415733752703034e-07
7.400000000000000000e+03 -1.058001638535002405e-06
7.450000000000000000e+03 1.380721146515380181e-06
7.500000000000000000e+03 -1.121376699282057276e-07
7.550000000000000000e+03 -4.283412178508457108e-07
7.600000000000000000e+03 5.998047665013295670e-07
7.650000000000000000e+03 -2.989622610934669699e-08
7.700000000000000000e+03 1.325570324643236332e-07
7.750000000000000000e+03 1.412650298652888505e-07
7.800000000000000000e+03 -7.223913933273330993e-07
7.850000000000000000e+03 7.248687319517045218e-07
7.900000000000000000e+03 -6.573280393849158098e-07
7.950000000000000000e+03 4.599396453338051070e-07
8.000000000000000000e+03 -2.361415936874909602e-07
8.050000000000000000e+03 9.915494883010879233e-07
8.100000000000000000e+03 -4.157824014878944807e-07
8.150000000000000000e+03 3.948962361913013591e-07
8.200000000000000000e+03 -1.560917597151205912e-06
8.250000000000000000e+03 1.100778126610357085e-06
8.300000000000000000e+03 -1.274854218855889535e-06
8.350000000000000000e+03 1.681628923064956113e-06
8.400000000000000000e+03 -1.432447217505882495e-06
8.450000000000000000e+03 6.559003900670890085e-08
8.500000000000000000e+03 1.984561796162065707e-06
8.550000000000000000e+03 -8.984474491690958466e-07
8.600000000000000000e+03 1.572652666177114404e-06
8.650000000000000000e+03 -1.339510001303790073e-06
8.700000000000000000e+03 6.926811256110312352e-07
8.750000000000000000e+03 -1.358408716374263890e-06
8.800000000000000000e+03 -9.598913838723303162e-07
8.850000000000000000e+03 3.618978355750065819e-07
8.900000000000000000e+03 -2.567457033737860538e-07
8.950000000000000000e+03 7.349554490092539606e-07
9.000000000000000000e+03 -9.363313927176232414e-07
9.050000000000000000e+03 2.827893094916008746e-06
9.100000000000000000e+03 -3.038699162012575418e-06
9.150000000000000000e+03 2.572864100416138997e-06
9.200000000000000000e+03 1.088249905930242440e-07
9.250000000000000000e+03 -4.216879555839984123e-07
9.300000000000000000e+03 -3.282730146932563808e-07
9.350000000000000000e+03 7.040831099471041632e-07
9.400000000000000000e+03 -1.693208025321243745e-06
9.450000000000000000e+03 -1.279462908936878484e-06
9.500000000000000000e+03 -1.975552601541941570e-07
9.550000000000000000e+03 2.094543524204864168e-06
9.600000000000000000e+03 -2.186909948863981292e-07
9.650000000000000000e+03 -1.846162610101196191e-06
9.700000000000000000e+03 1.028616279390612483e-06
9.750000000000000000e+03 2.173833418731788505e-08
9.800000000000000000e+03 3.948358067503566701e-07
9.850000000000000000e+03 3.582399764415153070e-06
9.900000000000000000e+03 -1.541627282140243889e-07
9.950000000000000000e+03 -1.867216650349025999e-06
1.000000000000000000e+04 -3.814297775885822958e-06
