# time_fs msd_A2
0.000000000000000000e+00 0.000000000000000000e+00
5.000000000000000000e+01 3.304691191132973493e-01
1.000000000000000000e+02 7.250805005066676134e-01
1.500000000000000000e+02 1.051999251102629263e+00
2.000000000000000000e+02 1.374269963800627048e+00
2.500000000000000000e+02 1.664411588533279529e+00
3.000000000000000000e+02 2.006708314777302160e+00
3.500000000000000000e+02 2.341374228072316210e+00
4.000000000000000000e+02 2.635524756598963236e+00
4.500000000000000000e+02 2.842814991528194835e+00
5.000000000000000000e+02 3.164504240481355257e+00
5.500000000000000000e+02 3.379296733996853597e+00
6.000000000000000000e+02 3.629720307920063060e+00
6.500000000000000000e+02 3.785534820588763782e+00
7.000000000000000000e+02 3.997659549574677840e+00
7.500000000000000000e+02 4.244269639786705461e+00
8.000000000000000000e+02 4.471713592314459973e+00
8.500000000000000000e+02 4.633467137270948832e+00
9.000000000000000000e+02 4.898465832863402980e+00
9.500000000000000000e+02 5.251734066410215895e+00
1.000000000000000000e+03 5.490925736848976335e+00
1.050000000000000000e+03 5.718015676756569299e+00
1.100000000000000000e+03 5.979305005301140952e+00
1.150000000000000000e+03 6.304408151804564930e+00
1.200000000000000000e+03 6.391027634147881997e+00
1.250000000000000000e+03 6.729121568926404784e+00
1.300000000000000000e+03 7.156640651170008027e+00
1.350000000000000000e+03 7.456287086694156407e+00
1.400000000000000000e+03 7.909916860726518451e+00
1.450000000000000000e+03 8.320329118496086807e+00
1.500000000000000000e+03 8.515453690728875813e+00
1.550000000000000000e+03 8.668362253887652358e+00
1.600000000000000000e+03 8.936702689446960335e+00
1.650000000000000000e+03 9.136954010579016128e+00
1.700000000000000000e+03 9.602189418574212709e+00
1.750000000000000000e+03 9.977340817667624151e+00
1.800000000000000000e+03 1.033971238430829942e+01
1.850000000000000000e+03 1.063538030405322132e+01
1.900000000000000000e+03 1.087298396616301588e+01
1.950000000000000000e+03 1.121500758797764163e+01
2.000000000000000000e+03 1.155018898187088716e+01
2.050000000000000000e+03 1.177329720993735762e+01
2.100000000000000000e+03 1.189870031983162235e+01
2.150000000000000000e+03 1.233596520802729302e+01
2.200000000000000000e+03 1.280070264221085097e+01
2.250000000000000000e+03 1.314874821031309615e+01
2.300000000000000000e+03 1.338838578392539347e+01
2.350000000000000000e+03 1.387051087639369129e+01
2.400000000000000000e+03 1.434215301610075066e+01
2.450000000000000000e+03 1.471278012815455760e+01
2.500000000000000000e+03 1.526884913824413204e+01
2.550000000000000000e+03 1.580094572651789342e+01
2.600000000000000000e+03 1.619376983857222996e+01
2.650000000000000000e+03 1.658403439154489689e+01
2.700000000000000000e+03 1.686278095521510423e+01
2.750000000000000000e+03 1.713408054268160186e+01
2.800000000000000000e+03 1.759349473867991875e+01
2.850000000000000000e+03 1.798804597900388913e+01
2.900000000000000000e+03 1.825037656974963340e+01
2.950000000000000000e+03 1.829088438203974221e+01
3.000000000000000000e+03 1.854530678681949851e+01
3.050000000000000000e+03 1.875075017623247575e+01
3.100000000000000000e+03 1.896137230719984856e+01
3.150000000000000000e+03 1.912559211938772918e+01
3.200000000000000000e+03 1.922139154667013017e+01
3.250000000000000000e+03 1.921038396586419239e+01
3.300000000000000000e+03 1.959268189453740305e+01
3.350000000000000000e+03 1.997175340288186263e+01
3.400000000000000000e+03 2.046102727431166102e+01
3.450000000000000000e+03 2.074295692951027803e+01
3.500000000000000000e+03 2.088172447207660909e+01
3.550000000000000000e+03 2.117760600109220093e+01
3.600000000000000000e+03 2.139516764909396684e+01
3.650000000000000000e+03 2.174002466215136664e+01
3.700000000000000000e+03 2.197435882792321493e+01
3.750000000000000000e+03 2.240152639932568235e+01
3.800000000000000000e+03 2.289367780652928275e+01
3.850000000000000000e+03 2.332735910214070429e+01
3.900000000000000000e+03 2.333260262271774366e+01
3.950000000000000000e+03 2.332241411541665599e+01
4.000000000000000000e+03 2.348630501187819419e+01
4.050000000000000000e+03 2.342557644420988083e+01
4.100000000000000000e+03 2.362274356523096586e+01
4.150000000000000000e+03 2.375160933916681927e+01
4.200000000000000000e+03 2.415760880554190138e+01
4.250000000000000000e+03 2.455603371099992316e+01
4.300000000000000000e+03 2.475033438305601763e+01
4.350000000000000000e+03 2.534107939734113302e+01
4.400000000000000000e+03 2.573376000098582850e+01
4.450000000000000000e+03 2.595315602739328398e+01
4.500000000000000000e+03 2.620442086306317364e+01
4.550000000000000000e+03 2.647134609474241884e+01
4.600000000000000000e+03 2.666560419278915006e+01
4.650000000000000000e+03 2.708552047669330420e+01
4.700000000000000000e+03 2.701019721379975280e+01
4.750000000000000000e+03 2.711713573617674911e+01
4.800000000000000000e+03 2.734886325932011886e+01
4.850000000000000000e+03 2.797194967675073229e+01
4.900000000000000000e+03 2.814255173515449471e+01
4.950000000000000000e+03 2.847675189010433527e+01
5.000000000000000000e+03 2.918151121853215457e+01
5.050000000000000000e+03 2.973241747427994142e+01
5.100000000000000000e+03 3.004994612130753495e+01
5.150000000000000000e+03 3.020164500348561631e+01
5.200000000000000000e+03 3.028693575803381677e+01
5.250000000000000000e+03 3.046341004032070998e+01
5.300000000000000000e+03 3.073818840193694157e+01
5.350000000000000000e+03 3.083164250649668858e+01
5.400000000000000000e+03 3.120087201150125722e+01
5.450000000000000000e+03 3.145452554451954441e+01
5.500000000000000000e+03 3.180902477723696009e+01
5.550000000000000000e+03 3.190642564177040086e+01
5.600000000000000000e+03 3.178192824979174347e+01
5.650000000000000000e+03 3.162175363257687977e+01
5.700000000000000000e+03 3.189659779680003382e+01
5.750000000000000000e+03 3.229959235497564407e+01
5.800000000000000000e+03 3.270320275295068058e+01
5.850000000000000000e+03 3.283057822639454315e+01
5.900000000000000000e+03 3.324544046102628414e+01
5.950000000000000000e+03 3.357564441778245623e+01
6.000000000000000000e+03 3.373035601206330369e+01
6.050000000000000000e+03 3.381914882604127826e+01
6.100000000000000000e+03 3.380982814628324462e+01
6.150000000000000000e+03 3.418718637291016194e+01
6.200000000000000000e+03 3.425692553829870235e+01
6.250000000000000000e+03 3.442574232450779448e+01
6.300000000000000000e+03 3.474627667566379330e+01
6.350000000000000000e+03 3.497991717928196209e+01
6.400000000000000000e+03 3.520802571772314593e+01
6.450000000000000000e+03 3.542088005913063853e+01
6.500000000000000000e+03 3.532791680351799357e+01
6.550000000000000000e+03 3.535330559519136528e+01
6.600000000000000000e+03 3.537756687517210707e+01
6.650000000000000000e+03 3.578566299972709430e+01
6.700000000000000000e+03 3.593120388022332889e+01
6.750000000000000000e+03 3.647791468103349644e+01
6.800000000000000000e+03 3.646897186697871263e+01
6.850000000000000000e+03 3.668742597152495222e+01
6.900000000000000000e+03 3.722330423121012188e+01
6.950000000000000000e+03 3.734892564133413373e+01
7.000000000000000000e+03 3.780658096225498355e+01
7.050000000000000000e+03 3.771157678126265722e+01
7.100000000000000000e+03 3.799254838285481384e+01
7.150000000000000000e+03 3.852865095370080439e+01
7.200000000000000000e+03 3.878494451955052114e+01
7.250000000000000000e+03 3.905641095793241391e+01
7.300000000000000000e+03 3.905610506384153524e+01
7.350000000000000000e+03 3.919204262032525321e+01
7.400000000000000000e+03 3.950762525575882478e+01
7.450000000000000000e+03 3.984344198910976331e+01
7.500000000000000000e+03 3.997438756141971794e+01
7.550000000000000000e+03 4.001752270231364150e+01
7.600000000000000000e+03 4.015149466083571639e+01
7.650000000000000000e+03 4.040730076938141480e+01
7.700000000000000000e+03 4.081179402846507287e+01
7.750000000000000000e+03 4.100540880175363867e+01
7.800000000000000000e+03 4.156892746268320593e+01
7.850000000000000000e+03 4.185743885835944411e+01
7.900000000000000000e+03 4.165430013542263765e+01
7.950000000000000000e+03 4.190092927886066576e+01
8.000000000000000000e+03 4.175216937873063472e+01
8.050000000000000000e+03 4.164968357698852230e+01
8.100000000000000000e+03 4.185136039407549902e+01
8.150000000000000000e+03 4.212766890035584311e+01
8.200000000000000000e+03 4.217187169164858318e+01
8.250000000000000000e+03 4.243016815369153250e+01
8.300000000000000000e+03 4.263973030388449104e+01
8.350000000000000000e+03 4.269400926560501119e+01
8.400000000000000000e+03 4.308844639598794402e+01
8.450000000000000000e+03 4.335568246163234107e+01
8.500000000000000000e+03 4.350117672056084217e+01
8.550000000000000000e+03 4.342377707378761897e+01
8.600000000000000000e+03 4.364052917725364722e+01
8.650000000000000000e+03 4.405595410866467887e+01
8.700000000000000000e+03 4.429449911298532783e+01
8.750000000000000000e+03 4.456933118280472428e+01
8.800000000000000000e+03 4.491275693862677088e+01
8.850000000000000000e+03 4.516043627924034354e+01
8.900000000000000000e+03 4.529627991156250033e+01
8.950000000000000000e+03 4.569476211249104125e+01
9.000000000000000000e+03 4.586322232802766052e+01
9.050000000000000000e+03 4.613923900392578048e+01
9.100000000000000000e+03 4.624281055526812167e+01
9.150000000000000000e+03 4.656194027173181382e+01
9.200000000000000000e+03 4.677448496261781941e+01
9.250000000000000000e+03 4.720999835299173952e+01
9.300000000000000000e+03 4.725425354978028736e+01
9.350000000000000000e+03 4.748735498360528595e+01
9.400000000000000000e+03 4.800779714522499830e+01
9.450000000000000000e+03 4.770622350171483816e+01
9.500000000000000000e+03 4.805644789051266486e+01
9.550000000000000000e+03 4.810220104458196744e+01
9.600000000000000000e+03 4.798048449403653137e+01
9.650000000000000000e+03 4.804676637038066644e+01
9.700000000000000000e+03 4.826360496721267879e+01
9.750000000000000000e+03 4.847428234347589893e+01
9.800000000000000000e+03 4.850882919001277571e+01
9.850000000000000000e+03 4.857732532755080967e+01
9.900000000000000000e+03 4.883134014041127102e+01
9.950000000000000000e+03 4.880968983753842139e+01
1.000000000000000000e+04 4.911309537910636891e+01
