# time_fs msd_A2
0.000000000000000000e+00 0.000000000000000000e+00
5.000000000000000000e+01 3.585525628316157953e-02
1.000000000000000000e+02 3.418529750290206365e-02
1.500000000000000000e+02 2.761436990848354853e-02
2.000000000000000000e+02 2.879077727169022244e-02
2.500000000000000000e+02 2.621276337965403394e-02
3.000000000000000000e+02 3.283573637666274692e-02
3.500000000000000000e+02 2.883950354265946495e-02
4.000000000000000000e+02 2.678863978412025088e-02
4.500000000000000000e+02 2.593422833625784116e-02
5.000000000000000000e+02 2.910322760121285615e-02
5.500000000000000000e+02 2.987695178790813338e-02
6.000000000000000000e+02 2.591242361202358846e-02
6.500000000000000000e+02 2.652887513207477510e-02
7.000000000000000000e+02 3.348547873936832953e-02
7.500000000000000000e+02 3.083895598078834413e-02
8.000000000000000000e+02 2.673353923126755780e-02
8.500000000000000000e+02 2.680568641732207144e-02
9.000000000000000000e+02 2.698437195693639823e-02
9.500000000000000000e+02 2.924955531965788696e-02
1.000000000000000000e+03 2.939247413884677612e-02
1.050000000000000000e+03 2.605426665995515603e-02
1.100000000000000000e+03 2.887548854330471149e-02
1.150000000000000000e+03 2.932297804938539115e-02
1.200000000000000000e+03 3.127404864609202584e-02
1.250000000000000000e+03 2.721828078004678506e-02
1.300000000000000000e+03 2.737778094935362436e-02
1.350000000000000000e+03 2.920923905394504083e-02
1.400000000000000000e+03 2.717352944518798552e-02
1.450000000000000000e+03 2.730429084582040519e-02
1.500000000000000000e+03 2.736063004489771786e-02
1.550000000000000000e+03 2.835925419095295871e-02
1.600000000000000000e+03 3.157590638108734304e-02
1.650000000000000000e+03 3.073288954819513794e-02
1.700000000000000000e+03 2.822704682165060736e-02
1.750000000000000000e+03 2.718685192064422204e-02
1.800000000000000000e+03 2.498534150546680502e-02
1.850000000000000000e+03 2.824335827813715533e-02
1.900000000000000000e+03 2.991242420598477086e-02
1.950000000000000000e+03 2.914277191283569032e-02
2.000000000000000000e+03 3.015393685211749733e-02
2.050000000000000000e+03 2.917125972245495150e-02
2.100000000000000000e+03 2.715421558916831374e-02
2.150000000000000000e+03 2.835168009971421321e-02
2.200000000000000000e+03 2.860087385729866843e-02
2.250000000000000000e+03 2.756225817279140192e-02
2.300000000000000000e+03 2.833604344041162210e-02
2.350000000000000000e+03 3.097141787696275697e-02
2.400000000000000000e+03 2.910337653494139351e-02
2.450000000000000000e+03 2.916458754640280718e-02
2.500000000000000000e+03 2.841552274460016833e-02
2.550000000000000000e+03 2.924485482073512985e-02
2.600000000000000000e+03 2.848580753509794353e-02
2.650000000000000000e+03 2.766433436211220009e-02
2.700000000000000000e+03 2.706147443537082128e-02
2.750000000000000000e+03 2.868142392692426754e-02
2.800000000000000000e+03 3.208323964916425658e-02
2.850000000000000000e+03 2.834397784014986918e-02
2.900000000000000000e+03 2.586639182267891010e-02
2.950000000000000000e+03 3.044614012207338613e-02
3.000000000000000000e+03 2.785086333126029698e-02
3.050000000000000000e+03 2.713897573136115834e-02
3.100000000000000000e+03 2.948501420771548406e-02
3.150000000000000000e+03 2.788657609573789997e-02
3.200000000000000000e+03 3.053769575753657178e-02
3.250000000000000000e+03 2.608193299729325357e-02
3.300000000000000000e+03 2.831464049950293410e-02
3.350000000000000000e+03 2.858232790369858931e-02
3.400000000000000000e+03 3.292175366636775069e-02
3.450000000000000000e+03 2.702223249531316568e-02
3.500000000000000000e+03 2.637346880060613408e-02
3.550000000000000000e+03 3.005099049896585786e-02
3.600000000000000000e+03 3.074208879697195099e-02
3.650000000000000000e+03 2.761270007103777333e-02
3.700000000000000000e+03 2.792124762744013430e-02
3.750000000000000000e+03 3.041024386613958713e-02
3.800000000000000000e+03 3.242575443090878889e-02
3.850000000000000000e+03 2.932664506245286073e-02
3.900000000000000000e+03 2.805428972980798449e-02
3.950000000000000000e+03 2.656148023377677761e-02
4.000000000000000000e+03 2.918628433264082792e-02
4.050000000000000000e+03 3.047396475670962820e-02
4.100000000000000000e+03 2.954779717587987034e-02
4.150000000000000000e+03 2.844093564742091601e-02
4.200000000000000000e+03 2.930661093857679644e-02
4.250000000000000000e+03 3.069166333243102812e-02
4.300000000000000000e+03 3.000515233373380469e-02
4.350000000000000000e+03 2.849364739021085710e-02
4.400000000000000000e+03 2.754052037436541256e-02
4.450000000000000000e+03 3.059531824237642778e-02
4.500000000000000000e+03 2.870969283990348203e-02
4.550000000000000000e+03 2.720515134297256388e-02
4.600000000000000000e+03 3.014674281459785166e-02
4.650000000000000000e+03 2.951295759614899414e-02
4.700000000000000000e+03 2.912396496695762727e-02
4.750000000000000000e+03 2.799216369638258400e-02
4.800000000000000000e+03 3.118486401687010218e-02
4.850000000000000000e+03 2.975597065099927496e-02
4.900000000000000000e+03 2.874514186443375557e-02
4.950000000000000000e+03 2.836651069423839350e-02
5.000000000000000000e+03 2.860903094124842699e-02
5.050000000000000000e+03 2.942665165254946397e-02
5.100000000000000000e+03 2.880501166028225091e-02
5.150000000000000000e+03 2.817263533146514495e-02
5.200000000000000000e+03 2.856523607807929035e-02
5.250000000000000000e+03 2.985739947097953637e-02
5.300000000000000000e+03 2.905747881392541435e-02
5.350000000000000000e+03 2.750783845411467268e-02
5.400000000000000000e+03 2.754965268376352583e-02
5.450000000000000000e+03 2.796353458156679642e-02
5.500000000000000000e+03 2.802253234680388352e-02
5.550000000000000000e+03 2.805764637700468647e-02
5.600000000000000000e+03 3.067508420117962334e-02
5.650000000000000000e+03 2.946905451078774690e-02
5.700000000000000000e+03 2.723245387356320116e-02
5.750000000000000000e+03 2.821911575060491104e-02
5.800000000000000000e+03 2.836806962713472879e-02
5.850000000000000000e+03 2.941394518102665931e-02
5.900000000000000000e+03 2.822726708173169813e-02
5.950000000000000000e+03 2.931178306871813979e-02
6.000000000000000000e+03 2.783928967132459978e-02
6.050000000000000000e+03 2.895265587865610349e-02
6.100000000000000000e+03 2.893802606439687883e-02
6.150000000000000000e+03 3.000473611930792872e-02
6.200000000000000000e+03 2.774049918260300396e-02
6.250000000000000000e+03 2.576622467205831254e-02
6.300000000000000000e+03 2.900981475290570488e-02
6.350000000000000000e+03 2.993938518202244117e-02
6.400000000000000000e+03 2.950382686387458681e-02
6.450000000000000000e+03 2.873583985006397667e-02
6.500000000000000000e+03 2.919918943724188545e-02
6.550000000000000000e+03 2.927525164732671867e-02
6.600000000000000000e+03 2.731421629187949160e-02
6.650000000000000000e+03 2.786458751982191090e-02
6.700000000000000000e+03 2.968789051035843757e-02
6.750000000000000000e+03 2.735317610321475607e-02
6.800000000000000000e+03 3.068713404224727298e-02
6.850000000000000000e+03 2.877202829806130638e-02
6.900000000000000000e+03 2.929705566581215087e-02
6.950000000000000000e+03 2.722160526635893432e-02
7.000000000000000000e+03 2.712702707982247649e-02
7.050000000000000000e+03 2.876979202997006352e-02
7.100000000000000000e+03 2.938839963744177899e-02
7.150000000000000000e+03 2.699893549934593434e-02
7.200000000000000000e+03 2.835442072273955394e-02
7.250000000000000000e+03 2.830641514308985043e-02
7.300000000000000000e+03 2.777931524693889181e-02
7.350000000000000000e+03 2.743783181836741483e-02
7.400000000000000000e+03 2.752337028885951109e-02
7.450000000000000000e+03 2.820513520559485288e-02
7.500000000000000000e+03 2.768856316684453756e-02
7.550000000000000000e+03 2.643442090968885216e-02
7.600000000000000000e+03 2.781228349155336760e-02
7.650000000000000000e+03 2.899476563773646307e-02
7.700000000000000000e+03 2.742041439345202156e-02
7.750000000000000000e+03 2.833843008288935983e-02
7.800000000000000000e+03 2.919162575986093688e-02
7.850000000000000000e+03 2.798240969260926483e-02
7.900000000000000000e+03 2.924955825969650577e-02
7.950000000000000000e+03 3.066748509372664577e-02
8.000000000000000000e+03 2.676040955108291430e-02
8.050000000000000000e+03 2.721761765466268815e-02
8.100000000000000000e+03 2.936944238806947494e-02
8.150000000000000000e+03 2.865967153296166206e-02
8.200000000000000000e+03 2.940485233557988201e-02
8.250000000000000000e+03 2.874115932990928615e-02
8.300000000000000000e+03 2.934198812153799435e-02
8.350000000000000000e+03 2.923057779333169959e-02
8.400000000000000000e+03 2.803242230814544794e-02
8.450000000000000000e+03 2.574023316576374079e-02
8.500000000000000000e+03 2.702544043581690467e-02
8.550000000000000000e+03 3.029167295575907470e-02
8.600000000000000000e+03 2.902988612084590053e-02
8.650000000000000000e+03 2.822781812778041299e-02
8.700000000000000000e+03 2.835767350280389912e-02
8.750000000000000000e+03 2.796475478259561817e-02
8.800000000000000000e+03 2.670392539374334684e-02
8.850000000000000000e+03 2.543787552274012764e-02
8.900000000000000000e+03 2.895158180785981084e-02
8.950000000000000000e+03 2.906041211622204662e-02
9.000000000000000000e+03 2.939255471211398019e-02
9.050000000000000000e+03 2.879589898164617093e-02
9.100000000000000000e+03 2.880902396841144436e-02
9.150000000000000000e+03 2.859384084554404334e-02
9.200000000000000000e+03 2.706261826725172084e-02
9.250000000000000000e+03 2.748431293437793993e-02
9.300000000000000000e+03 2.893744386267381452e-02
9.350000000000000000e+03 2.878797402574844594e-02
9.400000000000000000e+03 2.937553008643032856e-02
9.450000000000000000e+03 2.972603166538921593e-02
9.500000000000000000e+03 2.836993821352409850e-02
9.550000000000000000e+03 2.801733975527574347e-02
9.600000000000000000e+03 2.882026753145055381e-02
9.650000000000000000e+03 3.012919239354565001e-02
9.700000000000000000e+03 2.846913955162113166e-02
9.750000000000000000e+03 2.714461017190634637e-02
9.800000000000000000e+03 2.854737370655300102e-02
9.850000000000000000e+03 3.007410342711810264e-02
9.900000000000000000e+03 2.647347850174437689e-02
9.950000000000000000e+03 2.671396346424900411e-02
1.000000000000000000e+04 2.736504802952616222e-02
