# r_A g_r
2.278125000000000289e-02 0.000000000000000000e+00
6.834375000000000866e-02 0.000000000000000000e+00
1.139062500000000144e-01 0.000000000000000000e+00
1.594687500000000202e-01 0.000000000000000000e+00
2.050312500000000260e-01 0.000000000000000000e+00
2.505937500000000595e-01 0.000000000000000000e+00
2.961562500000000098e-01 0.000000000000000000e+00
3.417187500000000711e-01 0.000000000000000000e+00
3.872812500000000213e-01 0.000000000000000000e+00
4.328437500000000826e-01 0.000000000000000000e+00
4.784062500000000884e-01 0.000000000000000000e+00
5.239687500000000941e-01 0.000000000000000000e+00
5.695312500000000444e-01 0.000000000000000000e+00
6.150937499999999947e-01 0.000000000000000000e+00
6.606562500000001670e-01 0.000000000000000000e+00
7.062187500000001172e-01 0.000000000000000000e+00
7.517812500000000675e-01 0.000000000000000000e+00
7.973437500000000178e-01 0.000000000000000000e+00
8.429062500000001901e-01 0.000000000000000000e+00
8.884687500000001403e-01 0.000000000000000000e+00
9.340312500000000906e-01 0.000000000000000000e+00
9.795937500000001519e-01 0.000000000000000000e+00
1.025156250000000213e+00 0.000000000000000000e+00
1.070718750000000163e+00 0.000000000000000000e+00
1.116281250000000114e+00 0.000000000000000000e+00
1.161843750000000064e+00 0.000000000000000000e+00
1.207406250000000014e+00 0.000000000000000000e+00
1.252968750000000187e+00 0.000000000000000000e+00
1.298531250000000137e+00 0.000000000000000000e+00
1.344093750000000309e+00 0.000000000000000000e+00
1.389656250000000259e+00 0.000000000000000000e+00
1.435218750000000210e+00 0.000000000000000000e+00
1.480781250000000160e+00 0.000000000000000000e+00
1.526343750000000110e+00 0.000000000000000000e+00
1.571906250000000060e+00 0.000000000000000000e+00
1.617468750000000233e+00 0.000000000000000000e+00
1.663031250000000183e+00 0.000000000000000000e+00
1.708593750000000355e+00 0.000000000000000000e+00
1.754156250000000306e+00 0.000000000000000000e+00
1.799718750000000256e+00 0.000000000000000000e+00
1.845281250000000206e+00 0.000000000000000000e+00
1.890843750000000156e+00 0.000000000000000000e+00
1.936406250000000107e+00 0.000000000000000000e+00
1.981968750000000501e+00 0.000000000000000000e+00
2.027531250000000451e+00 0.000000000000000000e+00
2.073093750000000401e+00 0.000000000000000000e+00
2.118656250000000352e+00 0.000000000000000000e+00
2.164218750000000302e+00 0.000000000000000000e+00
2.209781250000000252e+00 0.000000000000000000e+00
2.255343750000000203e+00 0.000000000000000000e+00
2.300906250000000153e+00 0.000000000000000000e+00
2.346468750000000103e+00 0.000000000000000000e+00
2.392031250000000497e+00 0.000000000000000000e+00
2.437593750000000448e+00 0.000000000000000000e+00
2.483156250000000398e+00 0.000000000000000000e+00
2.528718750000000348e+00 0.000000000000000000e+00
2.574281250000000298e+00 7.839387372075558259e-04
2.619843750000000249e+00 2.708050092669486361e-02
2.665406250000000199e+00 2.829946683907567095e-01
2.710968750000000149e+00 1.463475187971418512e+00
2.756531250000000544e+00 4.342585445518998277e+00
2.802093750000000494e+00 7.883127222431959069e+00
2.847656250000000444e+00 9.681959962459568914e+00
2.893218750000000394e+00 8.559429580212292166e+00
2.938781250000000345e+00 5.665373212532123226e+00
2.984343750000000295e+00 2.874531815632384912e+00
3.029906250000000245e+00 1.157569323489013202e+00
3.075468750000000195e+00 3.814248489332144887e-01
3.121031250000000590e+00 1.044146103905409795e-01
3.166593750000000540e+00 2.273861443498033028e-02
3.212156250000000490e+00 3.972067553127959366e-03
3.257718750000000441e+00 9.246414304522128542e-04
3.303281250000000391e+00 0.000000000000000000e+00
3.348843750000000341e+00 0.000000000000000000e+00
3.394406250000000291e+00 0.000000000000000000e+00
3.439968750000000242e+00 0.000000000000000000e+00
3.485531250000000636e+00 0.000000000000000000e+00
3.531093750000000586e+00 0.000000000000000000e+00
3.576656250000000536e+00 4.512292017888162464e-05
3.622218750000000487e+00 2.639693507747130070e-04
3.667781250000000437e+00 1.201441922213613992e-03
3.713343750000000387e+00 6.488629727156997040e-03
3.758906250000000338e+00 2.614620055365002652e-02
3.804468750000000288e+00 8.989126083003251555e-02
3.850031250000000682e+00 2.552676553325182729e-01
3.895593750000000632e+00 5.878591619098666454e-01
3.941156250000000583e+00 1.092910387340687794e+00
3.986718750000000533e+00 1.617271200911540641e+00
4.032281250000000483e+00 1.950999607495672139e+00
4.077843750000001322e+00 1.900668128225540654e+00
4.123406250000000384e+00 1.455944322493105236e+00
4.168968750000001222e+00 9.134945746439696590e-01
4.214531250000000284e+00 4.541882949955238225e-01
4.260093750000001123e+00 1.819957066543940183e-01
4.305656250000000185e+00 6.249140178032338427e-02
4.351218750000001023e+00 1.591476649909240315e-02
4.396781250000000085e+00 3.523415753972774633e-03
4.442343750000000924e+00 5.850018984821843014e-04
4.487906249999999986e+00 5.731839828334940509e-05
4.533468750000000824e+00 8.425808889845606614e-05
4.579031249999999886e+00 9.910758382617537460e-04
4.624593750000000725e+00 6.963444726837033326e-03
4.670156249999999787e+00 3.871980010547954043e-02
4.715718750000000625e+00 1.693958947239577739e-01
4.761281250000000576e+00 5.597967854644176899e-01
4.806843750000000526e+00 1.455665883352121659e+00
4.852406250000001364e+00 2.914183301752440336e+00
4.897968750000000426e+00 4.525406336463380974e+00
4.943531250000001265e+00 5.509777515729757269e+00
4.989093750000000327e+00 5.220901532214393903e+00
5.034656250000001165e+00 3.906656341603178095e+00
5.080218750000000227e+00 2.321068129526357549e+00
5.125781250000001066e+00 1.090462518832386873e+00
5.171343750000000128e+00 4.163029310673451722e-01
5.216906250000000966e+00 1.266829163389200930e-01
5.262468750000000028e+00 3.184900705195890108e-02
5.308031250000000867e+00 6.105214465689134257e-03
5.353593749999999929e+00 1.470224440791589220e-03
5.399156250000000767e+00 2.653411511181610980e-03
5.444718750000000718e+00 1.620033618275342965e-02
5.490281250000000668e+00 7.401366594800301568e-02
5.535843750000001506e+00 2.509869684955595148e-01
5.581406250000000568e+00 6.232035823273978092e-01
5.626968750000001407e+00 1.208201098902313753e+00
5.672531250000000469e+00 1.786202435351114337e+00
5.718093750000001307e+00 2.066676109764129077e+00
5.763656250000000369e+00 1.877588116391621043e+00
5.809218750000001208e+00 1.362767792775513298e+00
5.854781250000000270e+00 7.868107249886580057e-01
5.900343750000001108e+00 3.626481544215044983e-01
5.945906250000000171e+00 1.397130648793990237e-01
5.991468750000001009e+00 4.272445780136976956e-02
6.037031250000000071e+00 1.427018310288098897e-02
6.082593750000000909e+00 2.039151848605610592e-02
6.128156249999999972e+00 6.887583650545660297e-02
6.173718750000000810e+00 2.239432587691832510e-01
6.219281250000000760e+00 5.742718891707382367e-01
6.264843750000000711e+00 1.195786677495976447e+00
6.310406250000001549e+00 2.027024802179079987e+00
6.355968750000000611e+00 2.794882840927999545e+00
6.401531250000001450e+00 3.108259840544015606e+00
6.447093750000000512e+00 2.806577578614056101e+00
6.492656250000001350e+00 2.040432335026082900e+00
6.538218750000000412e+00 1.204312334107825899e+00
6.583781250000001251e+00 5.868992795513745531e-01
6.629343750000000313e+00 2.289064740753971872e-01
6.674906250000001151e+00 7.538928406117674508e-02
6.720468750000000213e+00 2.722275496365538644e-02
6.766031250000001052e+00 3.471281352440129531e-02
6.811593750000000114e+00 9.483748877402466138e-02
6.857156250000000952e+00 2.358746657346663944e-01
6.902718750000000902e+00 4.594969554789604116e-01
6.948281250000000853e+00 7.167802185044958030e-01
6.993843750000001691e+00 8.778074864268966548e-01
7.039406250000000753e+00 8.619613395624970975e-01
7.084968750000001592e+00 6.748316342290435754e-01
7.130531250000000654e+00 4.225672784763496170e-01
7.176093750000001492e+00 2.105988263047023079e-01
7.221656250000000554e+00 9.175558504080953692e-02
7.267218750000001393e+00 5.649651623608209494e-02
7.312781250000000455e+00 1.214768015517323774e-01
7.358343750000001293e+00 3.715196409276517731e-01
7.403906250000000355e+00 9.527153718073343436e-01
7.449468750000001194e+00 1.971003034954208477e+00
7.495031250000000256e+00 3.232705825565525881e+00
7.540593750000001094e+00 4.262208320082538471e+00
7.586156250000000156e+00 4.484024951745516852e+00
7.631718750000000995e+00 3.818109756145023681e+00
7.677281250000000945e+00 2.609118138364957318e+00
7.722843750000000895e+00 1.440714868635233792e+00
7.768406250000001734e+00 6.461198713332274579e-01
7.813968750000000796e+00 2.428502500706332945e-01
7.859531250000001634e+00 9.936058190253498068e-02
7.905093750000000696e+00 9.362765686770149753e-02
7.950656250000001535e+00 1.676739640063847347e-01
7.996218750000001485e+00 2.869488478897566086e-01
8.041781250000001435e+00 4.042672780937753285e-01
8.087343750000002274e+00 4.715469830788396877e-01
8.132906250000001336e+00 4.502906596358267066e-01
8.178468750000000398e+00 3.472341292076380204e-01
8.224031250000001236e+00 2.244679601862082929e-01
8.269593750000002075e+00 1.289837586067684727e-01
8.315156250000001137e+00 1.059179858310388689e-01
8.360718750000000199e+00 1.996405791342440172e-01
8.406281250000001037e+00 4.754328003382245482e-01
8.451843750000001876e+00 9.876386323587845739e-01
8.497406250000000938e+00 1.675367261591920620e+00
8.542968750000000000e+00 2.315433723380184272e+00
8.588531250000000838e+00 2.574411802906771740e+00
8.634093750000001677e+00 2.340524160774545503e+00
8.679656250000000739e+00 1.720626814270669547e+00
8.725218749999999801e+00 1.032931950645385788e+00
8.770781250000002416e+00 5.263090102518210855e-01
8.816343750000001478e+00 2.903474437397013386e-01
8.861906250000000540e+00 3.075090028248022023e-01
8.907468750000001378e+00 5.393227059193576034e-01
8.953031250000002217e+00 9.229052640186965473e-01
8.998593750000001279e+00 1.317459210521690904e+00
9.044156250000000341e+00 1.528226462108218886e+00
9.089718750000001180e+00 1.444324304976166928e+00
