# time_fs temperature_K pressure_eV_per_A3 kinetic_energy_eV potential_energy_eV total_energy_eV
0.000000000000000000e+00 3.032181167344946857e+02 8.263660140957647393e-03 1.955779274921313160e+01 -6.848917638909938432e+02 -6.653339711417806939e+02
5.000000000000000000e+01 2.951061139671519982e+02 8.601389031284236569e-03 1.903456257215992053e+01 -6.843144835603205820e+02 -6.652799209881607112e+02
1.000000000000000000e+02 2.973796995693018062e+02 8.483650915739238477e-03 1.918121052474046095e+01 -6.844923962712997536e+02 -6.653111857465593175e+02
1.500000000000000000e+02 3.017717374347694772e+02 8.316185097924776171e-03 1.946450021483087056e+01 -6.848098003959211155e+02 -6.653453001810902379e+02
2.000000000000000000e+02 2.990255276426552768e+02 8.481698802261950637e-03 1.928736765250756235e+01 -6.846099084576860605e+02 -6.653225408051785053e+02
2.500000000000000000e+02 3.104745693628939307e+02 8.054502592199181896e-03 2.002583930965326786e+01 -6.854024142096103560e+02 -6.653765748999570633e+02
3.000000000000000000e+02 2.924208733185326992e+02 8.715512044840096825e-03 1.886136256467671046e+01 -6.839563481241872296e+02 -6.650949855595105191e+02
3.500000000000000000e+02 3.118204550304084250e+02 7.969466136932615991e-03 2.011264993044619942e+01 -6.853726344149317811e+02 -6.652599844844855852e+02
4.000000000000000000e+02 3.086135058942140290e+02 8.108646239793135604e-03 1.990579933972810522e+01 -6.850747725276622759e+02 -6.651689731879341707e+02
4.500000000000000000e+02 3.026500806441697478e+02 8.272156220684103931e-03 1.952115400134314172e+01 -6.847839861978765157e+02 -6.652628321965333953e+02
5.000000000000000000e+02 3.017237942779149762e+02 8.321630844815726055e-03 1.946140784576136440e+01 -6.847299215340091223e+02 -6.652685136882477082e+02
5.500000000000000000e+02 3.080154387636785600e+02 8.150749127183385886e-03 1.986722356755756635e+01 -6.850674521933422056e+02 -6.652002286257846890e+02
6.000000000000000000e+02 3.006268160928968882e+02 8.346976444443352655e-03 1.939065194164836115e+01 -6.846904102615768579e+02 -6.652997583199285145e+02
6.500000000000000000e+02 2.913551810504158084e+02 8.739079296775571423e-03 1.879262462533874256e+01 -6.839387507319581800e+02 -6.651461261066194766e+02
7.000000000000000000e+02 3.008812053390904566e+02 8.322094480008285222e-03 1.940706023614033882e+01 -6.848290851754369442e+02 -6.654220249392966480e+02
7.500000000000000000e+02 2.935988101957713639e+02 8.644417739837475731e-03 1.893734036430423728e+01 -6.840777896343118982e+02 -6.651404492700077071e+02
8.000000000000000000e+02 2.997865372128494528e+02 8.382086007929587940e-03 1.933645333252666987e+01 -6.847471345269516405e+02 -6.654106811944250239e+02
8.500000000000000000e+02 2.956656968378775332e+02 8.493907911964068691e-03 1.907065608111486910e+01 -6.844159157714008188e+02 -6.653452596902859568e+02
9.000000000000000000e+02 2.824094845678670254e+02 9.088531974506064773e-03 1.821562058716561339e+01 -6.834186986879938104e+02 -6.652030781008281792e+02
9.500000000000000000e+02 3.067068050819064524e+02 8.151833800811181946e-03 1.978281572739163963e+01 -6.851110887871502655e+02 -6.653282730597586578e+02
1.000000000000000000e+03 2.926513645060167619e+02 8.648359936509177059e-03 1.887622941671009613e+01 -6.841390506463566226e+02 -6.652628212296465335e+02
1.050000000000000000e+03 3.096141703678082422e+02 8.043301282919473535e-03 1.997034293823344342e+01 -6.853156695301362333e+02 -6.653453265919027899e+02
1.100000000000000000e+03 3.103453331520015013e+02 8.001897068463192583e-03 2.001750347848477318e+01 -6.854225298671040036e+02 -6.654050263886192624e+02
1.150000000000000000e+03 2.966042708636495604e+02 8.572903095040987007e-03 1.913119479982183080e+01 -6.841835150204493630e+02 -6.650523202206275073e+02
1.200000000000000000e+03 2.965027779867370441e+02 8.533375231549537518e-03 1.912464843421032512e+01 -6.842623200117511715e+02 -6.651376715775408002e+02
1.250000000000000000e+03 3.131112541051994071e+02 7.897265729477014051e-03 2.019590742527373806e+01 -6.856436181512980284e+02 -6.654477107260242974e+02
1.300000000000000000e+03 2.986953097775300989e+02 8.462210917782132802e-03 1.926606835602172296e+01 -6.845004494487050124e+02 -6.652343810926832930e+02
1.350000000000000000e+03 2.878138063095513530e+02 8.857837693135781759e-03 1.856420333582267901e+01 -6.837246423819109395e+02 -6.651604390460882996e+02
1.400000000000000000e+03 3.004964859484068711e+02 8.433724443276698415e-03 1.938224555095389334e+01 -6.846194918190681165e+02 -6.652372462681141769e+02
1.450000000000000000e+03 2.884639544550371397e+02 8.838445732587478856e-03 1.860613837196971332e+01 -6.837381716933634834e+02 -6.651320333213938056e+02
1.500000000000000000e+03 2.999253913779543268e+02 8.410761087554573939e-03 1.934540952885402731e+01 -6.847135089036980844e+02 -6.653680993748440642e+02
1.550000000000000000e+03 3.037789999064477229e+02 8.232218321379955114e-03 1.959397012855878728e+01 -6.849961975649420083e+02 -6.654022274363832139e+02
1.600000000000000000e+03 2.889022315150673421e+02 8.824659073437707626e-03 1.863440756643315055e+01 -6.836924474710951927e+02 -6.650580399046619959e+02
1.650000000000000000e+03 2.939641202098726467e+02 8.664031201069287078e-03 1.896090313034852670e+01 -6.840872122674223874e+02 -6.651263091370738039e+02
1.700000000000000000e+03 2.985723198751927043e+02 8.441213259852789821e-03 1.925813541637396753e+01 -6.846233636285963939e+02 -6.653652282122224051e+02
1.750000000000000000e+03 2.984299705697802665e+02 8.454890489844640172e-03 1.924895378091223108e+01 -6.845458789853583994e+02 -6.652969252044462110e+02
1.800000000000000000e+03 3.150859346404133703e+02 7.844204139172524654e-03 2.032327578000643697e+01 -6.855433971453916229e+02 -6.652201213653852392e+02
1.850000000000000000e+03 3.152674971106670228e+02 7.829171730915683233e-03 2.033498669359727984e+01 -6.856802567416639249e+02 -6.653452700480665953e+02
1.900000000000000000e+03 2.971685127084266469e+02 8.523955438545146104e-03 1.916758881604826570e+01 -6.844702165282924398e+02 -6.653026277122442025e+02
1.950000000000000000e+03 3.022566808180716293e+02 8.329684454804996141e-03 1.949577942165356248e+01 -6.847386967553184149e+02 -6.652429173336648773e+02
2.000000000000000000e+03 2.920110262835406161e+02 8.718659969644404831e-03 1.883492712785130152e+01 -6.841176484270148421e+02 -6.652827212991635406e+02
2.050000000000000000e+03 2.940875470893284955e+02 8.613878097059751021e-03 1.896886425534355070e+01 -6.841861704017908323e+02 -6.652173061464472994e+02
2.100000000000000000e+03 2.976349713256275891e+02 8.473577190499308534e-03 1.919767574178855085e+01 -6.844349051884342998e+02 -6.652372294466457561e+02
2.150000000000000000e+03 3.015727044568284896e+02 8.318868571143561361e-03 1.945166244057532623e+01 -6.847514852322519801e+02 -6.652998227916766609e+02
2.200000000000000000e+03 3.063578141592840325e+02 8.137454981484212174e-03 1.976030555481516870e+01 -6.851796060929453915e+02 -6.654193005381301873e+02
2.250000000000000000e+03 2.937657118416387902e+02 8.680729571775461922e-03 1.894810564388097163e+01 -6.840033075885281733e+02 -6.650552019446472514e+02
2.300000000000000000e+03 3.104104990718879549e+02 8.043517562287752845e-03 2.002170672850550659e+01 -6.852049123143772249e+02 -6.651832055858717467e+02
2.350000000000000000e+03 3.068236284592164793e+02 8.099712011965461839e-03 1.979035092161518605e+01 -6.849422632474312422e+02 -6.651519123258160562e+02
2.400000000000000000e+03 2.998703356044404131e+02 8.378502652376501256e-03 1.934185839075044200e+01 -6.846928815319695332e+02 -6.653510231412191160e+02
2.450000000000000000e+03 3.022206621679009118e+02 8.303446284038836639e-03 1.949345619208294522e+01 -6.848217432234519038e+02 -6.653282870313689727e+02
2.500000000000000000e+03 2.969883014988242849e+02 8.564968487223101334e-03 1.915596505976864350e+01 -6.842140467432728883e+02 -6.650580816835042697e+02
2.550000000000000000e+03 2.986940510722952808e+02 8.516084914548362542e-03 1.926598716860330640e+01 -6.843325802948257888e+02 -6.650665931262225286e+02
2.600000000000000000e+03 2.942247928098472585e+02 8.649009726285447619e-03 1.897771670580571524e+01 -6.842775539252920680e+02 -6.652998372194863350e+02
2.650000000000000000e+03 2.878364379564462183e+02 8.832880377225594062e-03 1.856566309378275648e+01 -6.837915421675572816e+02 -6.652258790737745358e+02
2.700000000000000000e+03 3.025582550840678664e+02 8.348811771620704217e-03 1.951523118481458496e+01 -6.846785534121992214e+02 -6.651633222273845831e+02
2.750000000000000000e+03 3.141921354309030789e+02 7.865154683732918442e-03 2.026562507005786173e+01 -6.854858466039212317e+02 -6.652202215338634232e+02
2.800000000000000000e+03 3.004755902801335310e+02 8.415267746079634417e-03 1.938089776489860228e+01 -6.846893250497251984e+02 -6.653084272848266210e+02
2.850000000000000000e+03 2.931606961501876185e+02 8.717978436772098882e-03 1.890908168439313641e+01 -6.841975635926776249e+02 -6.652884819082844388e+02
2.900000000000000000e+03 2.970205419806049463e+02 8.530892630594574810e-03 1.915804459468427368e+01 -6.844920458221205308e+02 -6.653340012274362607e+02
2.950000000000000000e+03 2.933797024065100914e+02 8.678694529608845312e-03 1.892320774987387111e+01 -6.840239904922426604e+02 -6.651007827423687786e+02
3.000000000000000000e+03 3.092639891814779389e+02 8.030583786795044907e-03 1.994775599276765377e+01 -6.852022011297494828e+02 -6.652544451369818717e+02
3.050000000000000000e+03 3.008800140772361829e+02 8.343683700661146466e-03 1.940698339886984058e+01 -6.848548447781695359e+02 -6.654478613792996384e+02
3.100000000000000000e+03 2.898277035318608910e+02 8.785637191336174989e-03 1.869410119587249497e+01 -6.838831014439566616e+02 -6.651890002480841986e+02
3.150000000000000000e+03 3.091858992428277020e+02 8.085933403060047153e-03 1.994271913397976803e+01 -6.852142233541693486e+02 -6.652715042201896267e+02
3.200000000000000000e+03 2.921720804376477645e+02 8.715983350752866052e-03 1.884531523988546908e+01 -6.837925806818716410e+02 -6.649472654419861328e+02
3.250000000000000000e+03 3.178966795563010237e+02 7.714302588253092209e-03 2.050457090553473449e+01 -6.859979923081119750e+02 -6.654934214025772690e+02
3.300000000000000000e+03 2.948155242450470155e+02 8.574969065428183698e-03 1.901581932020259202e+01 -6.842731656628113797e+02 -6.652573463426087983e+02
3.350000000000000000e+03 2.993706527055691708e+02 8.445136878391485205e-03 1.930962847427415596e+01 -6.844958963920546466e+02 -6.651862679177804694e+02
3.400000000000000000e+03 2.982964513906796924e+02 8.546984468345657920e-03 1.924034169512719572e+01 -6.841677732906273377e+02 -6.649274315955001384e+02
3.450000000000000000e+03 3.147689275945111262e+02 7.786685119439472856e-03 2.030282859112944394e+01 -6.857877170530398416e+02 -6.654848884619103728e+02
3.500000000000000000e+03 3.057075467115187166e+02 8.204161395114628261e-03 1.971836282358288628e+01 -6.850695405453263902e+02 -6.653511777217435110e+02
3.550000000000000000e+03 3.008706717779252244e+02 8.414030080290594779e-03 1.940638081365595724e+01 -6.845755207028414588e+02 -6.651691398891855442e+02
3.600000000000000000e+03 2.874987899503722133e+02 8.875227572455046329e-03 1.854388454771137162e+01 -6.834940154399615722e+02 -6.649501308922501721e+02
3.650000000000000000e+03 3.064213964444886642e+02 8.201902270432886652e-03 1.976440665922788043e+01 -6.849591433849213900e+02 -6.651947367256934740e+02
3.700000000000000000e+03 3.024187423848698586e+02 8.311744577915725074e-03 1.950623251255125723e+01 -6.847749257907948959e+02 -6.652686932782436315e+02
3.750000000000000000e+03 3.047306048213546887e+02 8.228972541168786195e-03 1.965534934925086574e+01 -6.849809216953638042e+02 -6.653255723461129492e+02
3.800000000000000000e+03 2.894574389129290921e+02 8.879886847748886744e-03 1.867021885415286775e+01 -6.835805060495290491e+02 -6.649102871953762133e+02
3.850000000000000000e+03 3.016447184639976626e+02 8.362089683015314079e-03 1.945630739728973069e+01 -6.847136159832612066e+02 -6.652573085859714865e+02
3.900000000000000000e+03 2.949230098170306746e+02 8.627751103578903610e-03 1.902275221907758862e+01 -6.842516020220297150e+02 -6.652288498029521406e+02
3.950000000000000000e+03 3.146185301952563691e+02 7.868899069168202795e-03 2.029312784766357325e+01 -6.856812892898444716e+02 -6.653881614421809445e+02
4.000000000000000000e+03 2.898274657101151774e+02 8.779090083812989345e-03 1.869408585619403240e+01 -6.837153044586844999e+02 -6.650212186024904213e+02
4.050000000000000000e+03 2.859891833100435292e+02 8.981394556348417171e-03 1.844651380310564548e+01 -6.834563213343250254e+02 -6.650098075312193941e+02
4.100000000000000000e+03 2.853634837626010494e+02 8.989993982305719347e-03 1.840615571961134123e+01 -6.834955751346969919e+02 -6.650894194150856720e+02
4.150000000000000000e+03 2.916796399747573219e+02 8.670397320938239352e-03 1.881355246588548624e+01 -6.842215488447093321e+02 -6.654079963788238956e+02
4.200000000000000000e+03 3.103452312867135561e+02 8.031718084730458951e-03 2.001749690809837290e+01 -6.852320792998104935e+02 -6.652145823917121561e+02
4.250000000000000000e+03 3.072581742011947767e+02 8.171046927228472340e-03 1.981837944330509060e+01 -6.848708141148730419e+02 -6.650524346715679940e+02
4.300000000000000000e+03 2.972181713930651199e+02 8.454168834567296967e-03 1.917079183792841235e+01 -6.844621344575729154e+02 -6.652913426196445243e+02
4.350000000000000000e+03 2.896368397481272154e+02 8.818774502952790237e-03 1.868179034068417366e+01 -6.838309234223983140e+02 -6.651491330817141261e+02
4.400000000000000000e+03 3.165405994749573324e+02 7.764633517930114547e-03 2.041710273751138871e+01 -6.857681459734925511e+02 -6.653510432359811375e+02
4.450000000000000000e+03 2.966737556157228823e+02 8.549394911070387626e-03 1.913567661771225303e+01 -6.841937416457324161e+02 -6.650580650280201098e+02
4.500000000000000000e+03 2.905194169363789456e+02 8.813597798713039555e-03 1.873871722196325251e+01 -6.838280784164629722e+02 -6.650893611944997019e+02
4.550000000000000000e+03 2.963183976794984460e+02 8.546257854903054410e-03 1.911275576805025267e+01 -6.843016758694633381e+02 -6.651889201014130322e+02
4.600000000000000000e+03 3.052449939045644669e+02 8.251381831455953039e-03 1.968852782549172886e+01 -6.848376235464255615e+02 -6.651490957209338148e+02
4.650000000000000000e+03 3.084851891587699129e+02 8.108388387515290049e-03 1.989752281540594936e+01 -6.851376341000736829e+02 -6.652401112846677051e+02
4.700000000000000000e+03 2.881272605332777630e+02 8.841289276714221421e-03 1.858442136504213593e+01 -6.837135757768133999e+02 -6.651291544117713102e+02
4.750000000000000000e+03 3.052113898568106265e+02 8.187891237871371131e-03 1.968636033956251552e+01 -6.850459329303262166e+02 -6.653595725907637188e+02
4.800000000000000000e+03 2.963740561986374473e+02 8.544360229862664469e-03 1.911634578369236692e+01 -6.842654084046102980e+02 -6.651490626209179027e+02
4.850000000000000000e+03 2.919500770979511231e+02 8.737470938064024681e-03 1.883099586031085693e+01 -6.838434799369709935e+02 -6.650124840766601437e+02
4.900000000000000000e+03 3.054996659952593632e+02 8.198519150578509329e-03 1.970495436366319808e+01 -6.848795463266249044e+02 -6.651745919629616992e+02
4.950000000000000000e+03 2.997783984879239370e+02 8.426452845771323710e-03 1.933592837875065484e+01 -6.845873011028339761e+02 -6.652513727240833532e+02
5.000000000000000000e+03 2.986741468073385022e+02 8.438924325008404295e-03 1.926470332879504355e+01 -6.845558915086122624e+02 -6.652911881798172544e+02
5.050000000000000000e+03 3.116328063350132425e+02 8.012587416676309610e-03 2.010054645083316061e+01 -6.852808067764019597e+02 -6.651802603255688382e+02
5.100000000000000000e+03 2.961390321463665032e+02 8.538802485522729510e-03 1.910118655852832248e+01 -6.841903935747847072e+02 -6.650892070162564096e+02
5.150000000000000000e+03 3.051578060989854180e+02 8.239053795368869379e-03 1.968290414755936268e+01 -6.850195873672550988e+02 -6.653366832196957148e+02
5.200000000000000000e+03 3.005976776549476313e+02 8.378113214361051012e-03 1.938877249085371801e+01 -6.846543800178021684e+02 -6.652656075269484290e+02
5.250000000000000000e+03 2.914462737235125473e+02 8.694717663346436184e-03 1.879850017011352037e+01 -6.840640997439718376e+02 -6.652655995738583670e+02
5.300000000000000000e+03 2.992798923040121508e+02 8.490395601562552783e-03 1.930377436125939283e+01 -6.844442099294461741e+02 -6.651404355681868310e+02
5.350000000000000000e+03 2.984655367570750855e+02 8.464842244534276708e-03 1.925124782629277220e+01 -6.845026141267430830e+02 -6.652513663004502860e+02
5.400000000000000000e+03 3.074238376037337162e+02 8.093044270340049584e-03 1.982906485527149698e+01 -6.851287827631962273e+02 -6.652997179079247871e+02
5.450000000000000000e+03 3.050189962176344238e+02 8.215211270665686086e-03 1.967395080756687520e+01 -6.850504376368270414e+02 -6.653764868292602159e+02
5.500000000000000000e+03 3.006978721996797503e+02 8.324968727153199063e-03 1.939523511307951154e+01 -6.848087343599855785e+02 -6.654134992469060990e+02
5.550000000000000000e+03 2.998272915453848100e+02 8.457395495111272657e-03 1.933908201711168928e+01 -6.845392204253621458e+02 -6.652001384082504956e+02
5.600000000000000000e+03 3.046246383157220521e+02 8.251704153697707669e-03 1.964851443127881225e+01 -6.848970229648359691e+02 -6.652485085335571284e+02
5.650000000000000000e+03 2.836899746470690502e+02 9.015663225816279019e-03 1.829821314415450217e+01 -6.834528940185855390e+02 -6.651546808744310511e+02
5.700000000000000000e+03 2.965127350906412858e+02 8.545295372472542020e-03 1.912529067477510125e+01 -6.844221631075719188e+02 -6.652968724327968175e+02
5.750000000000000000e+03 2.977180861827114882e+02 8.473848591477010569e-03 1.920303671153116909e+01 -6.844145685601241667e+02 -6.652115318485930402e+02
5.800000000000000000e+03 3.029325011365621663e+02 8.252254096674958503e-03 1.953937033194313244e+01 -6.849187414280946768e+02 -6.653793710961515444e+02
5.850000000000000000e+03 3.121797016110692198e+02 7.897338544113374423e-03 2.013582160054986758e+01 -6.854781909026477251e+02 -6.653423693020978362e+02
5.900000000000000000e+03 2.951404380894333599e+02 8.537765416542790822e-03 1.903677650342863004e+01 -6.843791291746704246e+02 -6.653423526712417697e+02
5.950000000000000000e+03 2.856506479906664140e+02 8.893151813508489920e-03 1.842467802467007232e+01 -6.835906546511807846e+02 -6.651659766265106555e+02
6.000000000000000000e+03 3.008668741047398498e+02 8.341668620352935687e-03 1.940613586092724674e+01 -6.847769281008082771e+02 -6.653707922398809842e+02
6.050000000000000000e+03 2.965839010233760860e+02 8.466448151371507025e-03 1.912988093006136481e+01 -6.843897375470976385e+02 -6.652598566170362346e+02
6.100000000000000000e+03 2.965693526526800383e+02 8.491503637530720128e-03 1.912894254939342531e+01 -6.844684158998987868e+02 -6.653394733505053864e+02
6.150000000000000000e+03 2.948697673623759101e+02 8.572038006783536113e-03 1.901931804138131099e+01 -6.842706199694413272e+02 -6.652513019280600020e+02
6.200000000000000000e+03 3.072188549863438425e+02 8.103823687259857980e-03 1.981584332487193834e+01 -6.851211699320010666e+02 -6.653053266071291318e+02
6.250000000000000000e+03 2.952487856551311438e+02 8.603429718869853512e-03 1.904376500153560059e+01 -6.842068500717687130e+02 -6.651630850702331372e+02
6.300000000000000000e+03 2.904592557282724670e+02 8.686955091723800107e-03 1.873483677955314519e+01 -6.840543711894633816e+02 -6.653195344099102613e+02
6.350000000000000000e+03 2.964892666741446874e+02 8.529676009586338592e-03 1.912377694455694410e+01 -6.843949429129989994e+02 -6.652711659684420056e+02
6.400000000000000000e+03 3.021746919827772899e+02 8.293372877079695574e-03 1.949049108114902751e+01 -6.848128746618837113e+02 -6.653223835807347086e+02
6.450000000000000000e+03 3.017345023529990158e+02 8.295338765700556102e-03 1.946209852452255618e+01 -6.847446545653589283e+02 -6.652825560408364254e+02
6.500000000000000000e+03 2.887189515953496084e+02 8.838009533985438301e-03 1.862258587608187455e+01 -6.837486805883011129e+02 -6.651260947122192420e+02
6.550000000000000000e+03 2.965466396842048198e+02 8.497085245384745217e-03 1.912747754613128137e+01 -6.843901052831272409e+02 -6.652626277369959098e+02
6.600000000000000000e+03 2.906196799093216327e+02 8.724141372403385400e-03 1.874518425785922915e+01 -6.839537610297780930e+02 -6.652085767719188425e+02
6.650000000000000000e+03 3.002177512021498273e+02 8.437965749311274882e-03 1.936426695370512618e+01 -6.845130852364127350e+02 -6.651488182827075661e+02
6.700000000000000000e+03 2.953274505822355422e+02 8.545211800674466437e-03 1.904883894750396678e+01 -6.841691813116533467e+02 -6.651203423641493373e+02
6.750000000000000000e+03 3.009832224366969626e+02 8.334252193053308042e-03 1.941364041437425314e+01 -6.846647659080812218e+02 -6.652511254937069225e+02
6.800000000000000000e+03 2.907418417837899938e+02 8.771396935375708193e-03 1.875306378909713345e+01 -6.838534602922193244e+02 -6.651003965031221696e+02
6.850000000000000000e+03 3.013041153294194601e+02 8.302026976060356347e-03 1.943433824324460701e+01 -6.848447643756983325e+02 -6.654104261324537219e+02
6.900000000000000000e+03 2.974168451444882635e+02 8.460139057739655272e-03 1.918360644180791752e+01 -6.844603625794128448e+02 -6.652767561376049343e+02
6.950000000000000000e+03 3.043585666584701812e+02 8.259659877752964854e-03 1.963135261263481368e+01 -6.848626422784495844e+02 -6.652312896658147565e+02
7.000000000000000000e+03 2.898346007242700466e+02 8.743244719499151940e-03 1.869454606988313117e+01 -6.839230005168731168e+02 -6.652284544469899856e+02
7.050000000000000000e+03 2.956075849154902357e+02 8.494655810310159511e-03 1.906690781914902999e+01 -6.844717257396657715e+02 -6.654048179205167344e+02
7.100000000000000000e+03 2.867510576851654491e+02 8.879659373202262312e-03 1.849565526368208523e+01 -6.837013630439762437e+02 -6.652057077802941194e+02
7.150000000000000000e+03 3.109939380688969663e+02 7.943301452657498124e-03 2.005933897524656118e+01 -6.855637348470165762e+02 -6.655043958717700434e+02
7.200000000000000000e+03 2.928221940032573229e+02 8.622930939319881430e-03 1.888724804560491322e+01 -6.841982231378814276e+02 -6.653109750922765215e+02
7.250000000000000000e+03 2.955501531314758381e+02 8.559888276809077268e-03 1.906320342661118517e+01 -6.843798431823594228e+02 -6.653166397557482696e+02
7.300000000000000000e+03 3.006916926795605605e+02 8.302602471854334323e-03 1.939483652946227465e+01 -6.848963472830088222e+02 -6.655015107535465404e+02
7.350000000000000000e+03 2.959767580709520303e+02 8.544132883316683108e-03 1.909071976066774212e+01 -6.843817185025908429e+02 -6.652909987419230902e+02
7.400000000000000000e+03 2.978704769824137770e+02 8.438361395454842609e-03 1.921286603079995814e+01 -6.844725618752612490e+02 -6.652596958444612483e+02
7.450000000000000000e+03 2.936507931907827356e+02 8.596453604582334276e-03 1.894069330592218847e+01 -6.841946962575773341e+02 -6.652540029516551385e+02
7.500000000000000000e+03 2.948196676122494182e+02 8.569269417214345555e-03 1.901608657045103357e+01 -6.843696440296479295e+02 -6.653535574591968498e+02
7.550000000000000000e+03 3.099273650057863279e+02 7.957731009918547760e-03 1.999054422398017650e+01 -6.854152231703238840e+02 -6.654246789463437608e+02
7.600000000000000000e+03 3.108699239830169745e+02 7.963120078166000329e-03 2.005133997500296061e+01 -6.854703503124653707e+02 -6.654190103374623959e+02
7.650000000000000000e+03 3.047575714644712548e+02 8.228781349319955890e-03 1.965708871767283128e+01 -6.849025735755720916e+02 -6.652454848578992141e+02
7.700000000000000000e+03 2.948152833259366616e+02 8.529093727158799931e-03 1.901580378074182320e+01 -6.844063269829580349e+02 -6.653905232022161726e+02
7.750000000000000000e+03 2.909613901282080519e+02 8.679977298408017225e-03 1.876722481966088907e+01 -6.840183844824082371e+02 -6.652511596627473409e+02
7.800000000000000000e+03 3.097064368124073894e+02 8.030039909356058436e-03 1.997629419213809499e+01 -6.853298546436451488e+02 -6.653535604515070645e+02
7.850000000000000000e+03 3.040650242703738968e+02 8.217734259365224586e-03 1.961241891153764882e+01 -6.849005416842668410e+02 -6.652881227727291389e+02
7.900000000000000000e+03 2.886311904885883450e+02 8.793722639319337397e-03 1.861692521979931669e+01 -6.838481310661745738e+02 -6.652312058463752464e+02
7.950000000000000000e+03 2.834942917314297688e+02 8.970327657186898812e-03 1.828559145139468001e+01 -6.835367026874796466e+02 -6.652511112360849665e+02
8.000000000000000000e+03 2.996922706896806403e+02 8.390782080023624287e-03 1.933037307207528244e+01 -6.846696990278151134e+02 -6.653393259557398096e+02
8.050000000000000000e+03 3.063767826537614383e+02 8.163392474570688520e-03 1.976152903673554206e+01 -6.850155429526339503e+02 -6.652540139158984402e+02
8.100000000000000000e+03 2.912427756368430778e+02 8.675187328306636220e-03 1.878537439304318823e+01 -6.840877266671412826e+02 -6.653023522740980980e+02
8.150000000000000000e+03 2.901875385517114978e+02 8.693441378731656816e-03 1.871731082073903707e+01 -6.840936493038146864e+02 -6.653763384830756422e+02
8.200000000000000000e+03 2.935288519033861689e+02 8.629790937860107314e-03 1.893282800271353139e+01 -6.841299486624077417e+02 -6.651971206596941784e+02
8.250000000000000000e+03 3.008061463248023415e+02 8.316721697014297851e-03 1.940221887421508029e+01 -6.847614808068632328e+02 -6.653592619326481099e+02
8.300000000000000000e+03 2.982966408451184179e+02 8.460840809268427298e-03 1.924035391507858961e+01 -6.844801306885608483e+02 -6.652397767734822764e+02
8.350000000000000000e+03 2.875441369777065006e+02 8.787574154223983663e-03 1.854680946450707069e+01 -6.838775654601678298e+02 -6.653307559956607520e+02
8.400000000000000000e+03 2.999677794518174778e+02 8.370514621693973117e-03 1.934814359096278835e+01 -6.846220273869088260e+02 -6.652738837959460625e+02
8.450000000000000000e+03 3.008221129316734164e+02 8.373438524219808596e-03 1.940324873216504642e+01 -6.846742651914900080e+02 -6.652710164593249829e+02
8.500000000000000000e+03 3.093602230873225949e+02 8.008265285305923506e-03 1.995396315085644545e+01 -6.853729085584724317e+02 -6.654189454076159791e+02
8.550000000000000000e+03 2.909378781719249218e+02 8.740005439902772538e-03 1.876570828109430522e+01 -6.840139601739216459e+02 -6.652482518928272839e+02
8.600000000000000000e+03 3.011780706831582393e+02 8.340192682882642539e-03 1.942620827035488063e+01 -6.848280694997959017e+02 -6.654018612294410104e+02
8.650000000000000000e+03 2.936611648921889355e+02 8.564697542384248213e-03 1.894136228833242086e+01 -6.844399043147785733e+02 -6.654985420264461027e+02
8.700000000000000000e+03 2.989132394123258223e+02 8.413981102162546716e-03 1.928012497861785590e+01 -6.846535248232140702e+02 -6.653733998445961788e+02
8.750000000000000000e+03 3.020195124560611930e+02 8.288589012936867575e-03 1.948048188692567706e+01 -6.849790630425314930e+02 -6.654985811556058479e+02
8.800000000000000000e+03 2.997914133056063974e+02 8.351669561897524102e-03 1.933676784411520089e+01 -6.847386418234465282e+02 -6.654018739793312989e+02
8.850000000000000000e+03 3.066800378303556727e+02 8.094998615382334450e-03 1.978108921987311319e+01 -6.852995464711195837e+02 -6.655184572512464456e+02
8.900000000000000000e+03 2.977844828439741605e+02 8.478225149688902590e-03 1.920731934528076224e+01 -6.845267107443422674e+02 -6.653193913990614874e+02
8.950000000000000000e+03 3.071278232423361487e+02 8.101419628557374880e-03 1.980997171006845647e+01 -6.852915341297700706e+02 -6.654815624197016177e+02
9.000000000000000000e+03 2.961359643267272759e+02 8.549417908970142338e-03 1.910098868189304255e+01 -6.842355165401877457e+02 -6.651345278582947458e+02
9.050000000000000000e+03 3.049074179431862603e+02 8.188860185435787448e-03 1.966675392635649899e+01 -6.850231671906313977e+02 -6.653564132642749200e+02
9.100000000000000000e+03 3.034891739463187150e+02 8.218392969945359852e-03 1.957527613981368830e+01 -6.849914350370765987e+02 -6.654161588972629033e+02
9.150000000000000000e+03 3.031058039343309360e+02 8.230138772783111498e-03 1.955054849055094479e+01 -6.849212075247737630e+02 -6.653706590342228537e+02
9.200000000000000000e+03 2.975388204032433919e+02 8.481864974898528642e-03 1.919147393619432407e+01 -6.844255884446511118e+02 -6.652341145084567415e+02
9.250000000000000000e+03 2.875993914044499888e+02 8.854591514372338323e-03 1.855037341589085997e+01 -6.837958433975933303e+02 -6.652454699817025130e+02
9.300000000000000000e+03 2.911736770419174150e+02 8.757710879525730172e-03 1.878091748257434190e+01 -6.839950786610319255e+02 -6.652141611784576298e+02
9.350000000000000000e+03 2.974101925828083495e+02 8.506954466311536858e-03 1.918317734666021224e+01 -6.843973257914884698e+02 -6.652141484448283109e+02
9.400000000000000000e+03 2.915909039085805148e+02 8.712050502076766276e-03 1.880782892399967565e+01 -6.840106072441365086e+02 -6.652027783201368720e+02
9.450000000000000000e+03 3.026527347959915915e+02 8.269060951445323521e-03 1.952132519609831007e+01 -6.848492993751278846e+02 -6.653279741790295247e+02
9.500000000000000000e+03 3.092559186725768541e+02 8.020568588919566380e-03 1.994723543897565676e+01 -6.854088711536177243e+02 -6.654616357146420569e+02
9.550000000000000000e+03 2.926729685450507077e+02 8.641268753162806987e-03 1.887762289320326303e+01 -6.842055646058963703e+02 -6.653279417126931321e+02
9.600000000000000000e+03 2.958013793114387227e+02 8.576559064099955471e-03 1.907940770099229866e+01 -6.842537557803744903e+02 -6.651743480793821846e+02
9.650000000000000000e+03 2.985421926705760711e+02 8.439694787938106443e-03 1.925619218939811716e+01 -6.844817412874294860e+02 -6.652255490980313652e+02
9.700000000000000000e+03 2.940715311130439886e+02 8.583665267719800193e-03 1.896783121302991404e+01 -6.843497821873894509e+02 -6.653819509743594836e+02
9.750000000000000000e+03 2.993485477221541373e+02 8.431019378845161505e-03 1.930820268649797811e+01 -6.846247373941962451e+02 -6.653165347076982243e+02
9.800000000000000000e+03 2.958870680153780199e+02 8.588748833856929901e-03 1.908493468576036634e+01 -6.841198641358215582e+02 -6.650349294500612132e+02
9.850000000000000000e+03 2.929901090252474773e+02 8.660521013130017057e-03 1.889807868869092289e+01 -6.840155010455380307e+02 -6.651174223568471007e+02
9.900000000000000000e+03 3.261342371708858536e+02 7.416106854043537713e-03 2.103589946307875280e+01 -6.865600485942184150e+02 -6.655241491311396658e+02
9.950000000000000000e+03 3.087678488944017658e+02 8.096040727990047245e-03 1.991575457737179278e+01 -6.850900377119152154e+02 -6.651742831345434297e+02
1.000000000000000000e+04 2.989563559836174136e+02 8.425490988380706162e-03 1.928290602934945142e+01 -6.845624710570293701e+02 -6.652795650276799506e+02
