# time_fs vacf
0.000000000000000000e+00 2.760731795122380256e-05
5.000000000000000000e+01 -1.686333980380236259e-05
1.000000000000000000e+02 2.612781650931196607e-06
1.500000000000000000e+02 2.248500040181894697e-06
2.000000000000000000e+02 -3.417610222042937926e-06
2.500000000000000000e+02 2.909620463169842668e-06
3.000000000000000000e+02 -2.094019375161736986e-06
3.500000000000000000e+02 1.093416440706547355e-06
4.000000000000000000e+02 1.463054278911052619e-07
4.500000000000000000e+02 -2.130602278245452081e-07
5.000000000000000000e+02 1.300673401194223876e-06
5.500000000000000000e+02 -2.352732584369366056e-06
6.000000000000000000e+02 9.053924485065200602e-07
6.500000000000000000e+02 1.923966639584036761e-06
7.000000000000000000e+02 -3.544385785721937933e-06
7.500000000000000000e+02 1.342725849998395548e-06
8.000000000000000000e+02 1.280917633122631102e-06
8.500000000000000000e+02 -1.317187792312633550e-06
9.000000000000000000e+02 1.419837682607470691e-06
9.500000000000000000e+02 -1.093070068995005595e-06
1.000000000000000000e+03 1.464593785112582305e-07
1.050000000000000000e+03 -7.487778018779674666e-08
1.100000000000000000e+03 -3.986994918763164610e-07
1.150000000000000000e+03 1.261903245432664386e-06
1.200000000000000000e+03 -1.639996235808230337e-06
1.250000000000000000e+03 1.638594736344901901e-06
1.300000000000000000e+03 -1.153832706942502373e-06
1.350000000000000000e+03 2.218899411293687000e-07
1.400000000000000000e+03 3.804095790203846531e-07
1.450000000000000000e+03 -1.593593265879445301e-07
1.500000000000000000e+03 3.514100558368660992e-07
1.550000000000000000e+03 -7.095292813486786383e-07
1.600000000000000000e+03 4.414630289688728228e-07
1.650000000000000000e+03 -1.954022717445650642e-07
1.700000000000000000e+03 -4.534382958572430542e-07
1.750000000000000000e+03 3.426886397452190507e-07
1.800000000000000000e+03 6.880580093249634083e-07
1.850000000000000000e+03 -1.016397393345252418e-06
1.900000000000000000e+03 1.756914324736222128e-06
1.950000000000000000e+03 -1.378929062231821071e-06
2.000000000000000000e+03 -5.966291217783502259e-07
2.050000000000000000e+03 7.405961459650836575e-07
2.100000000000000000e+03 -5.415928160323227032e-08
2.150000000000000000e+03 -3.130416337857924622e-07
2.200000000000000000e+03 1.800275752712668502e-07
2.250000000000000000e+03 7.276798252555112098e-07
2.300000000000000000e+03 3.488192115951100684e-08
2.350000000000000000e+03 -1.039101532665166059e-06
2.400000000000000000e+03 1.196323735523147140e-06
2.450000000000000000e+03 -2.200561476228976895e-06
2.500000000000000000e+03 1.775733762034296438e-06
2.550000000000000000e+03 -5.194456392877992090e-08
2.600000000000000000e+03 -8.673787361341928849e-07
2.650000000000000000e+03 8.371101221098912774e-07
2.700000000000000000e+03 1.723708817910219611e-07
2.750000000000000000e+03 5.958152694002267088e-08
2.800000000000000000e+03 -7.219347707687493666e-07
2.850000000000000000e+03 -2.000159202482385265e-07
2.900000000000000000e+03 4.934438522615400046e-07
2.950000000000000000e+03 -6.013550379728916959e-07
3.000000000000000000e+03 6.581995083755920043e-07
3.050000000000000000e+03 4.954578287608296367e-07
3.100000000000000000e+03 -7.709545782148911883e-07
3.150000000000000000e+03 6.774311642753797672e-07
3.200000000000000000e+03 -1.023547438837315733e-06
3.250000000000000000e+03 3.194679211814117631e-07
3.300000000000000000e+03 3.699116802103391004e-07
3.350000000000000000e+03 -1.009218314516800720e-07
3.400000000000000000e+03 -3.439938278883241201e-07
3.450000000000000000e+03 2.290281152834091490e-07
3.500000000000000000e+03 3.514768908523693766e-07
3.550000000000000000e+03 -6.973770568750687614e-07
3.600000000000000000e+03 6.965402810574568148e-07
3.650000000000000000e+03 -2.547055513976598304e-07
3.700000000000000000e+03 4.413056862699647994e-08
3.750000000000000000e+03 -4.805733085305058970e-07
3.800000000000000000e+03 4.661947239000473639e-07
3.850000000000000000e+03 -2.364857721365254430e-07
3.900000000000000000e+03 3.507345562091245213e-07
3.950000000000000000e+03 -3.110304225847342616e-07
4.000000000000000000e+03 2.623488440016713073e-07
4.050000000000000000e+03 -7.907108267672776977e-07
4.100000000000000000e+03 1.324135470044516110e-06
4.150000000000000000e+03 -4.628965429773437768e-07
4.200000000000000000e+03 -5.643789132314353445e-07
4.250000000000000000e+03 4.271985483133654910e-07
4.300000000000000000e+03 -4.585926760017444627e-07
4.350000000000000000e+03 7.918759463308050174e-08
4.400000000000000000e+03 6.643722011787895997e-07
4.450000000000000000e+03 -3.546749685511701697e-07
4.500000000000000000e+03 9.886937198662309610e-08
4.550000000000000000e+03 1.273309083635563357e-07
4.600000000000000000e+03 -2.567299347433696361e-07
4.650000000000000000e+03 -2.279019173323955691e-07
4.700000000000000000e+03 -2.451323118817578479e-07
4.750000000000000000e+03 8.391268958004924937e-07
4.800000000000000000e+03 -6.677225054795524485e-07
4.850000000000000000e+03 4.983073568278257977e-07
4.900000000000000000e+03 1.036374903690720885e-07
4.950000000000000000e+03 -1.778985638064044296e-07
5.000000000000000000e+03 -1.660802197311863050e-07
5.050000000000000000e+03 9.495701520788595558e-08
5.100000000000000000e+03 -4.843019996378565868e-07
5.150000000000000000e+03 2.533633736735423820e-07
5.200000000000000000e+03 2.810608760531965326e-07
5.250000000000000000e+03 3.115740358219395457e-07
5.300000000000000000e+03 -5.456169306446233259e-07
5.350000000000000000e+03 3.268184583014638193e-07
5.400000000000000000e+03 -2.471627148506316685e-07
5.450000000000000000e+03 4.461544207637805249e-09
5.500000000000000000e+03 -1.625223389856497960e-07
5.550000000000000000e+03 3.793645043260405673e-07
5.600000000000000000e+03 -4.187458825228453854e-07
5.650000000000000000e+03 4.561330478308123563e-07
5.700000000000000000e+03 -5.125969822882440894e-08
5.750000000000000000e+03 -2.780900415628663244e-07
5.800000000000000000e+03 1.058365359904441260e-07
5.850000000000000000e+03 1.280688459499550740e-07
5.900000000000000000e+03 -1.989774210804589590e-07
5.950000000000000000e+03 -2.071159869315250019e-07
6.000000000000000000e+03 6.688778172541691371e-07
6.050000000000000000e+03 -3.808208847306828823e-07
6.100000000000000000e+03 -1.868291747690354676e-08
6.150000000000000000e+03 -7.555600461178171532e-08
6.200000000000000000e+03 1.139644134914476060e-07
6.250000000000000000e+03 -1.912402401137350124e-07
6.300000000000000000e+03 1.329105877398619469e-07
6.350000000000000000e+03 2.522347269445131719e-07
6.400000000000000000e+03 1.772520299729938972e-07
6.450000000000000000e+03 -5.991069515950484012e-07
6.500000000000000000e+03 2.812051966786763465e-08
6.550000000000000000e+03 -1.796009171639787871e-07
6.600000000000000000e+03 3.670854715303442912e-07
6.650000000000000000e+03 4.822630881166136300e-07
6.700000000000000000e+03 -5.554583203750472559e-07
6.750000000000000000e+03 9.556190434267336100e-08
6.800000000000000000e+03 -1.316748720845430484e-08
6.850000000000000000e+03 -2.223588657650007439e-07
6.900000000000000000e+03 3.503775844416698875e-07
6.950000000000000000e+03 -2.689255556966819878e-07
7.000000000000000000e+03 -3.374900260926080724e-08
7.050000000000000000e+03 3.557370944378322052e-07
7.100000000000000000e+03 -2.904799498862303677e-07
7.150000000000000000e+03 5.618995017353428242e-07
7.200000000000000000e+03 -8.621575274112233403e-07
7.250000000000000000e+03 6.728490829202930370e-07
7.300000000000000000e+03 -5.657487898071835359e-07
7.350000000000000000e+03 1.082167889140081409e-07
7.400000000000000000e+03 1.457740391913616584e-07
7.450000000000000000e+03 3.345823995491951354e-07
7.500000000000000000e+03 -1.219026254799627420e-07
7.550000000000000000e+03 -3.690205266521537549e-07
7.600000000000000000e+03 1.923059238932478459e-07
7.650000000000000000e+03 -1.045976107238394127e-07
7.700000000000000000e+03 9.511372078045665124e-08
7.750000000000000000e+03 1.445084282777247162e-07
7.800000000000000000e+03 -4.018592771602041565e-07
7.850000000000000000e+03 3.616097645288286203e-07
7.900000000000000000e+03 1.551004114658207545e-07
7.950000000000000000e+03 -3.783886022719431040e-07
8.000000000000000000e+03 2.522949815622036737e-07
8.050000000000000000e+03 -2.555629887111789538e-07
8.100000000000000000e+03 -1.195860636708919560e-07
8.150000000000000000e+03 2.823571447774673933e-08
8.200000000000000000e+03 6.159298642517475291e-07
8.250000000000000000e+03 -5.357055438754031141e-08
8.300000000000000000e+03 -4.586636739291349394e-07
8.350000000000000000e+03 -1.892810966238065892e-07
8.400000000000000000e+03 -1.566713802539331479e-08
8.450000000000000000e+03 6.516736284785545469e-07
8.500000000000000000e+03 -3.049504195033155788e-07
8.550000000000000000e+03 1.994507803098812596e-07
8.600000000000000000e+03 -4.751302061528913525e-07
8.650000000000000000e+03 1.753864975977482484e-07
8.700000000000000000e+03 4.053034749612005596e-07
8.750000000000000000e+03 -7.511372466474638358e-07
8.800000000000000000e+03 3.762883421486042650e-07
8.850000000000000000e+03 1.397459905864323584e-07
8.900000000000000000e+03 -3.131150032913001289e-08
8.950000000000000000e+03 1.324922230032368118e-07
9.000000000000000000e+03 -4.926336219630227184e-07
9.050000000000000000e+03 5.544329446570275829e-07
9.100000000000000000e+03 -4.395406563529419278e-07
9.150000000000000000e+03 9.489632137372973446e-08
9.200000000000000000e+03 2.511193803340227797e-08
9.250000000000000000e+03 -1.026117192185051775e-07
9.300000000000000000e+03 2.184844638137705175e-07
9.350000000000000000e+03 1.852334443727527280e-07
9.400000000000000000e+03 -2.977029168156632561e-07
9.450000000000000000e+03 2.477003797959036823e-07
9.500000000000000000e+03 -3.461159154242710045e-07
9.550000000000000000e+03 4.062829200184094539e-08
9.600000000000000000e+03 1.671129325227832695e-07
9.650000000000000000e+03 2.355786929475295311e-08
9.700000000000000000e+03 -2.146017238826459240e-07
9.750000000000000000e+03 3.770194524950549121e-07
9.800000000000000000e+03 -4.037993652571681781e-07
9.850000000000000000e+03 2.792194728694888217e-07
9.900000000000000000e+03 -2.548811738035783406e-07
9.950000000000000000e+03 -5.993453294244014114e-09
1.000000000000000000e+04 4.557074408953410629e-07
