# r_A g_r
2.033437500000000175e-02 0.000000000000000000e+00
6.100312500000000526e-02 0.000000000000000000e+00
1.016718750000000088e-01 0.000000000000000000e+00
1.423406249999999984e-01 0.000000000000000000e+00
1.830093750000000297e-01 0.000000000000000000e+00
2.236781250000000054e-01 0.000000000000000000e+00
2.643468749999999812e-01 0.000000000000000000e+00
3.050156250000000124e-01 0.000000000000000000e+00
3.456843750000000437e-01 0.000000000000000000e+00
3.863531250000000750e-01 0.000000000000000000e+00
4.270218749999999952e-01 0.000000000000000000e+00
4.676906250000000265e-01 0.000000000000000000e+00
5.083593750000000577e-01 0.000000000000000000e+00
5.490281249999999780e-01 0.000000000000000000e+00
5.896968750000000092e-01 0.000000000000000000e+00
6.303656250000000405e-01 0.000000000000000000e+00
6.710343750000000718e-01 0.000000000000000000e+00
7.117031250000001030e-01 0.000000000000000000e+00
7.523718750000001343e-01 0.000000000000000000e+00
7.930406250000000545e-01 0.000000000000000000e+00
8.337093750000000858e-01 0.000000000000000000e+00
8.743781250000000060e-01 0.000000000000000000e+00
9.150468750000000373e-01 0.000000000000000000e+00
9.557156250000000686e-01 0.000000000000000000e+00
9.963843750000000998e-01 0.000000000000000000e+00
1.037053125000000131e+00 0.000000000000000000e+00
1.077721875000000162e+00 0.000000000000000000e+00
1.118390624999999972e+00 0.000000000000000000e+00
1.159059375000000003e+00 0.000000000000000000e+00
1.199728125000000034e+00 0.000000000000000000e+00
1.240396875000000065e+00 0.000000000000000000e+00
1.281065625000000097e+00 0.000000000000000000e+00
1.321734375000000128e+00 0.000000000000000000e+00
1.362403125000000159e+00 0.000000000000000000e+00
1.403071875000000190e+00 0.000000000000000000e+00
1.443740625000000222e+00 0.000000000000000000e+00
1.484409375000000253e+00 0.000000000000000000e+00
1.525078125000000062e+00 0.000000000000000000e+00
1.565746875000000093e+00 0.000000000000000000e+00
1.606415625000000125e+00 0.000000000000000000e+00
1.647084375000000156e+00 0.000000000000000000e+00
1.687753125000000187e+00 0.000000000000000000e+00
1.728421875000000218e+00 0.000000000000000000e+00
1.769090625000000028e+00 0.000000000000000000e+00
1.809759375000000059e+00 1.404159650914346550e-04
1.850428125000000090e+00 1.746051584755500515e-03
1.891096875000000122e+00 1.157372382402969795e-02
1.931765625000000153e+00 6.568655735266175355e-02
1.972434375000000184e+00 2.082854524837990662e-01
2.013103125000000215e+00 4.793470101502507741e-01
2.053771875000000247e+00 8.519756094548603942e-01
2.094440625000000278e+00 1.301993092656899220e+00
2.135109375000000309e+00 1.675868071277595073e+00
2.175778125000000340e+00 2.060000017073074119e+00
2.216446875000000372e+00 2.259575187567723464e+00
2.257115624999999959e+00 2.378833943451085453e+00
2.297784374999999990e+00 2.436742908153487708e+00
2.338453125000000021e+00 2.353985158193136140e+00
2.379121875000000053e+00 2.267532358727891495e+00
2.419790625000000084e+00 2.142471753205838159e+00
2.460459375000000115e+00 1.976740883735392140e+00
2.501128125000000146e+00 1.832404909298014140e+00
2.541796875000000178e+00 1.715155132121188641e+00
2.582465625000000209e+00 1.587911966610394243e+00
2.623134375000000240e+00 1.446018940271017739e+00
2.663803125000000271e+00 1.344649882280959829e+00
2.704471875000000303e+00 1.248426883100183016e+00
2.745140625000000334e+00 1.167404149638954003e+00
2.785809375000000365e+00 1.082427510439059715e+00
2.826478125000000396e+00 1.032333095348107577e+00
2.867146875000000428e+00 9.624151847388779935e-01
2.907815625000000459e+00 9.019061293975648708e-01
2.948484375000000490e+00 8.600577572212264599e-01
2.989153125000000077e+00 8.253360161002448736e-01
3.029821875000000109e+00 7.833387803690813334e-01
3.070490625000000140e+00 7.588718788243641322e-01
3.111159375000000171e+00 7.423451426656458851e-01
3.151828125000000203e+00 7.082656031353213866e-01
3.192496875000000234e+00 7.073468967241487437e-01
3.233165625000000265e+00 6.844285316670354335e-01
3.273834375000000296e+00 6.803164884534594892e-01
3.314503125000000328e+00 6.857016447150430238e-01
3.355171875000000359e+00 6.797603609565361360e-01
3.395840625000000390e+00 6.795683604896871621e-01
3.436509375000000421e+00 6.885022343674944700e-01
3.477178125000000453e+00 6.867929490420288108e-01
3.517846875000000484e+00 7.147081699254010934e-01
3.558515625000000071e+00 7.395045292708632978e-01
3.599184375000000102e+00 7.457856201375965277e-01
3.639853125000000134e+00 7.579900874444415182e-01
3.680521875000000165e+00 7.844139809071520864e-01
3.721190625000000196e+00 8.010721374445580745e-01
3.761859375000000227e+00 8.410412903895367887e-01
3.802528125000000259e+00 8.575299278415103865e-01
3.843196875000000290e+00 8.934371114522171586e-01
3.883865625000000321e+00 9.215625420844186788e-01
3.924534375000000352e+00 9.614446090014360236e-01
3.965203125000000384e+00 9.834759416333249682e-01
4.005871875000000415e+00 1.022502906976670234e+00
4.046540625000000446e+00 1.058983747305429546e+00
4.087209375000000477e+00 1.076996607462169298e+00
4.127878125000000509e+00 1.101384840961391554e+00
4.168546875000000540e+00 1.124118106411577944e+00
4.209215625000000571e+00 1.153480657331173775e+00
4.249884375000000603e+00 1.164815271678656616e+00
4.290553125000000634e+00 1.192178067197202873e+00
4.331221875000000665e+00 1.198945492256418444e+00
4.371890625000000696e+00 1.201285832230621686e+00
4.412559375000000728e+00 1.204635691325180780e+00
4.453228125000000759e+00 1.194468024180334043e+00
4.493896875000000790e+00 1.201662723235169983e+00
4.534565625000000821e+00 1.198612044378302377e+00
4.575234374999999964e+00 1.180979212582427218e+00
4.615903124999999996e+00 1.156483369298351160e+00
4.656571875000000027e+00 1.141206710103512378e+00
4.697240625000000058e+00 1.126345970598008117e+00
4.737909375000000090e+00 1.105986233945511987e+00
4.778578125000000121e+00 1.079628101001013141e+00
4.819246875000000152e+00 1.061919048669011545e+00
4.859915625000000183e+00 1.038398711887089210e+00
4.900584375000000215e+00 1.026290918279774811e+00
4.941253125000000246e+00 1.006151661998297531e+00
4.981921875000000277e+00 9.918114633739577579e-01
5.022590625000000308e+00 9.640742159273342216e-01
5.063259375000000340e+00 9.577264024517715413e-01
5.103928125000000371e+00 9.429483391539822401e-01
5.144596875000000402e+00 9.370477474679652641e-01
5.185265625000000433e+00 9.245275877009405674e-01
5.225934375000000465e+00 9.152795851234600821e-01
5.266603125000000496e+00 9.073167660137886337e-01
5.307271875000000527e+00 8.985426083332909153e-01
5.347940625000000558e+00 8.989663296361986022e-01
5.388609375000000590e+00 8.985463906501081066e-01
5.429278125000000621e+00 8.931079450771205464e-01
5.469946875000000652e+00 8.984753731510737307e-01
5.510615625000000684e+00 8.980144364629403242e-01
5.551284375000000715e+00 9.031712983709648812e-01
5.591953125000000746e+00 9.061864577511453689e-01
5.632621875000000777e+00 9.224436330260809003e-01
5.673290625000000809e+00 9.281126308516652879e-01
5.713959375000000840e+00 9.369783895640338978e-01
5.754628125000000871e+00 9.381691110239427367e-01
5.795296875000000902e+00 9.484224172107688089e-01
5.835965625000000934e+00 9.601497155342770817e-01
5.876634375000000077e+00 9.712495928208386697e-01
5.917303125000000108e+00 9.829134718517533731e-01
5.957971875000000139e+00 9.898033876937356590e-01
5.998640625000000171e+00 1.004736928973148036e+00
6.039309375000000202e+00 1.007024646613262631e+00
6.079978125000000233e+00 1.018006978081086311e+00
6.120646875000000264e+00 1.032623783852254284e+00
6.161315625000000296e+00 1.044005091943114971e+00
6.201984375000000327e+00 1.043247005264551275e+00
6.242653125000000358e+00 1.048898755224181523e+00
6.283321875000000389e+00 1.051533192636178393e+00
6.323990625000000421e+00 1.049931032308881740e+00
6.364659375000000452e+00 1.058796634299490558e+00
6.405328125000000483e+00 1.054238354949093681e+00
6.445996875000000514e+00 1.060867227381365296e+00
6.486665625000000546e+00 1.061957441287284976e+00
6.527334375000000577e+00 1.055922039718915295e+00
6.568003125000000608e+00 1.054474424052196602e+00
6.608671875000000639e+00 1.047875290625837952e+00
6.649340625000000671e+00 1.048701762558015949e+00
6.690009375000000702e+00 1.040850674486603733e+00
6.730678125000000733e+00 1.043071050308064462e+00
6.771346875000000765e+00 1.030789927538810158e+00
6.812015625000000796e+00 1.032403700717269723e+00
6.852684375000000827e+00 1.027070824073616384e+00
6.893353125000000858e+00 1.018152532768332064e+00
6.934021875000000890e+00 1.008119170378044549e+00
6.974690625000000921e+00 1.007694293260623208e+00
7.015359375000000952e+00 9.978762775910855476e-01
7.056028125000000983e+00 9.963918795387957106e-01
7.096696875000001015e+00 9.898991609927100255e-01
7.137365625000001046e+00 9.859719497335155403e-01
7.178034375000000189e+00 9.776962945615079725e-01
7.218703125000000220e+00 9.792962069323275509e-01
7.259371875000000252e+00 9.658498150159922080e-01
7.300040625000000283e+00 9.690124316055188647e-01
7.340709375000000314e+00 9.678297841555919545e-01
7.381378125000000345e+00 9.649936655139595976e-01
7.422046875000000377e+00 9.625204084836560536e-01
7.462715625000000408e+00 9.669801528805778146e-01
7.503384375000000439e+00 9.644825358544273364e-01
7.544053125000000470e+00 9.636632120399516443e-01
7.584721875000000502e+00 9.640370730808718314e-01
7.625390625000000533e+00 9.649650775607923059e-01
7.666059375000000564e+00 9.708979486741815546e-01
7.706728125000000595e+00 9.748712487698953932e-01
7.747396875000000627e+00 9.773439817651523587e-01
7.788065625000000658e+00 9.821459401820316071e-01
7.828734375000000689e+00 9.794345050062663871e-01
7.869403125000000720e+00 9.925223292929730157e-01
7.910071875000000752e+00 9.930298254807770064e-01
7.950740625000000783e+00 9.937223833733208611e-01
7.991409375000000814e+00 9.942702288778971775e-01
8.032078125000001734e+00 1.001071966370359778e+00
8.072746874999999989e+00 1.006253962968055360e+00
8.113415625000001796e+00 1.009283917664556274e+00
