# time_fs temperature_K pressure_eV_per_A3 kinetic_energy_eV potential_energy_eV total_energy_eV
0.000000000000000000e+00 2.979429187681815847e+02 1.028512357833027101e-02 1.921753857955030398e+01 -9.077413714834965504e+02 -8.885238329039462997e+02
5.000000000000000000e+01 3.124799883052137375e+02 9.800292237308773705e-03 2.015519031437433384e+01 -9.087875690002977080e+02 -8.886323786859234133e+02
1.000000000000000000e+02 3.144800706440261706e+02 9.746237742399729842e-03 2.028419710422293321e+01 -9.087780798918206528e+02 -8.884938827875977267e+02
1.500000000000000000e+02 2.764717819207206730e+02 1.122662488614836751e-02 1.783263437568858834e+01 -9.059896435730341864e+02 -8.881570091973455874e+02
2.000000000000000000e+02 3.188630279992148076e+02 9.615766744349029879e-03 2.056690109468560834e+01 -9.088174944322871625e+02 -8.882505933376015719e+02
2.500000000000000000e+02 3.008605254553264103e+02 1.024966639260090247e-02 1.940572636834546216e+01 -9.075253165443465377e+02 -8.881195901760011111e+02
3.000000000000000000e+02 2.831015763517342521e+02 1.088948301277241175e-02 1.826026101900419363e+01 -9.061777279878447189e+02 -8.879174669688404720e+02
3.500000000000000000e+02 2.907307912190413504e+02 1.061817189668406644e-02 1.875235101949931504e+01 -9.070703308242509593e+02 -8.883179798047516442e+02
4.000000000000000000e+02 3.215388941897091399e+02 9.444404798368957743e-03 2.073949644268765269e+01 -9.094242939190152129e+02 -8.886847974763275033e+02
4.500000000000000000e+02 3.091900500041168129e+02 9.867304491674137520e-03 1.994298686115226715e+01 -9.087026427256073475e+02 -8.887596558644551124e+02
5.000000000000000000e+02 3.067545513769818513e+02 9.960586402125038569e-03 1.978589539873081904e+01 -9.082985060239720951e+02 -8.885126106252412228e+02
5.500000000000000000e+02 2.822573392087189745e+02 1.091775448878126720e-02 1.820580709899406813e+01 -9.064152327632866673e+02 -8.882094256642925529e+02
6.000000000000000000e+02 3.050107408006114156e+02 1.005838504897253217e-02 1.967341832706427951e+01 -9.081972573673768920e+02 -8.885238390403126232e+02
6.500000000000000000e+02 3.141138617983314703e+02 9.722265295735376192e-03 2.026057636287621477e+01 -9.088106199959977403e+02 -8.885500436331215042e+02
7.000000000000000000e+02 2.951815292915962914e+02 1.045506292209768921e-02 1.903942691635373308e+01 -9.073873419856859073e+02 -8.883479150693322026e+02
7.500000000000000000e+02 2.958455621987236555e+02 1.045550309357945809e-02 1.908225752989397250e+01 -9.073291037343958578e+02 -8.882468462045019351e+02
8.000000000000000000e+02 3.089753603591399269e+02 9.974742836424218065e-03 1.992913922029531548e+01 -9.081984430479614048e+02 -8.882693038276661355e+02
8.500000000000000000e+02 2.973205796016965792e+02 1.028524227531046713e-02 1.917739724311264737e+01 -9.075889429070442702e+02 -8.884115456639316335e+02
9.000000000000000000e+02 2.920849669970673403e+02 1.053815953502865686e-02 1.883969635855050484e+01 -9.072437613008971766e+02 -8.884040649423466220e+02
9.500000000000000000e+02 3.110574699162334582e+02 9.910704253927603985e-03 2.006343682637947978e+01 -9.085760562089858468e+02 -8.885126193826063172e+02
1.000000000000000000e+03 3.066896408295596075e+02 9.977006196975569605e-03 1.978170862042286871e+01 -9.083092875847230516e+02 -8.885275789643002327e+02
1.050000000000000000e+03 2.947767168656769741e+02 1.044389623766236314e-02 1.901331621553644169e+01 -9.073537410387027649e+02 -8.883404248231663587e+02
1.100000000000000000e+03 3.049008989931091378e+02 1.008410684173706093e-02 1.966633344925597626e+01 -9.081078227074804090e+02 -8.884414892582244647e+02
1.150000000000000000e+03 3.034808899462673253e+02 1.010155003399542360e-02 1.957474181568462868e+01 -9.081397569622916990e+02 -8.885650151466070383e+02
1.200000000000000000e+03 3.052189123735152521e+02 1.004150154495704259e-02 1.968684554745262005e+01 -9.081245920376962886e+02 -8.884377464902436259e+02
1.250000000000000000e+03 2.976085184126627610e+02 1.036770950683701953e-02 1.919596950934126056e+01 -9.073529970000510048e+02 -8.881570274907097655e+02
1.300000000000000000e+03 2.814236812808219952e+02 1.100704098404916426e-02 1.815203554618205928e+01 -9.060994522370190225e+02 -8.879474166908369170e+02
1.350000000000000000e+03 2.985635274731439495e+02 1.039659416158547275e-02 1.925756829994013231e+01 -9.074146004866354360e+02 -8.881570321866953464e+02
1.400000000000000000e+03 3.178499633528348340e+02 9.610173343581576016e-03 2.050155767586607070e+01 -9.092125555845389044e+02 -8.887109979086728799e+02
1.450000000000000000e+03 3.157232173050430788e+02 9.588385429855099049e-03 2.036438098312465073e+01 -9.091876715363009680e+02 -8.888232905531763208e+02
1.500000000000000000e+03 2.901043166284948143e+02 1.054051551194076265e-02 1.871194294515168011e+01 -9.073443470841591534e+02 -8.886324041390074626e+02
1.550000000000000000e+03 3.038919219568603580e+02 1.010815483603045781e-02 1.960125368431254955e+01 -9.081026610807784891e+02 -8.885014073964659929e+02
1.600000000000000000e+03 2.980189693238351651e+02 1.030156275242481365e-02 1.922244389662684938e+01 -9.076751962485071772e+02 -8.884527523518803491e+02
1.650000000000000000e+03 3.034041789679331487e+02 1.011269659166103528e-02 1.956979390085682624e+01 -9.079476885441785043e+02 -8.883778946433217243e+02
1.700000000000000000e+03 2.999369490817856558e+02 1.029944157644401351e-02 1.934615500929768928e+01 -9.076454367738999736e+02 -8.882992817646022559e+02
1.750000000000000000e+03 2.970042156522032428e+02 1.038666226650847117e-02 1.915699153442957936e+01 -9.074899636888095529e+02 -8.883329721543799451e+02
1.800000000000000000e+03 3.038948666291832410e+02 1.012287935516340172e-02 1.960144361785486566e+01 -9.080804065659210664e+02 -8.884789629480661688e+02
1.850000000000000000e+03 3.043297762991185778e+02 1.006592223966036766e-02 1.962949561316710856e+01 -9.081122077107285122e+02 -8.884827120975613752e+02
1.900000000000000000e+03 3.065665256064963273e+02 1.002127932429110538e-02 1.977376759749562396e+01 -9.082190494567786345e+02 -8.884452818592829999e+02
1.950000000000000000e+03 2.938987213303059320e+02 1.051391385147879345e-02 1.895668485425614946e+01 -9.072971642707582305e+02 -8.883404794165020348e+02
2.000000000000000000e+03 3.017839666570336021e+02 1.019005165278381690e-02 1.946528900871001611e+01 -9.079180642191240622e+02 -8.884527752104140745e+02
2.050000000000000000e+03 3.023987701315288064e+02 1.020057613046204507e-02 1.950494428744193343e+01 -9.079165385551765439e+02 -8.884115942677345856e+02
2.100000000000000000e+03 3.032761044030556832e+02 1.009976853837555449e-02 1.956153299671529311e+01 -9.081378184650475305e+02 -8.885762854683322303e+02
2.150000000000000000e+03 2.948692639376278066e+02 1.045090314885006519e-02 1.901928557011279253e+01 -9.074084216440097634e+02 -8.883891360738970207e+02
2.200000000000000000e+03 3.037196465890026502e+02 1.017155751807788042e-02 1.959014179569375358e+01 -9.078894438969576868e+02 -8.882993021012639474e+02
2.250000000000000000e+03 3.079928558730580903e+02 9.957583169566642731e-03 1.986576695441324247e+01 -9.082923422268954710e+02 -8.884265752724821823e+02
2.300000000000000000e+03 2.963298353751893615e+02 1.040918641731616336e-02 1.911349350788011847e+01 -9.074764394527670675e+02 -8.883629459448869738e+02
2.350000000000000000e+03 2.994386751835972404e+02 1.029941809626064297e-02 1.931401597440735429e+01 -9.076095918842713672e+02 -8.882955759098640556e+02
2.400000000000000000e+03 2.933925072379853418e+02 1.050981695599365051e-02 1.892403367097277567e+01 -9.073281517166095682e+02 -8.884041180456367783e+02
2.450000000000000000e+03 3.090778406530395159e+02 9.888245352759289161e-03 1.993574927503265215e+01 -9.085794302351284841e+02 -8.886436809600958213e+02
2.500000000000000000e+03 3.108222489675435440e+02 9.808882651441499373e-03 2.004826490125081406e+01 -9.087555714000876605e+02 -8.887073064988368287e+02
2.550000000000000000e+03 2.948441400783945596e+02 1.043628711010706478e-02 1.901766506261397893e+01 -9.075789902215748270e+02 -8.885613251589608126e+02
2.600000000000000000e+03 2.980699865924634082e+02 1.030204142795981131e-02 1.922573454817896277e+01 -9.076785107676391817e+02 -8.884527762194602474e+02
2.650000000000000000e+03 3.031272611471899268e+02 1.013204523489654070e-02 1.955193249664725386e+01 -9.080009615493648880e+02 -8.884490290527176057e+02
2.700000000000000000e+03 3.085011916344624865e+02 9.919296101368536150e-03 1.989855498692142532e+01 -9.083850108125458291e+02 -8.884864558256243754e+02
2.750000000000000000e+03 2.968034476932540997e+02 1.037108680470529183e-02 1.914404185261604852e+01 -9.075780943914360250e+02 -8.884340525388199694e+02
2.800000000000000000e+03 2.932360702365193674e+02 1.050307809512586628e-02 1.891394336869819526e+01 -9.073779442578850194e+02 -8.884640008891868774e+02
2.850000000000000000e+03 3.064644570017350702e+02 1.000650708499234084e-02 1.976718409701214085e+01 -9.083023083500107759e+02 -8.885351242529986848e+02
2.900000000000000000e+03 3.034779620815359635e+02 1.007791912004294375e-02 1.957455296624439356e+01 -9.081508543961608666e+02 -8.885763014299164979e+02
2.950000000000000000e+03 2.969024418278793860e+02 1.033563738696737302e-02 1.915042704750229063e+01 -9.076668406827952822e+02 -8.885164136352930200e+02
3.000000000000000000e+03 2.994224977898776956e+02 1.026314748554548600e-02 1.931297252054979552e+01 -9.078443545057009487e+02 -8.885313819851511425e+02
3.050000000000000000e+03 3.067502735326630727e+02 9.960198722607184127e-03 1.978561947460893222e+01 -9.084030907511570376e+02 -8.886174712765481445e+02
3.100000000000000000e+03 3.059716204417692325e+02 9.965038022601537676e-03 1.973539577445789561e+01 -9.083641015514368746e+02 -8.886287057769790181e+02
3.150000000000000000e+03 2.995859843523707582e+02 1.027290000337643429e-02 1.932351752472353823e+01 -9.078736174343382572e+02 -8.885500999096146870e+02
3.200000000000000000e+03 3.042885683182684033e+02 1.011334837752155338e-02 1.962683766793032447e+01 -9.080609037213590682e+02 -8.884340660534287508e+02
3.250000000000000000e+03 2.912597008130581457e+02 1.054046300538682111e-02 1.878646607942467384e+01 -9.073178509045176270e+02 -8.885313848250929141e+02
3.300000000000000000e+03 3.141731465692678853e+02 9.761104049619379400e-03 2.026440027444075298e+01 -9.087284162569693535e+02 -8.884640159825286219e+02
3.350000000000000000e+03 2.906908452626449844e+02 1.055834236988353880e-02 1.874977447577302669e+01 -9.072100443818820850e+02 -8.884602699061090334e+02
3.400000000000000000e+03 3.030736147729721779e+02 1.015264148816772717e-02 1.954847226584047704e+01 -9.078814858785543720e+02 -8.883330136127138985e+02
3.450000000000000000e+03 3.016023913225254205e+02 1.018902634830485404e-02 1.945357726536524012e+01 -9.078502271498881555e+02 -8.883966498845229580e+02
3.500000000000000000e+03 2.957412926809881810e+02 1.038277440509285769e-02 1.907553206889614827e+01 -9.076181591742694081e+02 -8.885426271053732989e+02
3.550000000000000000e+03 3.223378329991512601e+02 9.384587272586789736e-03 2.079102858668568032e+01 -9.095545001040813986e+02 -8.887634715173957147e+02
3.600000000000000000e+03 2.885494563570636615e+02 1.065247223764796344e-02 1.861165330787627070e+01 -9.071318281034858728e+02 -8.885201747956095915e+02
3.650000000000000000e+03 3.046864308606803888e+02 1.008789518932203845e-02 1.965250009612218207e+01 -9.079331329847410643e+02 -8.882806328886189249e+02
3.700000000000000000e+03 2.920622657031304357e+02 1.056144252469345089e-02 1.883823210830471240e+01 -9.070664632815733057e+02 -8.882282311732685685e+02
3.750000000000000000e+03 3.037450875680370928e+02 1.006077183888862657e-02 1.959178275765424360e+01 -9.080670464453639852e+02 -8.884752636877096847e+02
3.800000000000000000e+03 3.062358209297100302e+02 1.002668812449732105e-02 1.975243690129765994e+01 -9.083025614293711669e+02 -8.885501245280735247e+02
3.850000000000000000e+03 3.017990263332150676e+02 1.017173578573771393e-02 1.946626036895985479e+01 -9.079265508424111886e+02 -8.884602904734513231e+02
3.900000000000000000e+03 3.047989207929525719e+02 1.003287498333806788e-02 1.965975577993634715e+01 -9.081574702243104866e+02 -8.884977144443741963e+02
3.950000000000000000e+03 2.848592864526580115e+02 1.076563749608934993e-02 1.837363462028266525e+01 -9.067702910508248806e+02 -8.883966564305421798e+02
4.000000000000000000e+03 3.083409527599438320e+02 9.929468974622537511e-03 1.988821946102358496e+01 -9.083859389432092257e+02 -8.884977194821856301e+02
4.050000000000000000e+03 3.094544629933430429e+02 9.854620292936296447e-03 1.996004169448207932e+01 -9.087085427318187385e+02 -8.887485010373366094e+02
4.100000000000000000e+03 2.986436759074457541e+02 1.020334224383513504e-02 1.926273793321973216e+01 -9.077941418946987824e+02 -8.885314039614791000e+02
4.150000000000000000e+03 3.021670973924759096e+02 1.015177070923848658e-02 1.949000122445863781e+01 -9.079540325270266976e+02 -8.884640313025680598e+02
4.200000000000000000e+03 3.075692559120543024e+02 1.000656160218298986e-02 1.983844444369023918e+01 -9.082650504678405241e+02 -8.884266060241502601e+02
4.250000000000000000e+03 2.900593248269933611e+02 1.057884016352192251e-02 1.870904094068487922e+01 -9.070158686910762071e+02 -8.883068277503913350e+02
4.300000000000000000e+03 2.950262323343153525e+02 1.042901950212483421e-02 1.902941014777211137e+01 -9.074223237659001597e+02 -8.883929136181280910e+02
4.350000000000000000e+03 3.186796581773810999e+02 9.525748454212612515e-03 2.055507360558137364e+01 -9.090939658134549290e+02 -8.885388922078735732e+02
4.400000000000000000e+03 2.916056047946574949e+02 1.053259426086648742e-02 1.880877714202246409e+01 -9.072466032285838082e+02 -8.884378260865613584e+02
4.450000000000000000e+03 3.038138236863963471e+02 1.011879737336063637e-02 1.959621628811651561e+01 -9.079516985141531222e+02 -8.883554822260366564e+02
4.500000000000000000e+03 2.987464242446729941e+02 1.025745128559002461e-02 1.926936527694990886e+01 -9.078344647479376590e+02 -8.885650994709877750e+02
4.550000000000000000e+03 3.074568873234387070e+02 9.936365832536710532e-03 1.983119658663165197e+01 -9.084636673603349664e+02 -8.886324707737032895e+02
4.600000000000000000e+03 2.988280833047986107e+02 1.026048180310434529e-02 1.927463234671220604e+01 -9.079482793256731838e+02 -8.886736469789609600e+02
4.650000000000000000e+03 3.075607477244292909e+02 9.914723556927993592e-03 1.983789565929690113e+01 -9.085078020811408805e+02 -8.886699064218439617e+02
4.700000000000000000e+03 2.935418062956528047e+02 1.042150979415462295e-02 1.893366357059407790e+01 -9.074089345002727214e+02 -8.884752709296786861e+02
4.750000000000000000e+03 3.045776738064780034e+02 1.004965180146774779e-02 1.964548518570385838e+01 -9.080833334477929384e+02 -8.884378482620891191e+02
4.800000000000000000e+03 3.062221850263496776e+02 1.001432342398007012e-02 1.975155737544761436e+01 -9.083016990809621802e+02 -8.885501417055145339e+02
4.850000000000000000e+03 2.945996665877226519e+02 1.043958187162823126e-02 1.900189634168552288e+01 -9.074584714106775891e+02 -8.884565750689920378e+02
4.900000000000000000e+03 2.971805124122760731e+02 1.034670534601837139e-02 1.916836280581993890e+01 -9.076361617151889050e+02 -8.884677989093689803e+02
4.950000000000000000e+03 3.208454987851201281e+02 9.476532729083712858e-03 2.069477192634853679e+01 -9.094320786467061453e+02 -8.887373067203576511e+02
5.000000000000000000e+03 2.864694578689649234e+02 1.071535002885903344e-02 1.847749186730333548e+01 -9.069041201054725434e+02 -8.884266282381692008e+02
5.050000000000000000e+03 3.016450588668350292e+02 1.009918563018809799e-02 1.945632935352445969e+01 -9.080626280906539023e+02 -8.886062987371294639e+02
5.100000000000000000e+03 3.067724486474727428e+02 9.997731084406144553e-03 1.978704978591192543e+01 -9.083858615669823848e+02 -8.885988117810704807e+02
5.150000000000000000e+03 3.129421839680303492e+02 9.774536946655452280e-03 2.018500227640451783e+01 -9.087950499249923269e+02 -8.886100476485878517e+02
5.200000000000000000e+03 2.827863179755221950e+02 1.087256278004214774e-02 1.823992662061530012e+01 -9.066253913521969707e+02 -8.883854647315816919e+02
5.250000000000000000e+03 2.963061172352249173e+02 1.039526938588839454e-02 1.911196367031362442e+01 -9.074861959561959566e+02 -8.883742322858823854e+02
5.300000000000000000e+03 3.190380936175522493e+02 9.523653839358974665e-03 2.057819295652364744e+01 -9.093304729882921720e+02 -8.887522800317685778e+02
5.350000000000000000e+03 3.008225645324517927e+02 1.013855614011746099e-02 1.940327786074919558e+01 -9.080694713257553303e+02 -8.886661934650061312e+02
5.400000000000000000e+03 3.051768846673921303e+02 1.005180604086644211e-02 1.968413472932957120e+01 -9.080209397395034330e+02 -8.883368050101738618e+02
5.450000000000000000e+03 2.835640686622990074e+02 1.090990050624154190e-02 1.829009211503349519e+01 -9.065819716255168714e+02 -8.882918795104833407e+02
5.500000000000000000e+03 3.093771909596773071e+02 9.933730948315191989e-03 1.995505759117050815e+01 -9.083704587824801138e+02 -8.884154011913095701e+02
5.550000000000000000e+03 3.027937623243456642e+02 1.009834617694452090e-02 1.953042157596237161e+01 -9.081666609824048919e+02 -8.886362394064425416e+02
5.600000000000000000e+03 3.033569652701473274e+02 1.010736514490776124e-02 1.956674858243665938e+01 -9.081393638844704128e+02 -8.885726153020337961e+02
5.650000000000000000e+03 3.044053412106527503e+02 1.011959604856171001e-02 1.963436960583883462e+01 -9.081171521511081437e+02 -8.884827825452692878e+02
5.700000000000000000e+03 3.037766945443329405e+02 1.011131176232487987e-02 1.959382143099764306e+01 -9.080054826659625178e+02 -8.884116612349648676e+02
5.750000000000000000e+03 2.925966119564309906e+02 1.054731125691386190e-02 1.887269783677410118e+01 -9.072207269092384649e+02 -8.883480290724643282e+02
5.800000000000000000e+03 3.026000256708526877e+02 1.019447202766739745e-02 1.951792541855018470e+01 -9.078771800177189562e+02 -8.883592545991688212e+02
5.850000000000000000e+03 2.997033392900039530e+02 1.031180364246752669e-02 1.933108700498100418e+01 -9.077988782197874116e+02 -8.884677912148064252e+02
5.900000000000000000e+03 3.043949242819787173e+02 1.005297763833741184e-02 1.963369770623638288e+01 -9.082699286385030746e+02 -8.886362309322666988e+02
5.950000000000000000e+03 3.016518337680325317e+02 1.011826884015941917e-02 1.945676633966151314e+01 -9.081865797291000035e+02 -8.887298133894385046e+02
6.000000000000000000e+03 3.049392274535967999e+02 1.008262070410081979e-02 1.966880566330006630e+01 -9.083125234652666222e+02 -8.886437178019665453e+02
6.050000000000000000e+03 3.065480404612851544e+02 9.995711012415496588e-03 1.977257529196034369e+01 -9.083489253347827344e+02 -8.885763500428223551e+02
6.100000000000000000e+03 2.851125596921476131e+02 1.083138818416653354e-02 1.838997093151698436e+01 -9.066893376588367346e+02 -8.882993667273196934e+02
6.150000000000000000e+03 3.095487074046833413e+02 9.934894661306295852e-03 1.996612052870417742e+01 -9.084114605646162772e+02 -8.884453400359120678e+02
6.200000000000000000e+03 3.047442657709751188e+02 1.010242437870250212e-02 1.965623049060320682e+01 -9.082438004247163690e+02 -8.885875699341131622e+02
6.250000000000000000e+03 2.960470201228762903e+02 1.038152925953036640e-02 1.909525171497333318e+01 -9.076042078039645276e+02 -8.885089560889912264e+02
6.300000000000000000e+03 3.050516123660256653e+02 1.006657893851746130e-02 1.967605457325668183e+01 -9.081999766442684177e+02 -8.885239220710117252e+02
6.350000000000000000e+03 3.061259634285932520e+02 1.000527816976234767e-02 1.974535101123961311e+01 -9.082692733110416157e+02 -8.885239222998020523e+02
6.400000000000000000e+03 2.930121444721009993e+02 1.050278974438734539e-02 1.889949999130746505e+01 -9.073373267183897042e+02 -8.884378267270822107e+02
6.450000000000000000e+03 2.969232510119304038e+02 1.034185384483143205e-02 1.915176925526128926e+01 -9.076232835196116184e+02 -8.884715142643502759e+02
6.500000000000000000e+03 3.063654636799362834e+02 9.986559878296153575e-03 1.976079895455380964e+01 -9.083745546968982580e+02 -8.886137557423444377e+02
6.550000000000000000e+03 3.098873801021273380e+02 9.878612816178326470e-03 1.998796516812664947e+01 -9.086653566106645030e+02 -8.886773914425378962e+02
6.600000000000000000e+03 3.016275229925686290e+02 1.015521163366166386e-02 1.945519827666707258e+01 -9.079491908760129490e+02 -8.884939925993459156e+02
6.650000000000000000e+03 2.827480311707458327e+02 1.088347250972357232e-02 1.823745709339539189e+01 -9.064507112383917047e+02 -8.882132541449963128e+02
6.700000000000000000e+03 3.168638590052090080e+02 9.597133625482917943e-03 2.043795321625242778e+01 -9.090666789819396172e+02 -8.886287257656871361e+02
6.750000000000000000e+03 3.086632030308815047e+02 9.934243400051520276e-03 1.990900484179255869e+01 -9.085564456019739055e+02 -8.886474407601813255e+02
6.800000000000000000e+03 2.898355659086516312e+02 1.063383519558012448e-02 1.869460832498946701e+01 -9.070800306159329693e+02 -8.883854222909435521e+02
6.850000000000000000e+03 2.994559859915071343e+02 1.030188872582771427e-02 1.931513253431831600e+01 -9.076518970056953322e+02 -8.883367644713770233e+02
6.900000000000000000e+03 3.089506694638608906e+02 9.878368326045492906e-03 1.992754663929171244e+01 -9.085188265807069001e+02 -8.885912799414152232e+02
6.950000000000000000e+03 2.948922094240542151e+02 1.040212380914574096e-02 1.902076557095472964e+01 -9.075035069825355549e+02 -8.884827414115808324e+02
7.000000000000000000e+03 3.037661867184949074e+02 1.010732374055222163e-02 1.959314366846090039e+01 -9.080047636301269449e+02 -8.884116199616660197e+02
7.050000000000000000e+03 3.073408416357588635e+02 1.001633312600045886e-02 1.982371155396432627e+01 -9.083101993719387792e+02 -8.884864878179744210e+02
7.100000000000000000e+03 2.938426564136877914e+02 1.048494949284547312e-02 1.895306862567611361e+01 -9.073235171480209829e+02 -8.883704485223448728e+02
7.150000000000000000e+03 2.959952591044645374e+02 1.040297644963333705e-02 1.909191309101020551e+01 -9.073912435468224658e+02 -8.882993304558123100e+02
7.200000000000000000e+03 3.095544236279168899e+02 9.894552847487076211e-03 1.996648922932969938e+01 -9.085240902526340960e+02 -8.885576010233044144e+02
7.250000000000000000e+03 3.029690514129858911e+02 1.011237117361789978e-02 1.954172785180019289e+01 -9.080768677800149362e+02 -8.885351399282147895e+02
7.300000000000000000e+03 2.960155937365336172e+02 1.037313961756390103e-02 1.909322468981545029e+01 -9.075871897962045978e+02 -8.884939651063891688e+02
7.350000000000000000e+03 3.079686415819707577e+02 9.968022367074306708e-03 1.986420511473243522e+01 -9.082346504330949983e+02 -8.883704453183626129e+02
7.400000000000000000e+03 2.863458502690020850e+02 1.079589579287023454e-02 1.846951908570197176e+01 -9.066752701069322029e+02 -8.882057510212301850e+02
7.450000000000000000e+03 3.098338519640093409e+02 9.981242973322496798e-03 1.998451256363573947e+01 -9.082688742894606548e+02 -8.882843617258249651e+02
7.500000000000000000e+03 2.944229355253431777e+02 1.043592189818956517e-02 1.899049705747523120e+01 -9.074882093400643726e+02 -8.884977122825891911e+02
7.550000000000000000e+03 3.071482296651002457e+02 9.921685606281125530e-03 1.981128793942662014e+01 -9.084699495217513459e+02 -8.886586615823247257e+02
7.600000000000000000e+03 3.107261439668789649e+02 9.839297657132293345e-03 2.004206605764145976e+01 -9.086969786969086726e+02 -8.886549126392671951e+02
7.650000000000000000e+03 2.929269002967194524e+02 1.051528112955440672e-02 1.889400167896008753e+01 -9.073018650640916576e+02 -8.884078633851315772e+02
7.700000000000000000e+03 3.064146562634223869e+02 9.985800446567889843e-03 1.976397191256496200e+01 -9.082803837992153149e+02 -8.885164118866503031e+02
7.750000000000000000e+03 2.964249123994254091e+02 1.036548461636378239e-02 1.911962604624967810e+01 -9.075536945915986280e+02 -8.884340685453489641e+02
7.800000000000000000e+03 3.014039418234553978e+02 1.021940682729830657e-02 1.944077712592833862e+01 -9.078374175989220021e+02 -8.883966404729936812e+02
7.850000000000000000e+03 2.962829841172688248e+02 1.038467436992893470e-02 1.911047156709927819e+01 -9.075220829322171312e+02 -8.884116113651178921e+02
7.900000000000000000e+03 3.115723155130693272e+02 9.797340653751597864e-03 2.009664474808680268e+01 -9.085943470402972935e+02 -8.884977022922105334e+02
7.950000000000000000e+03 3.001214838774396867e+02 1.023949711780403581e-02 1.935805764007479723e+01 -9.077921312113877548e+02 -8.884340735713129789e+02
8.000000000000000000e+03 2.983801804835403004e+02 1.027188119482215500e-02 1.924574228353161942e+01 -9.077209944096624668e+02 -8.884752521261308402e+02
8.050000000000000000e+03 2.986512232669512628e+02 1.033721656313787984e-02 1.926322474348886260e+01 -9.077085339080845188e+02 -8.884453091645956420e+02
8.100000000000000000e+03 3.079874106975815380e+02 9.965068274508217042e-03 1.986541573656847604e+01 -9.082882642650603202e+02 -8.884228485284918406e+02
8.150000000000000000e+03 2.937540759408813642e+02 1.044409082379608132e-02 1.894735511967775210e+01 -9.074562866118908460e+02 -8.885089314922131507e+02
8.200000000000000000e+03 3.129126290159928772e+02 9.757749987967500802e-03 2.018309596014318430e+01 -9.088567398960977926e+02 -8.886736439359546011e+02
8.250000000000000000e+03 3.039936099102852722e+02 1.011214361818593178e-02 1.960781263250335726e+01 -9.081092817241473085e+02 -8.885014690916439122e+02
8.300000000000000000e+03 2.915914983275603731e+02 1.052074882759488315e-02 1.880786726446343238e+01 -9.071895565094712310e+02 -8.883816892450078058e+02
8.350000000000000000e+03 3.053345170590845328e+02 1.005833288860184110e-02 1.969430213515770589e+01 -9.080834756586663161e+02 -8.883891735235085889e+02
8.400000000000000000e+03 3.035865661763697290e+02 1.017304350726282863e-02 1.958155801067033508e+01 -9.078958648176591169e+02 -8.883143068069887249e+02
8.450000000000000000e+03 2.886663883998023152e+02 1.066155856255881183e-02 1.861919551110031890e+01 -9.069821538137179004e+02 -8.883629583026175851e+02
8.500000000000000000e+03 3.077252317682790590e+02 9.925335879993125651e-03 1.984850500175575760e+01 -9.081964927974738657e+02 -8.883479877957181543e+02
8.550000000000000000e+03 2.966540169998666556e+02 1.034399248883750323e-02 1.913440346239346823e+01 -9.075946785145970352e+02 -8.884602750522035421e+02
8.600000000000000000e+03 3.108408350731581891e+02 9.850995859912446348e-03 2.004946371880677347e+01 -9.086108012059016801e+02 -8.885613374870948746e+02
8.650000000000000000e+03 3.004150537888937151e+02 1.018223991564452986e-02 1.937699311644888667e+01 -9.078821793984635633e+02 -8.885051862820146198e+02
8.700000000000000000e+03 2.981396149551384269e+02 1.027900479955433551e-02 1.923022562905939026e+01 -9.077241887790352166e+02 -8.884939631499757979e+02
8.750000000000000000e+03 3.025941809259252295e+02 1.016022620384275828e-02 1.951754842818036551e+01 -9.080077668264727890e+02 -8.884902183982924271e+02
8.800000000000000000e+03 3.014057508388361271e+02 1.018224054413773005e-02 1.944089380875810136e+01 -9.078562487027446650e+02 -8.884153548939865459e+02
8.850000000000000000e+03 2.990015850364583798e+02 1.031117977453934256e-02 1.928582333670309268e+01 -9.076225677013485438e+02 -8.883367443646454831e+02
8.900000000000000000e+03 3.030234201240687639e+02 1.014829711054094329e-02 1.954523467386891156e+01 -9.078744848690101890e+02 -8.883292501951412987e+02
8.950000000000000000e+03 3.042710910024504756e+02 1.000280000929291112e-02 1.962571036813616843e+01 -9.082581515244288539e+02 -8.886324411562926571e+02
9.000000000000000000e+03 2.973370120547186275e+02 1.034024324868603947e-02 1.917845714848382954e+01 -9.075750734169813541e+02 -8.883966162684974961e+02
9.050000000000000000e+03 3.029777498871947614e+02 1.012772860911084934e-02 1.954228890981890032e+01 -9.080324693100784543e+02 -8.884901804002595327e+02
9.100000000000000000e+03 2.956041899289844537e+02 1.039511339885781753e-02 1.906668884000892916e+01 -9.074857443547562070e+02 -8.884190555147472423e+02
9.150000000000000000e+03 3.110570093606689852e+02 9.769579574381110840e-03 2.006340712020500661e+01 -9.086920759274693182e+02 -8.886286688072642619e+02
9.200000000000000000e+03 2.966250116900300213e+02 1.033663331369424204e-02 1.913253259846053211e+01 -9.075515856277381772e+02 -8.884190530292776202e+02
9.250000000000000000e+03 2.982218599586624350e+02 1.032705770541908138e-02 1.923553049260416614e+01 -9.076208954836338307e+02 -8.883853649910296326e+02
9.300000000000000000e+03 3.135578185240496509e+02 9.703674884349611576e-03 2.022471116050929751e+01 -9.088496304672647739e+02 -8.886249193067554870e+02
9.350000000000000000e+03 2.900345167549796201e+02 1.060930616947907204e-02 1.870744080169523826e+01 -9.071115294184436380e+02 -8.884040886167483677e+02
9.400000000000000000e+03 3.076002719537265762e+02 1.000968457626057184e-02 1.984044500131344435e+01 -9.081809068191183769e+02 -8.883404618178049077e+02
9.450000000000000000e+03 2.911434575796137665e+02 1.053330669040482281e-02 1.877896830490945845e+01 -9.070670284293901204e+02 -8.882880601244806940e+02
9.500000000000000000e+03 3.024517679057220221e+02 1.012247997028015503e-02 1.950836268306750654e+01 -9.080284934542937663e+02 -8.885201307712262633e+02
9.550000000000000000e+03 3.166757437694339501e+02 9.592054388497413958e-03 2.042581964443989762e+01 -9.091181289506793064e+02 -8.886923093062393946e+02
9.600000000000000000e+03 2.931362346291661538e+02 1.047064628833378579e-02 1.890750389819876176e+01 -9.073677419556738641e+02 -8.884602380574750669e+02
9.650000000000000000e+03 2.969020439082435132e+02 1.034834372571265954e-02 1.915040138139152859e+01 -9.076368491703146901e+02 -8.884864477889232148e+02
9.700000000000000000e+03 3.097275637492614351e+02 9.844969625852939207e-03 1.997765689518785592e+01 -9.086437662163561981e+02 -8.886661093211683919e+02
9.750000000000000000e+03 2.931587612934134199e+02 1.044164313503887637e-02 1.890895688470044078e+01 -9.074740008020784217e+02 -8.885650439173780342e+02
9.800000000000000000e+03 3.074325252511893609e+02 9.919201134456455404e-03 1.982962521495661790e+01 -9.084470849406610569e+02 -8.886174597257044070e+02
9.850000000000000000e+03 3.037742515505124743e+02 1.006952531499142635e-02 1.959366385608971228e+01 -9.082298369535282063e+02 -8.886361730974384727e+02
9.900000000000000000e+03 2.987876589715710338e+02 1.023320755141456789e-02 1.927202494732656035e+01 -9.078483049642386504e+02 -8.885762800169120510e+02
9.950000000000000000e+03 3.041134801994830354e+02 1.006456232050071016e-02 1.961554435479675718e+01 -9.082142790550695963e+02 -8.885987347002728711e+02
1.000000000000000000e+04 3.078850777518678115e+02 9.913413390729586966e-03 1.985881518589808792e+01 -9.084425865535894218e+02 -8.885837713676913836e+02
