# time_fs vacf
0.000000000000000000e+00 3.810931962860961891e-06
5.000000000000000000e+01 1.461415179084898537e-06
1.000000000000000000e+02 -1.906261418490657261e-06
1.500000000000000000e+02 -1.970525011669250696e-06
2.000000000000000000e+02 -1.960181037798682159e-07
2.500000000000000000e+02 3.322110929197710270e-07
3.000000000000000000e+02 -1.984780860684853135e-08
3.500000000000000000e+02 2.771645501014006595e-07
4.000000000000000000e+02 5.166835260972996514e-07
4.500000000000000000e+02 -1.511114816383034158e-07
5.000000000000000000e+02 -5.764432334701354932e-07
5.500000000000000000e+02 2.884398437309869522e-08
6.000000000000000000e+02 4.674040365624172700e-07
6.500000000000000000e+02 -2.237425361277885568e-08
7.000000000000000000e+02 -3.800125778476567907e-07
7.500000000000000000e+02 3.374409530321327892e-08
8.000000000000000000e+02 3.123041076316017965e-07
8.500000000000000000e+02 -4.225193985398506662e-08
9.000000000000000000e+02 -2.615380470822387539e-07
9.500000000000000000e+02 2.539587152400467050e-08
1.000000000000000000e+03 2.006356176564510481e-07
1.050000000000000000e+03 2.938740565417560589e-08
1.100000000000000000e+03 -6.599137499944499336e-10
1.150000000000000000e+03 1.798038125064014462e-07
1.200000000000000000e+03 1.123876327512855890e-07
1.250000000000000000e+03 -2.004432679907813795e-07
1.300000000000000000e+03 -3.105470162497616537e-07
1.350000000000000000e+03 -1.484411159502204787e-07
1.400000000000000000e+03 3.833392546251977023e-08
1.450000000000000000e+03 2.140591278055946483e-07
1.500000000000000000e+03 3.565688933049384558e-07
1.550000000000000000e+03 2.043394982342559820e-07
1.600000000000000000e+03 -2.387327557023883162e-07
1.650000000000000000e+03 -4.783285649817645502e-07
1.700000000000000000e+03 -2.551824630588293237e-07
1.750000000000000000e+03 6.119191158365612993e-08
1.800000000000000000e+03 1.432329342195464616e-07
1.850000000000000000e+03 1.577165834244590672e-07
1.900000000000000000e+03 2.322467152049826616e-07
1.950000000000000000e+03 1.288432180953905818e-07
2.000000000000000000e+03 -1.620773063128974128e-07
2.050000000000000000e+03 -1.982570215610096640e-07
2.100000000000000000e+03 1.134353938428038499e-07
2.150000000000000000e+03 2.496462602663908042e-07
2.200000000000000000e+03 -1.921589185111607932e-08
2.250000000000000000e+03 -2.215776796158306465e-07
2.300000000000000000e+03 -7.171213428874966404e-08
2.350000000000000000e+03 5.582331971399102617e-08
2.400000000000000000e+03 -6.581624408096872337e-08
2.450000000000000000e+03 -9.313232710103314838e-08
2.500000000000000000e+03 1.126862678626932594e-07
2.550000000000000000e+03 1.442491148515554151e-07
2.600000000000000000e+03 -1.092732338304454481e-07
2.650000000000000000e+03 -1.646518437037076906e-07
2.700000000000000000e+03 1.155242360042585029e-07
2.750000000000000000e+03 1.989413446231099259e-07
2.800000000000000000e+03 -1.132384560279170390e-07
2.850000000000000000e+03 -2.652365915569958231e-07
2.900000000000000000e+03 3.789042599796754505e-08
2.950000000000000000e+03 3.000371603559700430e-07
3.000000000000000000e+03 1.273411662337040881e-07
3.050000000000000000e+03 -1.440455296002792302e-07
3.100000000000000000e+03 -1.243455953229696729e-07
3.150000000000000000e+03 1.507967090596627444e-08
3.200000000000000000e+03 6.502770365971606912e-09
3.250000000000000000e+03 -3.546543232949096490e-08
3.300000000000000000e+03 3.398795648415317893e-08
3.350000000000000000e+03 6.974544751327844803e-08
3.400000000000000000e+03 -3.854901316011922470e-09
3.450000000000000000e+03 -7.953235948277848099e-09
3.500000000000000000e+03 7.165185843540745272e-08
3.550000000000000000e+03 6.607679675384403627e-09
3.600000000000000000e+03 -1.761911913485710487e-07
3.650000000000000000e+03 -1.564460865297900888e-07
3.700000000000000000e+03 9.339765581430898688e-08
3.750000000000000000e+03 2.009768926399919616e-07
3.800000000000000000e+03 2.528863783676304245e-08
3.850000000000000000e+03 -1.235286428779937673e-07
3.900000000000000000e+03 -5.016150176927277418e-08
3.950000000000000000e+03 4.415039142161825014e-08
4.000000000000000000e+03 -2.148204778292983972e-08
4.050000000000000000e+03 -1.112304689864681107e-07
4.100000000000000000e+03 -3.821282987777626074e-08
4.150000000000000000e+03 1.454587128403843142e-07
4.200000000000000000e+03 2.360951968734026914e-07
4.250000000000000000e+03 1.030578525646977030e-07
4.300000000000000000e+03 -1.627326545654774694e-07
4.350000000000000000e+03 -2.721709497862393638e-07
4.400000000000000000e+03 -4.739071793673001383e-08
4.450000000000000000e+03 2.829534363160479501e-07
4.500000000000000000e+03 3.109879454566331499e-07
4.550000000000000000e+03 -2.137176962984535188e-08
4.600000000000000000e+03 -3.482986118438703969e-07
4.650000000000000000e+03 -3.513871414500404936e-07
4.700000000000000000e+03 -1.005030185412847673e-07
4.750000000000000000e+03 1.250829252597602574e-07
4.800000000000000000e+03 1.875703046923177430e-07
4.850000000000000000e+03 1.547239986520564141e-07
4.900000000000000000e+03 1.104033140719650973e-07
4.950000000000000000e+03 3.512750925776360805e-08
5.000000000000000000e+03 -8.326669463211870752e-08
5.050000000000000000e+03 -1.526593310979702662e-07
5.100000000000000000e+03 -9.657211874013115966e-08
5.150000000000000000e+03 9.128871726076522074e-09
5.200000000000000000e+03 5.337311245439430551e-08
5.250000000000000000e+03 7.325454941698109332e-08
5.300000000000000000e+03 1.183743518139882608e-07
5.350000000000000000e+03 1.058924104586031437e-07
5.400000000000000000e+03 -1.746503691320971843e-08
5.450000000000000000e+03 -1.343819230103869041e-07
5.500000000000000000e+03 -1.337288530398264456e-07
5.550000000000000000e+03 -5.044693258167817777e-08
5.600000000000000000e+03 6.654386153815886473e-08
5.650000000000000000e+03 1.693360518167630881e-07
5.700000000000000000e+03 8.542306050648843560e-08
5.750000000000000000e+03 -2.311830948890291681e-07
5.800000000000000000e+03 -3.896654791396668716e-07
5.850000000000000000e+03 -4.248074641677723477e-08
5.900000000000000000e+03 4.410197039509508625e-07
5.950000000000000000e+03 4.036383950055001368e-07
6.000000000000000000e+03 -9.082197829944090758e-08
6.050000000000000000e+03 -3.665832723084531904e-07
6.100000000000000000e+03 -1.842925532183301944e-07
6.150000000000000000e+03 6.110823057015551314e-08
6.200000000000000000e+03 1.112968644813001781e-07
6.250000000000000000e+03 1.045113993071375680e-07
6.300000000000000000e+03 1.145707410398679491e-07
6.350000000000000000e+03 5.535720269806611864e-08
6.400000000000000000e+03 -4.752198770948730140e-09
6.450000000000000000e+03 2.822628178983656872e-08
6.500000000000000000e+03 6.186669651379403072e-09
6.550000000000000000e+03 -1.630207872196039152e-07
6.600000000000000000e+03 -2.465533163444532064e-07
6.650000000000000000e+03 -8.490686610084347860e-08
6.700000000000000000e+03 8.471640585238839488e-08
6.750000000000000000e+03 6.011984917809790835e-08
6.800000000000000000e+03 3.215687837588108984e-08
6.850000000000000000e+03 1.288090291607590430e-07
6.900000000000000000e+03 1.050844701052593822e-07
6.950000000000000000e+03 -1.257116804810676358e-07
7.000000000000000000e+03 -2.034218107223497825e-07
7.050000000000000000e+03 5.161542261782172045e-08
7.100000000000000000e+03 2.597259790035079165e-07
7.150000000000000000e+03 1.155933736683817455e-07
7.200000000000000000e+03 -1.261484474508394595e-07
7.250000000000000000e+03 -1.560843297143279105e-07
7.300000000000000000e+03 -5.133714768779928530e-08
7.350000000000000000e+03 3.733110377514063706e-08
7.400000000000000000e+03 1.264529063947632030e-07
7.450000000000000000e+03 1.560215350280308611e-07
7.500000000000000000e+03 -4.892113336544136971e-09
7.550000000000000000e+03 -2.078605606701360484e-07
7.600000000000000000e+03 -1.720896899490660178e-07
7.650000000000000000e+03 1.571507241958291736e-08
7.700000000000000000e+03 4.806522827416406466e-08
7.750000000000000000e+03 -3.697850787821836587e-08
7.800000000000000000e+03 2.807496720881083116e-08
7.850000000000000000e+03 1.788195583673690093e-07
7.900000000000000000e+03 1.234731631015072561e-07
7.950000000000000000e+03 -1.064100493249185467e-07
8.000000000000000000e+03 -2.102499701564881098e-07
8.050000000000000000e+03 -9.660799462005321602e-08
8.100000000000000000e+03 7.989596953336164804e-08
8.150000000000000000e+03 1.909614627192835376e-07
8.200000000000000000e+03 1.735829012626339587e-07
8.250000000000000000e+03 -6.992743514933020737e-09
8.300000000000000000e+03 -2.032488434229618874e-07
8.350000000000000000e+03 -1.656455740002703520e-07
8.400000000000000000e+03 7.317781590326014487e-08
8.450000000000000000e+03 1.783712206734778090e-07
8.500000000000000000e+03 2.510440557378590648e-08
8.550000000000000000e+03 -1.263302140663191881e-07
8.600000000000000000e+03 -6.427481445477883026e-08
8.650000000000000000e+03 8.131172706329490371e-08
8.700000000000000000e+03 9.266831822031681172e-08
8.750000000000000000e+03 -4.983128146597450128e-08
8.800000000000000000e+03 -1.839418148574968289e-07
8.850000000000000000e+03 -1.394404426961150739e-07
8.900000000000000000e+03 6.295937862458864490e-08
8.950000000000000000e+03 1.911178333376379546e-07
9.000000000000000000e+03 9.294543679265067536e-08
9.050000000000000000e+03 -5.834182627709980563e-08
9.100000000000000000e+03 -3.654357009096367035e-08
9.150000000000000000e+03 7.360028337016438771e-08
9.200000000000000000e+03 7.147901751805085276e-08
9.250000000000000000e+03 -1.244824545916753323e-08
9.300000000000000000e+03 -5.036060955356774965e-08
9.350000000000000000e+03 -4.628202961672510887e-08
9.400000000000000000e+03 -4.189790129188045367e-08
9.450000000000000000e+03 -2.826180242973475918e-08
9.500000000000000000e+03 -2.418474001015581685e-08
9.550000000000000000e+03 -5.105029711501648888e-08
9.600000000000000000e+03 -2.271236496193624422e-08
9.650000000000000000e+03 1.202608504610720410e-07
9.700000000000000000e+03 1.981848236336690708e-07
9.750000000000000000e+03 6.988531453780316921e-08
9.800000000000000000e+03 -1.201740188135510720e-07
9.850000000000000000e+03 -1.668630631364513898e-07
9.900000000000000000e+03 -1.134695652115957851e-07
9.950000000000000000e+03 -6.782426502883240015e-08
1.000000000000000000e+04 2.461276532640162627e-08
