# k_1_per_A S_k
1.000000000000000056e-01 -6.634700180900008348e-01
1.397993311036789255e-01 -5.948270733889726714e-01
1.795986622073578731e-01 -5.095748122492580467e-01
2.193979933110368208e-01 -4.124499433892132583e-01
2.591973244147157684e-01 -3.087453705542906324e-01
2.989966555183947161e-01 -2.039627291059560310e-01
3.387959866220736083e-01 -1.034563076256276304e-01
3.785953177257525004e-01 -1.209353872224583348e-02
4.183946488294314481e-01 6.604421577611874206e-02
4.581939799331103957e-01 1.279000647029674420e-01
4.979933110367893434e-01 1.716033488568370347e-01
5.377926421404682911e-01 1.965447636328091496e-01
5.775919732441472387e-01 2.033613439621206886e-01
6.173913043478260754e-01 1.938344934784352880e-01
6.571906354515050230e-01 1.707105930823095141e-01
6.969899665551839707e-01 1.374592713879838612e-01
7.367892976588629184e-01 9.798874864159212716e-02
7.765886287625418660e-01 5.634046166613004836e-02
8.163879598662208137e-01 1.638624620423623224e-02
8.561872909698997614e-01 -1.844936437630506632e-02
8.959866220735787090e-01 -4.542158938976270655e-02
9.357859531772575457e-01 -6.263638653945169388e-02
9.755852842809364933e-01 -6.914885339588106028e-02
1.015384615384615552e+00 -6.498378109127456170e-02
1.055183946488294389e+00 -5.107924961970300437e-02
1.094983277591973447e+00 -2.916012121012601099e-02
1.134782608695652284e+00 -1.553607075144514127e-03
1.174581939799331343e+00 2.903665263557497767e-02
1.214381270903010179e+00 5.977866417046306946e-02
1.254180602006689238e+00 8.796166740564570485e-02
1.293979933110368075e+00 1.112269397350357236e-01
1.333779264214047133e+00 1.277614781747038464e-01
1.373578595317725970e+00 1.364396089631948472e-01
1.413377926421404807e+00 1.369021039515665450e-01
1.453177257525083865e+00 1.295676796460770719e-01
1.492976588628762702e+00 1.155773856322345194e-01
1.532775919732441761e+00 9.667790019118815970e-02
1.572575250836120597e+00 7.505470243266565422e-02
1.612374581939799656e+00 5.313009137677338067e-02
1.652173913043478493e+00 3.334376170682196161e-02
1.691973244147157551e+00 1.793491532230206964e-02
1.731772575250836388e+00 8.744598177425011443e-03
1.771571906354515225e+00 7.055138944584871119e-03
1.811371237458194283e+00 1.348038656040606575e-02
1.851170568561873120e+00 2.791616206132652156e-02
1.890969899665552179e+00 4.955530646970363051e-02
1.930769230769231015e+00 7.696632845767570341e-02
1.970568561872910074e+00 1.082293654794388438e-01
2.010367892976588688e+00 1.411183928579370361e-01
2.050167224080267747e+00 1.733147269436238203e-01
2.089966555183946806e+00 2.026341784801058976e-01
2.129765886287625865e+00 2.272489321337697321e-01
2.169565217391304479e+00 2.458854571396320576e-01
2.209364548494983538e+00 2.579814725032770761e-01
2.249163879598662596e+00 2.637880618398076304e-01
2.288963210702341655e+00 2.644072162195203468e-01
2.328762541806020270e+00 2.617600512547533231e-01
2.368561872909699328e+00 2.584863105557685392e-01
2.408361204013378387e+00 2.577811160540984803e-01
2.448160535117057002e+00 2.631798444102941836e-01
2.487959866220736060e+00 2.783061209134731762e-01
2.527759197324415119e+00 3.066009150854430709e-01
2.567558528428094178e+00 3.510523702842930360e-01
2.607357859531772792e+00 4.139461816179811349e-01
2.647157190635451851e+00 4.966550433439160805e-01
2.686956521739130910e+00 5.994830213450961232e-01
2.726755852842809524e+00 7.215768736592849120e-01
2.766555183946488583e+00 8.609116337209216097e-01
2.806354515050167642e+00 1.014352541021160681e+00
2.846153846153846700e+00 1.177790041479380267e+00
2.885953177257525315e+00 1.346339479358028779e+00
2.925752508361204374e+00 1.514592633871298277e+00
2.965551839464883432e+00 1.676904734546333042e+00
3.005351170568562047e+00 1.827698262677000862e+00
3.045150501672241106e+00 1.961763862731478847e+00
3.084949832775920164e+00 2.074539096691486062e+00
3.124749163879599223e+00 2.162347522144515644e+00
3.164548494983277838e+00 2.222583510568091114e+00
3.204347826086956896e+00 2.253832110951293988e+00
3.244147157190635955e+00 2.255917806655298286e+00
3.283946488294315014e+00 2.229880870619147082e+00
3.323745819397993628e+00 2.177884841773003899e+00
3.363545150501672687e+00 2.103063082320776545e+00
3.403344481605351746e+00 2.009316127320190049e+00
3.443143812709030360e+00 1.901074359605384512e+00
3.482943143812709419e+00 1.783042264877326977e+00
3.522742474916388478e+00 1.659941059755582149e+00
3.562541806020067536e+00 1.536265844971544059e+00
3.602341137123746151e+00 1.416071707761259013e+00
3.642140468227425210e+00 1.302800549048562795e+00
3.681939799331104268e+00 1.199157070259325053e+00
3.721739130434782883e+00 1.107038591249852377e+00
3.761538461538461942e+00 1.027519474390207410e+00
3.801337792642141000e+00 9.608871872068861508e-01
3.841137123745820059e+00 9.067237099789828836e-01
3.880936454849498674e+00 8.640233052688979232e-01
3.920735785953177732e+00 8.313357759134835101e-01
3.960535117056856791e+00 8.069233415025305334e-01
4.000334448160534961e+00 7.889191842889630157e-01
4.040133779264214020e+00 7.754765072399849579e-01
4.079933110367893079e+00 7.648984998021856052e-01
4.119732441471572137e+00 7.557417594287001439e-01
4.159531772575251196e+00 7.468882707221926598e-01
4.199331103678930255e+00 7.375837812414445249e-01
4.239130434782608425e+00 7.274431138739798630e-01
4.278929765886287484e+00 7.164254158563967412e-01
4.318729096989966543e+00 7.047843902330697130e-01
4.358528428093645601e+00 6.930000555379357552e-01
4.398327759197324660e+00 6.816994531219434661e-01
4.438127090301003719e+00 6.715739424265876334e-01
4.477926421404682777e+00 6.633003195815125874e-01
4.517725752508360948e+00 6.574720392020996229e-01
4.557525083612040007e+00 6.545454279402866948e-01
4.597324414715719065e+00 6.548040940293605727e-01
4.637123745819398124e+00 6.583429175138251210e-01
4.676923076923077183e+00 6.650712100609256217e-01
4.716722408026756241e+00 6.747330083714808691e-01
4.756521739130435300e+00 6.869411351541558908e-01
4.796321070234113471e+00 7.012207181514537035e-01
4.836120401337792529e+00 7.170573546195122550e-01
4.875919732441471588e+00 7.339450595074901162e-01
4.915719063545150647e+00 7.514295147688001553e-01
4.955518394648829705e+00 7.691428844064064352e-01
4.995317725752508764e+00 7.868274869211554501e-01
5.035117056856187823e+00 8.043468169930453326e-01
5.074916387959865993e+00 8.216836660860494801e-01
5.114715719063545052e+00 8.389262935686876421e-01
5.154515050167224111e+00 8.562446436078372525e-01
5.194314381270903169e+00 8.738594058056073921e-01
5.234113712374582228e+00 8.920072222375632354e-01
5.273913043478261287e+00 9.109055223632246401e-01
5.313712374581940345e+00 9.307203224585378631e-01
5.353511705685618516e+00 9.515398883318932910e-01
5.393311036789297575e+00 9.733564838870761848e-01
5.433110367892976633e+00 9.960575865029366316e-01
5.472909698996655692e+00 1.019427026965597616e+00
5.512709030100334751e+00 1.043155593502219869e+00
5.552508361204013809e+00 1.066859808163418188e+00
5.592307692307692868e+00 1.090106909387457579e+00
5.632107023411371038e+00 1.112443609609322426e+00
5.671906354515050097e+00 1.133425972548396832e+00
5.711705685618729156e+00 1.152647779599508260e+00
5.751505016722408214e+00 1.169765014184187546e+00
5.791304347826087273e+00 1.184514552302431190e+00
5.831103678929766332e+00 1.196725755903019328e+00
5.870903010033445391e+00 1.206324361144531565e+00
5.910702341137123561e+00 1.213328769314169664e+00
5.950501672240802620e+00 1.217839518567973789e+00
5.990301003344481678e+00 1.220023281333761922e+00
6.030100334448160737e+00 1.220093148807565253e+00
6.069899665551839796e+00 1.218287199794216846e+00
6.109698996655518854e+00 1.214847393273643439e+00
6.149498327759197913e+00 1.210000677747603337e+00
6.189297658862876084e+00 1.203943897758531945e+00
6.229096989966555142e+00 1.196833635254574757e+00
6.268896321070234201e+00 1.188781597251466149e+00
6.308695652173913260e+00 1.179855603667419039e+00
6.348494983277592318e+00 1.170085693065625598e+00
6.388294314381271377e+00 1.159474397911029575e+00
6.428093645484950436e+00 1.148009884954162008e+00
6.467892976588629494e+00 1.135680438835552586e+00
6.507692307692307665e+00 1.122488702402214766e+00
6.547491638795986724e+00 1.108464175317078304e+00
6.587290969899665782e+00 1.093672699023898520e+00
6.627090301003344841e+00 1.078221994487408741e+00
6.666889632107023900e+00 1.062262733527538083e+00
6.706688963210702958e+00 1.045985073499097195e+00
6.746488294314382017e+00 1.029611025377937805e+00
6.786287625418060188e+00 1.013383416225338118e+00
6.826086956521739246e+00 9.975525137833380906e-01
6.865886287625418305e+00 9.823615778975717250e-01
6.905685618729097364e+00 9.680326759318046426e-01
6.945484949832776422e+00 9.547540447171819489e-01
6.985284280936455481e+00 9.426701091030437185e-01
7.025083612040134540e+00 9.318749966653327999e-01
7.064882943143812710e+00 9.224100478002683623e-01
7.104682274247491769e+00 9.142654440135188354e-01
7.144481605351170828e+00 9.073857006538896819e-01
7.184280936454849886e+00 9.016784284106000857e-01
7.224080267558528945e+00 8.970254910332160492e-01
7.263879598662208004e+00 8.932954983833185647e-01
7.303678929765887062e+00 8.903564885983807908e-01
7.343478260869565233e+00 8.880876753787838584e-01
7.383277591973244292e+00 8.863892606697998389e-01
7.423076923076923350e+00 8.851895245443056615e-01
7.462876254180602409e+00 8.844486805734824708e-01
7.502675585284281468e+00 8.841592988128065267e-01
7.542474916387960526e+00 8.843434195928023822e-01
7.582274247491639585e+00 8.850467797685317439e-01
7.622073578595317755e+00 8.863308221893274608e-01
7.661872909698996814e+00 8.882633375763461236e-01
7.701672240802675873e+00 8.909086816476302628e-01
7.741471571906354932e+00 8.943185134207148890e-01
7.781270903010033990e+00 8.985239159391623653e-01
7.821070234113713049e+00 9.035295990445304515e-01
7.860869565217392108e+00 9.093106628680478476e-01
7.900668896321070278e+00 9.158121430033052679e-01
7.940468227424749337e+00 9.229512890879955078e-01
7.980267558528428395e+00 9.306222732740260239e-01
8.020066889632108342e+00 9.387028071863360301e-01
8.059866220735786513e+00 9.470619846167499523e-01
8.099665551839466460e+00 9.555685756422149790e-01
8.139464882943144630e+00 9.640989824286700927e-01
8.179264214046822801e+00 9.725441266948163799e-01
8.219063545150502748e+00 9.808146656694095578e-01
8.258862876254180918e+00 9.888441133362053659e-01
8.298662207357860865e+00 9.965896582185659325e-01
8.338461538461539035e+00 1.004030696622564722e+00
8.378260869565217206e+00 1.011165319230295401e+00
8.418060200668897153e+00 1.018005178764650687e+00
8.457859531772575323e+00 1.024569310011280487e+00
8.497658862876255270e+00 1.030877558498241697e+00
8.537458193979933441e+00 1.036944294167742919e+00
8.577257525083613388e+00 1.042773041289658531e+00
8.617056856187291558e+00 1.048352551658735976e+00
8.656856187290969729e+00 1.053654696186291817e+00
8.696655518394649675e+00 1.058634365931028221e+00
8.736454849498327846e+00 1.063231375615411034e+00
8.776254180602007793e+00 1.067374169784680360e+00
8.816053511705685963e+00 1.070984962055916867e+00
8.855852842809365910e+00 1.073985806806612819e+00
8.895652173913044081e+00 1.076305021580508336e+00
8.935451505016722251e+00 1.077883353874517169e+00
8.975250836120402198e+00 1.078679318788123620e+00
9.015050167224080369e+00 1.078673219830657226e+00
9.054849498327760315e+00 1.077869494702344833e+00
9.094648829431438486e+00 1.076297187941078981e+00
9.134448160535118433e+00 1.074008527276543390e+00
9.174247491638796603e+00 1.071075753676446363e+00
9.214046822742474774e+00 1.067586510314465276e+00
9.253846153846154721e+00 1.063638219024081621e+00
9.293645484949832891e+00 1.059331953552648198e+00
9.333444816053512838e+00 1.054766350673103537e+00
9.373244147157191009e+00 1.050032081267348927e+00
9.413043478260870955e+00 1.045207336964461886e+00
9.452842809364549126e+00 1.040354681262477765e+00
9.492642140468227296e+00 1.035519478300983565e+00
9.532441471571907243e+00 1.030729961028196140e+00
9.572240802675585414e+00 1.025998847970625683e+00
9.612040133779265361e+00 1.021326278428019485e+00
9.651839464882943531e+00 1.016703722325088988e+00
9.691638795986623478e+00 1.012118443036139626e+00
9.731438127090301649e+00 1.007558055523262830e+00
9.771237458193979819e+00 1.003014730246235109e+00
9.811036789297659766e+00 9.984886434610383832e-01
9.850836120401337936e+00 9.939903607715363520e-01
9.890635451505017883e+00 9.895419539460899028e-01
9.930434782608696054e+00 9.851767795835509878e-01
9.970234113712376001e+00 9.809379795949906278e-01
1.001003344481605417e+01 9.768758851224806916e-01
1.004983277591973234e+01 9.730446061710882333e-01
1.008963210702341229e+01 9.694981599089214086e-01
1.012943143812709046e+01 9.662865254041239638e-01
1.016923076923077041e+01 9.634520091950176113e-01
1.020903010033444858e+01 9.610262659028436794e-01
1.024882943143812852e+01 9.590282459388104197e-01
1.028862876254180669e+01 9.574632459932514994e-01
1.032842809364548486e+01 9.563231272989300980e-01
1.036822742474916481e+01 9.555876526236909418e-01
1.040802675585284298e+01 9.552267866017406517e-01
1.044782608695652293e+01 9.552037153778472067e-01
1.048762541806020110e+01 9.554782786906300673e-01
1.052742474916388105e+01 9.560104758670955327e-01
1.056722408026755922e+01 9.567637090255763921e-01
1.060702341137123739e+01 9.577074611058110643e-01
1.064682274247491733e+01 9.588191690829740432e-01
1.068662207357859550e+01 9.600851371613623453e-01
1.072642140468227545e+01 9.615004322348059684e-01
1.076622073578595362e+01 9.630678047361088678e-01
1.080602006688963357e+01 9.647957723624149828e-01
1.084581939799331174e+01 9.666960830806183846e-01
1.088561872909698991e+01 9.687808299913099885e-01
1.092541806020066986e+01 9.710595191113695623e-01
1.096521739130434803e+01 9.735363897458734206e-01
1.100501672240802797e+01 9.762082566045016119e-01
1.104481605351170614e+01 9.790630867129728188e-01
1.108461538461538609e+01 9.820794484089162557e-01
1.112441471571906426e+01 9.852268820046644615e-01
1.116421404682274243e+01 9.884671507596870521e-01
1.120401337792642238e+01 9.917562454912205450e-01
1.124381270903010055e+01 9.950469446132144125e-01
1.128361204013378050e+01 9.982916803028895059e-01
1.132341137123745867e+01 1.001445435431315811e+00
1.136321070234113861e+01 1.004468396946503805e+00
1.140301003344481678e+01 1.007328119003125577e+00
1.144280936454849495e+01 1.010001000183566422e+00
1.148260869565217490e+01 1.012472948338187129e+00
1.152240802675585307e+01 1.014739186920865066e+00
1.156220735785953302e+01 1.016803240283160603e+00
1.160200668896321119e+01 1.018675214109326488e+00
1.164180602006689114e+01 1.020369553516149219e+00
1.168160535117056931e+01 1.021902509106044743e+00
1.172140468227424748e+01 1.023289566129498285e+00
1.176120401337792742e+01 1.024543091828071573e+00
1.180100334448160559e+01 1.025670431359575474e+00
1.184080267558528554e+01 1.026672636169782660e+00
1.188060200668896371e+01 1.027543945039296469e+00
1.192040133779264366e+01 1.028272063632612809e+00
1.196020066889632183e+01 1.028839210475809285e+00
1.200000000000000000e+01 1.029223823382421577e+00
