# time_fs temperature_K pressure_eV_per_A3 kinetic_energy_eV potential_energy_eV total_energy_eV
0.000000000000000000e+00 1.196359681291593733e+04 8.131015508564592986e-01 7.716608411199807733e+02 -2.007917112388542478e+02 5.708691298811265824e+02
5.000000000000000000e+01 1.218314670622368249e+04 8.061112745141857383e-01 7.858219715882653418e+02 -2.149010895021266379e+02 5.709208820861387039e+02
1.000000000000000000e+02 1.180958026917462485e+04 8.224609422835456041e-01 7.617266601584906311e+02 -1.903848692730423977e+02 5.713417908854482903e+02
1.500000000000000000e+02 1.234774914353367785e+04 7.969980383580026473e-01 7.964389505128560813e+02 -2.252621423605359041e+02 5.711768081523201772e+02
2.000000000000000000e+02 1.227526011007390844e+04 8.002003684055448707e-01 7.917633542514415694e+02 -2.207181415876312656e+02 5.710452126638102754e+02
2.500000000000000000e+02 1.229929364049517244e+04 7.983398800870363798e-01 7.933135347356195552e+02 -2.223372356451604617e+02 5.709762990904590652e+02
3.000000000000000000e+02 1.176765577493501951e+04 8.229686829955491500e-01 7.590224992782495974e+02 -1.881574137182072946e+02 5.708650855600423029e+02
3.500000000000000000e+02 1.250648663103364379e+04 7.873127744066698019e-01 8.066776358377622955e+02 -2.358329896328944244e+02 5.708446462048678995e+02
4.000000000000000000e+02 1.148384601671257587e+04 8.399850965189304963e-01 7.407165600049073646e+02 -1.697320114505848210e+02 5.709845485543226005e+02
4.500000000000000000e+02 1.182456305512774088e+04 8.251224677762096782e-01 7.626930609317446397e+02 -1.918156469390476389e+02 5.708774139926970292e+02
5.000000000000000000e+02 1.195595046304494645e+04 8.136497360207527452e-01 7.711676458990772289e+02 -2.003297478510965846e+02 5.708378980479806160e+02
5.500000000000000000e+02 1.172161577178773769e+04 8.233669273826773605e-01 7.560528850301797092e+02 -1.850865430236358407e+02 5.709663420065438686e+02
6.000000000000000000e+02 1.216547782913968513e+04 8.060803185929003023e-01 7.846823159507932814e+02 -2.137887364594214716e+02 5.708935794913718382e+02
6.500000000000000000e+02 1.161523414223184955e+04 8.298208320609233857e-01 7.491911912581039132e+02 -1.781497811375360243e+02 5.710414101205678890e+02
7.000000000000000000e+02 1.212590179250437177e+04 8.066054628311596364e-01 7.821296323226363256e+02 -2.111210868559614653e+02 5.710085454666748319e+02
7.500000000000000000e+02 1.211009640438018687e+04 8.069223141163117674e-01 7.811101731010609228e+02 -2.101856380063277641e+02 5.709245350947331872e+02
8.000000000000000000e+02 1.197727267125388062e+04 8.151711881324165132e-01 7.725429440956261260e+02 -2.018579262140348192e+02 5.706850178815913068e+02
8.500000000000000000e+02 1.179078003242753402e+04 8.221242003287798639e-01 7.605140309861455989e+02 -1.898048424041911062e+02 5.707091885819545496e+02
9.000000000000000000e+02 1.195106420732191691e+04 8.167792001804269342e-01 7.708524787917161802e+02 -1.997816762928838443e+02 5.710708024988323359e+02
9.500000000000000000e+02 1.172529204303237384e+04 8.276930480092088427e-01 7.562900072439406358e+02 -1.851022128138669700e+02 5.711877944300736090e+02
1.000000000000000000e+03 1.246398396649570168e+04 7.921909694881973385e-01 8.039361825457405075e+02 -2.329656292606454713e+02 5.709705532850950931e+02
1.050000000000000000e+03 1.225895646058981583e+04 8.005574327248782263e-01 7.907117568037043611e+02 -2.198466335234087978e+02 5.708651232802956201e+02
1.100000000000000000e+03 1.227044569121816130e+04 7.996587244232111757e-01 7.914528206751413109e+02 -2.203121130040510707e+02 5.711407076710902402e+02
1.150000000000000000e+03 1.237093618803209029e+04 7.972130358635560743e-01 7.979345320290615291e+02 -2.268216637082153966e+02 5.711128683208461325e+02
1.200000000000000000e+03 1.208131407081840189e+04 8.122761683835059143e-01 7.792536913027355467e+02 -2.083780705255876171e+02 5.708756207771479012e+02
1.250000000000000000e+03 1.202603397044219309e+04 8.119975760576157997e-01 7.756880839506515031e+02 -2.047289759995068721e+02 5.709591079511446878e+02
1.300000000000000000e+03 1.237947100715994384e+04 7.940140801927590974e-01 7.984850341740265094e+02 -2.276011535754837212e+02 5.708838805985427598e+02
1.350000000000000000e+03 1.194633338387832919e+04 8.186262634962722107e-01 7.705473371813162657e+02 -1.996545711081042782e+02 5.708927660732119875e+02
1.400000000000000000e+03 1.156814245720023064e+04 8.338013175369440866e-01 7.461537427508101246e+02 -1.754053095056748930e+02 5.707484332451351747e+02
1.450000000000000000e+03 1.200024480337666137e+04 8.128679987801467055e-01 7.740246636046827007e+02 -2.031089016836618839e+02 5.709157619210208168e+02
1.500000000000000000e+03 1.220720475268356859e+04 8.044153329984723433e-01 7.873737333750631251e+02 -2.164940957285898833e+02 5.708796376464732703e+02
1.550000000000000000e+03 1.176117264546184560e+04 8.265058615356474236e-01 7.586043326331684966e+02 -1.877681475499588544e+02 5.708361850832096707e+02
1.600000000000000000e+03 1.147638971782642511e+04 8.376838853826491516e-01 7.402356232130624676e+02 -1.689824742112270428e+02 5.712531490018354816e+02
1.650000000000000000e+03 1.193657856087793880e+04 8.153525188167422000e-01 7.699181438844198055e+02 -1.988579655739611098e+02 5.710601783104586957e+02
1.700000000000000000e+03 1.190585261959558920e+04 8.160440424467855225e-01 7.679362979508838407e+02 -1.968292968840764274e+02 5.711070010668074701e+02
1.750000000000000000e+03 1.225912231984673417e+04 8.034980881482737258e-01 7.907224548484230127e+02 -2.196674680740199506e+02 5.710549867744030053e+02
1.800000000000000000e+03 1.169677708146830810e+04 8.287544997369382660e-01 7.544507711371808227e+02 -1.834350973579874164e+02 5.710156737791934347e+02
1.850000000000000000e+03 1.215396588634794716e+04 8.047178307548464860e-01 7.839397871280225445e+02 -2.130368858767649272e+02 5.709029012512576173e+02
1.900000000000000000e+03 1.173193014871012747e+04 8.270167593816876161e-01 7.567181699688168237e+02 -1.859148415561761851e+02 5.708033284126406670e+02
1.950000000000000000e+03 1.198341212247510703e+04 8.144013915498579115e-01 7.729389432393177231e+02 -2.018447171544426340e+02 5.710942260848751175e+02
2.000000000000000000e+03 1.204193545082049786e+04 8.126700938885573766e-01 7.767137411936746503e+02 -2.056343851668854654e+02 5.710793560267891280e+02
2.050000000000000000e+03 1.170378600381525212e+04 8.267128056032581052e-01 7.549028518114265580e+02 -1.839628331024555621e+02 5.709400187089710244e+02
2.100000000000000000e+03 1.212340095347600982e+04 8.089244734312321938e-01 7.819683263560185651e+02 -2.107068161191963895e+02 5.712615102368222324e+02
2.150000000000000000e+03 1.160961564818393163e+04 8.358324586725270899e-01 7.488287942373214037e+02 -1.777571281981764173e+02 5.710716660391449295e+02
2.200000000000000000e+03 1.173842281330707192e+04 8.264917227410703005e-01 7.571369516364319452e+02 -1.863325919311576513e+02 5.708043597052742371e+02
2.250000000000000000e+03 1.166116045551677962e+04 8.290634327689839767e-01 7.521534724259821587e+02 -1.813244753037130295e+02 5.708289971222691292e+02
2.300000000000000000e+03 1.169598560152330538e+04 8.291255881670419603e-01 7.543997200954547679e+02 -1.835875049473770559e+02 5.708122151480777120e+02
2.350000000000000000e+03 1.228718100599342324e+04 8.004458209928898560e-01 7.925322608533613220e+02 -2.216059331491650539e+02 5.709263277041962965e+02
2.400000000000000000e+03 1.177660147706192402e+04 8.244304447226289412e-01 7.595995036804878282e+02 -1.887368599547542942e+02 5.708626437257335056e+02
2.450000000000000000e+03 1.178449707472840782e+04 8.233892540009337679e-01 7.601087755685111915e+02 -1.895047455504680158e+02 5.706040300180432041e+02
2.500000000000000000e+03 1.178156769524633091e+04 8.242359320268412004e-01 7.599198284257372507e+02 -1.889923647732638301e+02 5.709274636524734206e+02
2.550000000000000000e+03 1.182449314609118846e+04 8.211751589089365533e-01 7.626885517471915819e+02 -1.919419443647041135e+02 5.707466073824874684e+02
2.600000000000000000e+03 1.149309747786630396e+04 8.379408306158654396e-01 7.413132860904744348e+02 -1.704561654516889178e+02 5.708571206387855455e+02
2.650000000000000000e+03 1.203068709632173704e+04 8.148557590778389148e-01 7.759882140107158648e+02 -2.049779695664305166e+02 5.710102444442853766e+02
2.700000000000000000e+03 1.226595512185541702e+04 7.990151863773539143e-01 7.911631756306157968e+02 -2.200949984701464643e+02 5.710681771604693040e+02
2.750000000000000000e+03 1.203779978372183905e+04 8.131537714306333875e-01 7.764469876076211676e+02 -2.053755075917100612e+02 5.710714800159111064e+02
2.800000000000000000e+03 1.191074419706218214e+04 8.197846926335923268e-01 7.682518083146400159e+02 -1.969972165384388347e+02 5.712545917762012095e+02
2.850000000000000000e+03 1.185166763442427509e+04 8.217246218639150390e-01 7.644413263393172429e+02 -1.933343178578540176e+02 5.711070084814632537e+02
2.900000000000000000e+03 1.158809575003956161e+04 8.315097365716643818e-01 7.474407448937516847e+02 -1.767531232644976171e+02 5.706876216292540676e+02
2.950000000000000000e+03 1.211601489202033554e+04 8.078410092474019866e-01 7.814919199303777759e+02 -2.105688266614247084e+02 5.709230932689530391e+02
3.000000000000000000e+03 1.132752726894300213e+04 8.450221695229880314e-01 7.306338851811901804e+02 -1.596327664222397971e+02 5.710011187589503834e+02
3.050000000000000000e+03 1.217109334262209450e+04 8.061830446653942550e-01 7.850445207228964364e+02 -2.141065748524291052e+02 5.709379458704672743e+02
3.100000000000000000e+03 1.231841397508613954e+04 7.964979319229332777e-01 7.945468104555963009e+02 -2.235140488124720264e+02 5.710327616431243314e+02
3.150000000000000000e+03 1.250680000205206852e+04 7.887487860263205919e-01 8.066978485001782246e+02 -2.358053168947884046e+02 5.708925316053898769e+02
3.200000000000000000e+03 1.203867025515232490e+04 8.102614859824618376e-01 7.765031336585724375e+02 -2.055041939629154513e+02 5.709989396956569863e+02
3.250000000000000000e+03 1.166659361005842584e+04 8.291234486360617995e-01 7.525039149115576720e+02 -1.817889930615604328e+02 5.707149218499972676e+02
3.300000000000000000e+03 1.214441545976213638e+04 8.080161458717670664e-01 7.833237775510109486e+02 -2.124384426174546832e+02 5.708853349335562370e+02
3.350000000000000000e+03 1.232215989637175699e+04 7.985621236620692454e-01 7.947884251485044160e+02 -2.239627923408291963e+02 5.708256328076752197e+02
3.400000000000000000e+03 1.221682864522997806e+04 8.028497281072398684e-01 7.879944815608590716e+02 -2.168730026310528558e+02 5.711214789298062442e+02
3.450000000000000000e+03 1.191269908691279670e+04 8.198071824835196919e-01 7.683779001555815285e+02 -1.974653266497438153e+02 5.709125735058377131e+02
3.500000000000000000e+03 1.172293607512344170e+04 8.265209096946289913e-01 7.561380455716536062e+02 -1.852078873901272118e+02 5.709301581815263944e+02
3.550000000000000000e+03 1.185347151203796784e+04 8.213714797510979215e-01 7.645576777793087331e+02 -1.935843431939466086e+02 5.709733345853621813e+02
3.600000000000000000e+03 1.184487443494842410e+04 8.234017224937164592e-01 7.640031599497770003e+02 -1.929768530948906573e+02 5.710263068548863430e+02
3.650000000000000000e+03 1.213605963305879413e+04 8.062699249320143258e-01 7.827848205497859908e+02 -2.117642133038102088e+02 5.710206072459757252e+02
3.700000000000000000e+03 1.172188143542375838e+04 8.269820704731565275e-01 7.560700205311525224e+02 -1.852737250086464655e+02 5.707962955225060568e+02
3.750000000000000000e+03 1.170982379802487958e+04 8.271231564552686821e-01 7.552922940026980996e+02 -1.843586520583460526e+02 5.709336419443520754e+02
3.800000000000000000e+03 1.140905798597675494e+04 8.411485968426019033e-01 7.358926767191545650e+02 -1.650304529656189061e+02 5.708622237535356589e+02
3.850000000000000000e+03 1.211883532638864926e+04 8.086488653107676283e-01 7.816738400327525369e+02 -2.108839927379391668e+02 5.707898472948133985e+02
3.900000000000000000e+03 1.140508345245956116e+04 8.428079138665764969e-01 7.356363163682585764e+02 -1.647853187281593819e+02 5.708509976400991945e+02
3.950000000000000000e+03 1.226896144820334302e+04 8.044888449490936733e-01 7.913570859031366354e+02 -2.205930847222946056e+02 5.707640011808420013e+02
4.000000000000000000e+03 1.241313288207499863e+04 7.940695120755393299e-01 8.006562499978984988e+02 -2.296739649555606775e+02 5.709822850423378213e+02
4.050000000000000000e+03 1.209294937803107314e+04 8.064182111379234463e-01 7.800041772218803544e+02 -2.090551330911054890e+02 5.709490441307748370e+02
4.100000000000000000e+03 1.184378351360710258e+04 8.213618896052987672e-01 7.639327947165612613e+02 -1.929880391784992639e+02 5.709447555380620543e+02
4.150000000000000000e+03 1.186641794466154352e+04 8.222161730403425572e-01 7.653927322569910530e+02 -1.944072091291925801e+02 5.709855231277985013e+02
4.200000000000000000e+03 1.201870120791540103e+04 8.137850280005692882e-01 7.752151153453363577e+02 -2.042962768363290706e+02 5.709188385090072870e+02
4.250000000000000000e+03 1.214241902740728256e+04 8.070611337286061060e-01 7.831950061878267206e+02 -2.124738650315533732e+02 5.707211411562733474e+02
4.300000000000000000e+03 1.219436774439388864e+04 8.043985467319462179e-01 7.865457368478328135e+02 -2.153940493247779386e+02 5.711516875230548749e+02
4.350000000000000000e+03 1.192262607803578612e+04 8.182245035304084313e-01 7.690181984236982089e+02 -1.978106228681334073e+02 5.712075755555647447e+02
4.400000000000000000e+03 1.204171967453820616e+04 8.110653473716298301e-01 7.766998234639073644e+02 -2.059218210710062920e+02 5.707780023929010440e+02
4.450000000000000000e+03 1.154708489973271935e+04 8.376410921227588346e-01 7.447955147227835369e+02 -1.737849486524856388e+02 5.710105660702979549e+02
4.500000000000000000e+03 1.176461200145990733e+04 8.265701396247154831e-01 7.588261736383343532e+02 -1.878828962975631498e+02 5.709432773407711466e+02
4.550000000000000000e+03 1.204540182123129125e+04 8.131666220847031390e-01 7.769373246484378797e+02 -2.060473837517693880e+02 5.708899408966684632e+02
4.600000000000000000e+03 1.190380627334244491e+04 8.173100027058164407e-01 7.678043071043501868e+02 -1.971240010464828742e+02 5.706803060578672557e+02
4.650000000000000000e+03 1.216863514088656666e+04 8.064193314305300175e-01 7.848859648931954780e+02 -2.138556922565429659e+02 5.710302726366525121e+02
4.700000000000000000e+03 1.179320949699762423e+04 8.239390278897619213e-01 7.606707332474256873e+02 -1.897526478712101436e+02 5.709180853762155721e+02
4.750000000000000000e+03 1.194474660563812904e+04 8.143797683932026965e-01 7.704449888114529585e+02 -1.995147806492723248e+02 5.709302081621806337e+02
4.800000000000000000e+03 1.227170305730214386e+04 8.042384077211932603e-01 7.915339217173391262e+02 -2.205959802901417106e+02 5.709379414271974156e+02
4.850000000000000000e+03 1.230725158400313740e+04 8.006843535386537480e-01 7.938268279765211446e+02 -2.229445005632882442e+02 5.708823274132329288e+02
4.900000000000000000e+03 1.175066281366265866e+04 8.260300687210969661e-01 7.579264407104454904e+02 -1.868717478229300752e+02 5.710546928875154435e+02
4.950000000000000000e+03 1.197148032440740462e+04 8.158964735166962523e-01 7.721693334407781322e+02 -2.013338224780810037e+02 5.708355109626970716e+02
5.000000000000000000e+03 1.202958909537343789e+04 8.115140658274463403e-01 7.759173921376149110e+02 -2.049519192039318511e+02 5.709654729336830314e+02
5.050000000000000000e+03 1.175683233251943966e+04 8.290633061949483906e-01 7.583243792388644806e+02 -1.872579319280962693e+02 5.710664473107682397e+02
5.100000000000000000e+03 1.162786589981542056e+04 8.294284113117861290e-01 7.500059489630141343e+02 -1.794817500956102663e+02 5.705241988674038112e+02
5.150000000000000000e+03 1.185769265421285127e+04 8.195782120655628056e-01 7.648299445709847078e+02 -1.940187829019458832e+02 5.708111616690388246e+02
5.200000000000000000e+03 1.218882284745106881e+04 8.019689874218763892e-01 7.861880868947517911e+02 -2.152704579015125717e+02 5.709176289932391910e+02
5.250000000000000000e+03 1.184513434798999333e+04 8.219849292019645315e-01 7.640199245331554039e+02 -1.932872761100934724e+02 5.707326484230619599e+02
5.300000000000000000e+03 1.212296682040724409e+04 8.088409581495068501e-01 7.819403244520560747e+02 -2.109376290475410087e+02 5.710026954045150660e+02
5.350000000000000000e+03 1.187345761642034631e+04 8.234459737567592086e-01 7.658467962910398228e+02 -1.947547351095900581e+02 5.710920611814497079e+02
5.400000000000000000e+03 1.131508562688849270e+04 8.472717783024612537e-01 7.298313900684886448e+02 -1.587625555579445518e+02 5.710688345105440931e+02
5.450000000000000000e+03 1.210980182855301791e+04 8.092048707616813497e-01 7.810911727423793991e+02 -2.102477343572175528e+02 5.708434383851617895e+02
5.500000000000000000e+03 1.198410310050331282e+04 8.146272086938214363e-01 7.729835118330926207e+02 -2.019570224422456306e+02 5.710264893908470185e+02
5.550000000000000000e+03 1.195034233466674050e+04 8.161202986211547605e-01 7.708059174716562438e+02 -1.998422907541157656e+02 5.709636267175404782e+02
5.600000000000000000e+03 1.220967171048231830e+04 8.058190328416291459e-01 7.875328539773167904e+02 -2.165665876756112027e+02 5.709662663017055593e+02
5.650000000000000000e+03 1.195291571372375802e+04 8.161994807550904119e-01 7.709719023237630608e+02 -2.002636738426836587e+02 5.707082284810794590e+02
5.700000000000000000e+03 1.182064599980306593e+04 8.231456553946639998e-01 7.624404079667693850e+02 -1.915634036775145432e+02 5.708770042892548418e+02
5.750000000000000000e+03 1.217714937764263959e+04 8.065850782033022748e-01 7.854351394599605101e+02 -2.143320116931814425e+02 5.711031277667790391e+02
5.800000000000000000e+03 1.217422043110197592e+04 8.014168538267792963e-01 7.852462202422279915e+02 -2.142289184087881893e+02 5.710173018334397739e+02
5.850000000000000000e+03 1.241274140843798705e+04 7.925584630221310656e-01 8.006309996588292961e+02 -2.297752291930973172e+02 5.708557704657320073e+02
5.900000000000000000e+03 1.222939620095603277e+04 8.032418720070207963e-01 7.888050981984841883e+02 -2.180618347642373180e+02 5.707432634342468418e+02
5.950000000000000000e+03 1.260259020937422792e+04 7.851398082464456918e-01 8.128763877061695666e+02 -2.419335002587897918e+02 5.709428874473798032e+02
6.000000000000000000e+03 1.206365647397794783e+04 8.089714470374911315e-01 7.781147632493133415e+02 -2.074298713292169793e+02 5.706848919200963337e+02
6.050000000000000000e+03 1.185603160033372114e+04 8.218594970682581158e-01 7.647228053674859893e+02 -1.940436222845034422e+02 5.706791830829824903e+02
6.100000000000000000e+03 1.230195106193796528e+04 8.006525573114290362e-01 7.934849403837555428e+02 -2.225448834396374878e+02 5.709400569441180551e+02
6.150000000000000000e+03 1.240205511570509589e+04 7.936994098677823128e-01 7.999417258753953774e+02 -2.291125966799433797e+02 5.708291291954519693e+02
6.200000000000000000e+03 1.218172155514992664e+04 8.059094358301277516e-01 7.857300482901556506e+02 -2.148143428346557471e+02 5.709157054554998467e+02
6.250000000000000000e+03 1.166398829758866304e+04 8.310023375791978362e-01 7.523358703307150108e+02 -1.814189976236443158e+02 5.709168727070707519e+02
6.300000000000000000e+03 1.215933242965330646e+04 8.078334007014270624e-01 7.842859331396007292e+02 -2.134334953896343450e+02 5.708524377499663842e+02
6.350000000000000000e+03 1.202139731556445440e+04 8.137104701524536798e-01 7.753890162823832952e+02 -2.046689574711208479e+02 5.707200588112624473e+02
6.400000000000000000e+03 1.179362048222083286e+04 8.224409761802877750e-01 7.606972420982327776e+02 -1.900248580926228783e+02 5.706723840056099561e+02
6.450000000000000000e+03 1.241094808410774931e+04 7.916585412090657581e-01 8.005153289134245824e+02 -2.295192166531732312e+02 5.709961122602513797e+02
6.500000000000000000e+03 1.236608782452733067e+04 7.946422652388095420e-01 7.976218089977990076e+02 -2.267982431823467948e+02 5.708235658154521843e+02
6.550000000000000000e+03 1.202374606009834315e+04 8.119146994600821010e-01 7.755405120416386353e+02 -2.045314641094324770e+02 5.710090479322061583e+02
6.600000000000000000e+03 1.219724191511604477e+04 8.029644742689036052e-01 7.867311229847667846e+02 -2.159105391956088909e+02 5.708205837891579222e+02
6.650000000000000000e+03 1.187392096989776655e+04 8.220170647372948558e-01 7.658766829329681514e+02 -1.949948838036322627e+02 5.708817991293358318e+02
6.700000000000000000e+03 1.230264497550587839e+04 7.997596833250614212e-01 7.935296983220122229e+02 -2.222445407960737498e+02 5.712851575259385299e+02
6.750000000000000000e+03 1.193325271149459877e+04 8.166451158672447530e-01 7.697036241398379843e+02 -1.987185417222541446e+02 5.709850824175838397e+02
6.800000000000000000e+03 1.186599690985476445e+04 8.186038430687102574e-01 7.653655752006123976e+02 -1.946321922450262321e+02 5.707333829555861939e+02
6.850000000000000000e+03 1.180077621568494760e+04 8.201515551824049011e-01 7.611587921980980127e+02 -1.903980848651036979e+02 5.707607073329943432e+02
6.900000000000000000e+03 1.231620379040375337e+04 8.013253000293586448e-01 7.944042519092234897e+02 -2.234677608964260003e+02 5.709364910127974326e+02
6.950000000000000000e+03 1.211802633589218021e+04 8.093697291751655865e-01 7.816216595475084432e+02 -2.105812626003566663e+02 5.710403969471517485e+02
7.000000000000000000e+03 1.199543152470754831e+04 8.142837572338941232e-01 7.737142035712633970e+02 -2.027062582343708073e+02 5.710079453368925897e+02
7.050000000000000000e+03 1.210302120257415845e+04 8.083915967105996803e-01 7.806538173526927267e+02 -2.097465451309437015e+02 5.709072722217490536e+02
7.100000000000000000e+03 1.194782716776344387e+04 8.158754905747406250e-01 7.706436873465102053e+02 -1.996045120259582859e+02 5.710391753205519763e+02
7.150000000000000000e+03 1.224043783075628380e+04 8.014259282956309738e-01 7.895172914855229465e+02 -2.184081529917854425e+02 5.711091384937375324e+02
7.200000000000000000e+03 1.216212339043115935e+04 8.085693845245772726e-01 7.844659521735960652e+02 -2.136613898881622617e+02 5.708045622854338035e+02
7.250000000000000000e+03 1.178570988420269350e+04 8.247984911263456231e-01 7.601870026764353270e+02 -1.891376110800202071e+02 5.710493915964151483e+02
7.300000000000000000e+03 1.217388186714328731e+04 8.062835580792084844e-01 7.852243826165356495e+02 -2.140765158492429237e+02 5.711478667672927259e+02
7.350000000000000000e+03 1.153263189286387387e+04 8.345739602550317215e-01 7.438632850922191437e+02 -1.728548759814892719e+02 5.710084091107298718e+02
7.400000000000000000e+03 1.209607323611343418e+04 8.125258827300573250e-01 7.802056683781830770e+02 -2.093341049832484657e+02 5.708715633949345829e+02
7.450000000000000000e+03 1.213323618260988769e+04 8.065987662648603784e-01 7.826027059079826813e+02 -2.118468536454194293e+02 5.707558522625632804e+02
7.500000000000000000e+03 1.231352345808439350e+04 7.967632907735435754e-01 7.942313684926069755e+02 -2.234947813182215839e+02 5.707365871743853631e+02
7.550000000000000000e+03 1.215622840571434062e+04 8.068845901904311280e-01 7.840857213002136632e+02 -2.129493163063665975e+02 5.711364049938470089e+02
7.600000000000000000e+03 1.236030339298315266e+04 7.966432108215297792e-01 7.972487088858023299e+02 -2.263855301296941320e+02 5.708631787561082547e+02
7.650000000000000000e+03 1.163696265103504265e+04 8.332895887654895306e-01 7.505926961434284976e+02 -1.797448336553320303e+02 5.708478624880964389e+02
7.700000000000000000e+03 1.144558308962709634e+04 8.423033318572782369e-01 7.382485729137160888e+02 -1.673080499940597861e+02 5.709405229196563596e+02
7.750000000000000000e+03 1.184847899044318547e+04 8.197862280452966610e-01 7.642356564446395168e+02 -1.933541193984752624e+02 5.708815370461642260e+02
7.800000000000000000e+03 1.232612587952453032e+04 7.949899315182060722e-01 7.950442339945725507e+02 -2.242159703481509325e+02 5.708282636464216466e+02
7.850000000000000000e+03 1.184983912475731267e+04 8.239757275249602886e-01 7.643233861136753831e+02 -1.930077935210801741e+02 5.713155925925951806e+02
7.900000000000000000e+03 1.220194001573716741e+04 8.040114629138603863e-01 7.870341539489202205e+02 -2.159065430354800128e+02 5.711276109134402077e+02
7.950000000000000000e+03 1.167830265796311505e+04 8.269000987117547385e-01 7.532591571598665041e+02 -1.824548816613890665e+02 5.708042754984774092e+02
8.000000000000000000e+03 1.149049219931018160e+04 8.390131100005560061e-01 7.411452436970866984e+02 -1.701920641584844418e+02 5.709531795386022850e+02
8.050000000000000000e+03 1.204417594695228036e+04 8.093203473727578201e-01 7.768582548509479011e+02 -2.060011332917221694e+02 5.708571215592257886e+02
8.100000000000000000e+03 1.197759927810953195e+04 8.181507754121412068e-01 7.725640104793307046e+02 -2.014759522287408799e+02 5.710880582505898246e+02
8.150000000000000000e+03 1.198228371975871232e+04 8.167112836643078966e-01 7.728661604296935366e+02 -2.017791553606047898e+02 5.710870050690887183e+02
8.200000000000000000e+03 1.224926477409911604e+04 8.012561952596340964e-01 7.900866358583704141e+02 -2.189754422542644647e+02 5.711111936041058925e+02
8.250000000000000000e+03 1.192651695141128766e+04 8.174377063525238851e-01 7.692691626335911224e+02 -1.983565249597901357e+02 5.709126376738009867e+02
8.300000000000000000e+03 1.242263830008766490e+04 7.946830378277602858e-01 8.012693564886598097e+02 -2.300740114861018810e+02 5.711953450025579286e+02
8.350000000000000000e+03 1.191668358684269151e+04 8.201039513789335489e-01 7.686349033474665475e+02 -1.978074066832006110e+02 5.708274966642659365e+02
8.400000000000000000e+03 1.170634724263656790e+04 8.300659696830534617e-01 7.550680536093534556e+02 -1.841404483516002699e+02 5.709276052577531573e+02
8.450000000000000000e+03 1.198091191561583219e+04 8.141492708676349999e-01 7.727776780480736534e+02 -2.017776360554900918e+02 5.710000419925835331e+02
8.500000000000000000e+03 1.222766628720137487e+04 8.016374075493627460e-01 7.886935174820944212e+02 -2.174546513588510948e+02 5.712388661232432696e+02
8.550000000000000000e+03 1.258445633035657738e+04 7.842038220610733079e-01 8.117067391001231726e+02 -2.406111150984175993e+02 5.710956240017055734e+02
8.600000000000000000e+03 1.174204026789829186e+04 8.254626825519747468e-01 7.573702801325545124e+02 -1.863102752479281889e+02 5.710600048846263235e+02
8.650000000000000000e+03 1.195247324685596141e+04 8.156983443983397697e-01 7.709433628836005710e+02 -1.999963478262233423e+02 5.709470150573772571e+02
8.700000000000000000e+03 1.216801067738337588e+04 8.065419962599005288e-01 7.848456865354693264e+02 -2.141860902246581020e+02 5.706595963108112528e+02
8.750000000000000000e+03 1.148973523934435070e+04 8.403356242973880619e-01 7.410964192195435771e+02 -1.699947012086802545e+02 5.711017180108633511e+02
8.800000000000000000e+03 1.152304838878313240e+04 8.363881431386011034e-01 7.432451419923247613e+02 -1.723667230782215825e+02 5.708784189141031220e+02
8.850000000000000000e+03 1.188265789338765171e+04 8.204570678827938224e-01 7.664402209587336756e+02 -1.955186886527838794e+02 5.709215323059497678e+02
8.900000000000000000e+03 1.218875184704882486e+04 8.055703023604401380e-01 7.861835073163045990e+02 -2.152882307408733027e+02 5.708952765754313532e+02
8.950000000000000000e+03 1.225483680788441234e+04 8.025433027516221118e-01 7.904460361578579750e+02 -2.194912782040254626e+02 5.709547579538325408e+02
9.000000000000000000e+03 1.223484721870163776e+04 8.036856866006006905e-01 7.891566928739243849e+02 -2.182451322011781940e+02 5.709115606727461909e+02
9.050000000000000000e+03 1.222259828949122675e+04 8.008769946445837284e-01 7.883666278821719970e+02 -2.175269667480474709e+02 5.708396611341245261e+02
9.100000000000000000e+03 1.233294341981843718e+04 8.009461514781694991e-01 7.954839703848766703e+02 -2.247083245739657116e+02 5.707756458109109872e+02
9.150000000000000000e+03 1.227943075434072853e+04 7.989494849227208872e-01 7.920323638907059376e+02 -2.211270135721250654e+02 5.709053503185808722e+02
9.200000000000000000e+03 1.179292223381377335e+04 8.211721762751558185e-01 7.606522045596456110e+02 -1.895736186198475934e+02 5.710785859397980175e+02
9.250000000000000000e+03 1.204417959191616683e+04 8.130008937329377128e-01 7.768584899538138870e+02 -2.060744953178417802e+02 5.707839946359721353e+02
9.300000000000000000e+03 1.191186828395666817e+04 8.204578956603137962e-01 7.683243127505596703e+02 -1.976407397779076973e+02 5.706835729726519730e+02
9.350000000000000000e+03 1.195607136153435567e+04 8.150056410542259044e-01 7.711754439410445912e+02 -2.000255748353792740e+02 5.711498691056652888e+02
9.400000000000000000e+03 1.164759966014210477e+04 8.292413478480926692e-01 7.512787910965528226e+02 -1.802647677585245276e+02 5.710140233380283235e+02
9.450000000000000000e+03 1.217617589001100896e+04 8.050630115897126071e-01 7.853723487878583001e+02 -2.141840941639773632e+02 5.711882546238809937e+02
9.500000000000000000e+03 1.157851866814117238e+04 8.334514157013369617e-01 7.468230160293680910e+02 -1.759260815557259434e+02 5.708969344736422045e+02
9.550000000000000000e+03 1.251890901497874802e+04 7.877114742099617928e-01 8.074788887881663868e+02 -2.365348144646409025e+02 5.709440743235254558e+02
9.600000000000000000e+03 1.206273425116223734e+04 8.114820720541153776e-01 7.780552791957464933e+02 -2.072222615082029051e+02 5.708330176875435882e+02
9.650000000000000000e+03 1.199835439672259963e+04 8.153753937391010620e-01 7.739027309776020047e+02 -2.031655782583083578e+02 5.707371527192935901e+02
9.700000000000000000e+03 1.215456612207443686e+04 8.073976477861760648e-01 7.839785027762357004e+02 -2.133534323784570006e+02 5.706250703977786998e+02
9.750000000000000000e+03 1.193257092199330509e+04 8.162564664384640567e-01 7.696596482128436492e+02 -1.989819059102325696e+02 5.706777423026110228e+02
9.800000000000000000e+03 1.131204546845691948e+04 8.451489352873152727e-01 7.296352976015548393e+02 -1.587286815058233174e+02 5.709066160957315788e+02
9.850000000000000000e+03 1.190757008563499949e+04 8.201826181820014439e-01 7.680470757804355344e+02 -1.969063894162409269e+02 5.711406863641946074e+02
9.900000000000000000e+03 1.162635881005784540e+04 8.311281519865431067e-01 7.499087405592071036e+02 -1.787920500688620962e+02 5.711166904903450359e+02
9.950000000000000000e+03 1.221313377582414978e+04 8.064607973602604396e-01 7.877561597519485304e+02 -2.165556048891656644e+02 5.712005548627828375e+02
1.000000000000000000e+04 1.193581693415380687e+04 8.220887590869769834e-01 7.698690183975153332e+02 -1.988677965122069793e+02 5.710012218853083823e+02
