# time_fs vacf
0.000000000000000000e+00 5.084615037698802858e-04
5.000000000000000000e+01 -5.152480927034844566e-06
1.000000000000000000e+02 1.997700118288145950e-06
1.500000000000000000e+02 1.840350049745206198e-06
2.000000000000000000e+02 1.113996009768137199e-06
2.500000000000000000e+02 1.008456716823681590e-06
3.000000000000000000e+02 6.339405110477577011e-07
3.500000000000000000e+02 -3.092942051220992625e-07
4.000000000000000000e+02 1.206980836669671012e-06
4.500000000000000000e+02 -7.526690262282073947e-07
5.000000000000000000e+02 6.375590646496648396e-07
5.500000000000000000e+02 -6.598663387560400055e-07
6.000000000000000000e+02 1.775408731008740576e-07
6.500000000000000000e+02 6.893037930814368243e-07
7.000000000000000000e+02 -2.449005798557571972e-06
7.500000000000000000e+02 -1.429868298127040382e-06
8.000000000000000000e+02 -2.826613138035215161e-07
8.500000000000000000e+02 5.018007780870393818e-07
9.000000000000000000e+02 3.952124346594893094e-07
9.500000000000000000e+02 -9.472629176927639682e-07
1.000000000000000000e+03 2.819629968041572317e-07
1.050000000000000000e+03 3.883330390969455643e-07
1.100000000000000000e+03 1.059526800514642182e-06
1.150000000000000000e+03 -8.365552952477983244e-07
1.200000000000000000e+03 3.299095669444425648e-07
1.250000000000000000e+03 1.413039380575206502e-07
1.300000000000000000e+03 -2.095402133730856335e-06
1.350000000000000000e+03 1.945211711653659400e-06
1.400000000000000000e+03 1.920167447596189511e-07
1.450000000000000000e+03 4.227792986428448813e-07
1.500000000000000000e+03 8.745065998405133990e-08
1.550000000000000000e+03 1.209778527919025428e-06
1.600000000000000000e+03 -8.282048897574585692e-08
1.650000000000000000e+03 -7.091985681875251713e-07
1.700000000000000000e+03 1.631924077575960392e-08
1.750000000000000000e+03 1.439847218061827938e-07
1.800000000000000000e+03 -3.064723134261291899e-07
1.850000000000000000e+03 -1.310916163931000693e-06
1.900000000000000000e+03 1.835528562613268792e-07
1.950000000000000000e+03 3.164306369472485514e-07
2.000000000000000000e+03 -4.544959749649287704e-07
2.050000000000000000e+03 7.851467684219519392e-07
2.100000000000000000e+03 -1.653813423997659479e-07
2.150000000000000000e+03 -4.430614097026027925e-07
2.200000000000000000e+03 -2.586980348356203652e-07
2.250000000000000000e+03 -4.653110360531367872e-07
2.300000000000000000e+03 -2.291463974509713057e-06
2.350000000000000000e+03 -7.157138761564548461e-07
2.400000000000000000e+03 4.651126400384221639e-07
2.450000000000000000e+03 -2.313845332893520171e-07
2.500000000000000000e+03 2.425126775966690869e-06
2.550000000000000000e+03 -1.163365696826119517e-06
2.600000000000000000e+03 1.571718202926207748e-06
2.650000000000000000e+03 8.379992641282937708e-07
2.700000000000000000e+03 1.336243066257859445e-06
2.750000000000000000e+03 -7.775342380269762747e-07
2.800000000000000000e+03 8.683062960775037081e-07
2.850000000000000000e+03 3.086352795367390138e-07
2.900000000000000000e+03 7.902373329956426253e-07
2.950000000000000000e+03 -9.183707034976226382e-07
3.000000000000000000e+03 -4.408941685602635417e-07
3.050000000000000000e+03 4.261478728430910124e-07
3.100000000000000000e+03 6.323275006463827886e-07
3.150000000000000000e+03 -2.407738818209272446e-06
3.200000000000000000e+03 -8.531826839542777067e-07
3.250000000000000000e+03 8.492016333747435242e-07
3.300000000000000000e+03 4.463869002063728477e-07
3.350000000000000000e+03 -1.239054850793773248e-06
3.400000000000000000e+03 -2.001839362217517637e-07
3.450000000000000000e+03 -2.213905705925995834e-06
3.500000000000000000e+03 -6.308729419505306970e-07
3.550000000000000000e+03 4.460277408719494655e-07
3.600000000000000000e+03 1.140303710563949690e-06
3.650000000000000000e+03 -1.183342866368891134e-06
3.700000000000000000e+03 -6.222739658140576994e-07
3.750000000000000000e+03 1.002572560929776134e-06
3.800000000000000000e+03 -1.735313802062917839e-06
3.850000000000000000e+03 -3.022547596594148863e-07
3.900000000000000000e+03 -2.142882650446638156e-06
3.950000000000000000e+03 -1.074360106850495149e-06
4.000000000000000000e+03 7.909547463282718367e-07
4.050000000000000000e+03 3.267525959080527518e-07
4.100000000000000000e+03 -1.279458012701211922e-06
4.150000000000000000e+03 1.268158603670837875e-06
4.200000000000000000e+03 -8.178238407744113137e-07
4.250000000000000000e+03 2.269119343350466637e-06
4.300000000000000000e+03 2.991414768224455322e-06
4.350000000000000000e+03 -5.040386675582348943e-08
4.400000000000000000e+03 1.161692343336334864e-06
4.450000000000000000e+03 3.970924085689635359e-07
4.500000000000000000e+03 2.862223990486348833e-07
4.550000000000000000e+03 7.033362500931724588e-07
4.600000000000000000e+03 -2.581748910167064500e-06
4.650000000000000000e+03 1.780097176626449618e-07
4.700000000000000000e+03 3.224906236411605915e-07
4.750000000000000000e+03 4.854893232151062082e-07
4.800000000000000000e+03 3.306597797511532810e-07
4.850000000000000000e+03 -1.424048186963989702e-06
4.900000000000000000e+03 1.103991036753613075e-06
4.950000000000000000e+03 5.504878815384382420e-07
5.000000000000000000e+03 2.575821118137514765e-08
5.050000000000000000e+03 -1.254358211897505880e-06
5.100000000000000000e+03 1.322844044963191615e-06
5.150000000000000000e+03 1.008349376763283318e-07
5.200000000000000000e+03 3.765622726227812007e-07
5.250000000000000000e+03 -4.780461800408558227e-07
5.300000000000000000e+03 4.523969036725194273e-07
5.350000000000000000e+03 -1.236555853247881222e-06
5.400000000000000000e+03 -1.825621498851236235e-07
5.450000000000000000e+03 1.659837773952517230e-06
5.500000000000000000e+03 1.164431173164886952e-06
5.550000000000000000e+03 7.719097800154369413e-07
5.600000000000000000e+03 3.829367240089443382e-07
5.650000000000000000e+03 4.811705501543872626e-07
5.700000000000000000e+03 -1.800702916691504318e-06
5.750000000000000000e+03 -1.216826131234230622e-06
5.800000000000000000e+03 -2.798374262712908125e-07
5.850000000000000000e+03 -1.018185131169561603e-06
5.900000000000000000e+03 3.913794877084650869e-08
5.950000000000000000e+03 1.703619477291792381e-06
6.000000000000000000e+03 8.707861821490179221e-07
6.050000000000000000e+03 6.398947236628619660e-07
6.100000000000000000e+03 -1.263961836273749971e-06
6.150000000000000000e+03 -5.193435613536174923e-08
6.200000000000000000e+03 2.508506130199696697e-06
6.250000000000000000e+03 2.691984251019395212e-07
6.300000000000000000e+03 1.347053187322913843e-06
6.350000000000000000e+03 1.360031404333078019e-06
6.400000000000000000e+03 2.893897334322296682e-06
6.450000000000000000e+03 2.008363983770104583e-06
6.500000000000000000e+03 2.183951477886284060e-07
6.550000000000000000e+03 -1.779161400900949772e-06
6.600000000000000000e+03 1.300861871733495355e-07
6.650000000000000000e+03 -6.300531619545121495e-07
6.700000000000000000e+03 2.053847699911446470e-06
6.750000000000000000e+03 -1.814000999053150459e-07
6.800000000000000000e+03 -1.374344736039469602e-06
6.850000000000000000e+03 4.595642412334331313e-06
6.900000000000000000e+03 2.469269713639509822e-06
6.950000000000000000e+03 8.503448363607055356e-07
7.000000000000000000e+03 -3.900819317760258309e-07
7.050000000000000000e+03 3.238672109759909629e-06
7.100000000000000000e+03 -6.413307350939493001e-07
7.150000000000000000e+03 -1.377073038187581313e-06
7.200000000000000000e+03 -3.352430475842287431e-06
7.250000000000000000e+03 -3.242704223701976291e-07
7.300000000000000000e+03 1.135295621164846646e-06
7.350000000000000000e+03 -1.132631265377985681e-06
7.400000000000000000e+03 -1.635632329842803414e-06
7.450000000000000000e+03 -1.477402090127975024e-06
7.500000000000000000e+03 1.675449258099564110e-06
7.550000000000000000e+03 -4.062515861620362171e-06
7.600000000000000000e+03 1.124791507189359314e-06
7.650000000000000000e+03 4.529722629120170093e-06
7.700000000000000000e+03 3.190410778105711732e-06
7.750000000000000000e+03 7.828296286156801416e-07
7.800000000000000000e+03 3.758009563320720048e-06
7.850000000000000000e+03 1.403319862138995802e-07
7.900000000000000000e+03 6.323530808464811287e-07
7.950000000000000000e+03 2.935544500628815402e-06
8.000000000000000000e+03 2.525205005970699576e-06
8.050000000000000000e+03 4.231856975318302676e-06
8.100000000000000000e+03 -6.111311916380582985e-07
8.150000000000000000e+03 3.404462460774785097e-08
8.200000000000000000e+03 2.824806200016205944e-06
8.250000000000000000e+03 -3.111225144827933315e-07
8.300000000000000000e+03 1.928133845657747414e-06
8.350000000000000000e+03 -1.322702298960206902e-07
8.400000000000000000e+03 3.979883238977288165e-06
8.450000000000000000e+03 -2.499889365706474870e-06
8.500000000000000000e+03 -2.659548582313983209e-06
8.550000000000000000e+03 -4.193316034158814102e-06
8.600000000000000000e+03 6.644987697320636127e-07
8.650000000000000000e+03 -3.679040356868443944e-06
8.700000000000000000e+03 -2.117967189841133124e-06
8.750000000000000000e+03 -6.619836249613796088e-07
8.800000000000000000e+03 -3.712269235109463668e-06
8.850000000000000000e+03 3.003423247071922900e-06
8.900000000000000000e+03 8.398892364951096240e-07
8.950000000000000000e+03 1.253083133455887351e-06
9.000000000000000000e+03 -8.597546249565563695e-07
9.050000000000000000e+03 1.864609265960327150e-06
9.100000000000000000e+03 -2.012116107029745951e-06
9.150000000000000000e+03 -6.158588319751499783e-06
9.200000000000000000e+03 1.439965780201705796e-06
9.250000000000000000e+03 2.791363368763056159e-06
9.300000000000000000e+03 -4.027738423310558526e-07
9.350000000000000000e+03 4.384048158068535415e-06
9.400000000000000000e+03 4.932924165454052134e-06
9.450000000000000000e+03 -5.524774719939996836e-06
9.500000000000000000e+03 7.979959904039610720e-06
9.550000000000000000e+03 9.507936680351185919e-07
9.600000000000000000e+03 5.244688777923419436e-06
9.650000000000000000e+03 -1.462502572863412433e-06
9.700000000000000000e+03 4.234306993592295955e-06
9.750000000000000000e+03 -2.102335176262066371e-06
9.800000000000000000e+03 -7.529834083034076522e-06
9.850000000000000000e+03 3.222536583761393571e-06
9.900000000000000000e+03 -6.613188799712977468e-06
9.950000000000000000e+03 1.210144664336311941e-05
1.000000000000000000e+04 1.895052916945962751e-05
