# r_A g_r
2.033437500000000175e-02 0.000000000000000000e+00
6.100312500000000526e-02 0.000000000000000000e+00
1.016718750000000088e-01 0.000000000000000000e+00
1.423406249999999984e-01 0.000000000000000000e+00
1.830093750000000297e-01 0.000000000000000000e+00
2.236781250000000054e-01 0.000000000000000000e+00
2.643468749999999812e-01 0.000000000000000000e+00
3.050156250000000124e-01 0.000000000000000000e+00
3.456843750000000437e-01 0.000000000000000000e+00
3.863531250000000750e-01 0.000000000000000000e+00
4.270218749999999952e-01 0.000000000000000000e+00
4.676906250000000265e-01 0.000000000000000000e+00
5.083593750000000577e-01 0.000000000000000000e+00
5.490281249999999780e-01 0.000000000000000000e+00
5.896968750000000092e-01 0.000000000000000000e+00
6.303656250000000405e-01 0.000000000000000000e+00
6.710343750000000718e-01 0.000000000000000000e+00
7.117031250000001030e-01 0.000000000000000000e+00
7.523718750000001343e-01 0.000000000000000000e+00
7.930406250000000545e-01 0.000000000000000000e+00
8.337093750000000858e-01 0.000000000000000000e+00
8.743781250000000060e-01 0.000000000000000000e+00
9.150468750000000373e-01 0.000000000000000000e+00
9.557156250000000686e-01 0.000000000000000000e+00
9.963843750000000998e-01 0.000000000000000000e+00
1.037053125000000131e+00 0.000000000000000000e+00
1.077721875000000162e+00 0.000000000000000000e+00
1.118390624999999972e+00 0.000000000000000000e+00
1.159059375000000003e+00 0.000000000000000000e+00
1.199728125000000034e+00 0.000000000000000000e+00
1.240396875000000065e+00 0.000000000000000000e+00
1.281065625000000097e+00 0.000000000000000000e+00
1.321734375000000128e+00 0.000000000000000000e+00
1.362403125000000159e+00 0.000000000000000000e+00
1.403071875000000190e+00 0.000000000000000000e+00
1.443740625000000222e+00 0.000000000000000000e+00
1.484409375000000253e+00 0.000000000000000000e+00
1.525078125000000062e+00 0.000000000000000000e+00
1.565746875000000093e+00 0.000000000000000000e+00
1.606415625000000125e+00 0.000000000000000000e+00
1.647084375000000156e+00 0.000000000000000000e+00
1.687753125000000187e+00 0.000000000000000000e+00
1.728421875000000218e+00 0.000000000000000000e+00
1.769090625000000028e+00 0.000000000000000000e+00
1.809759375000000059e+00 0.000000000000000000e+00
1.850428125000000090e+00 0.000000000000000000e+00
1.891096875000000122e+00 0.000000000000000000e+00
1.931765625000000153e+00 0.000000000000000000e+00
1.972434375000000184e+00 0.000000000000000000e+00
2.013103125000000215e+00 0.000000000000000000e+00
2.053771875000000247e+00 0.000000000000000000e+00
2.094440625000000278e+00 0.000000000000000000e+00
2.135109375000000309e+00 0.000000000000000000e+00
2.175778125000000340e+00 0.000000000000000000e+00
2.216446875000000372e+00 0.000000000000000000e+00
2.257115624999999959e+00 0.000000000000000000e+00
2.297784374999999990e+00 2.613129124025187532e-04
2.338453125000000021e+00 9.755708408374554746e-03
2.379121875000000053e+00 1.525067449237584860e-01
2.419790625000000084e+00 1.085059288457315585e+00
2.460459375000000115e+00 3.902735719650360480e+00
2.501128125000000146e+00 8.109191218263115175e+00
2.541796875000000178e+00 1.047166450845469754e+01
2.582465625000000209e+00 9.199986937134344345e+00
2.623134375000000240e+00 5.702267247892865321e+00
2.663803125000000271e+00 2.610359023412923918e+00
2.704471875000000303e+00 8.998356647719324419e-01
2.745140625000000334e+00 2.476515259153576065e-01
2.785809375000000365e+00 5.202952776554770065e-02
2.826478125000000396e+00 7.483594624170746001e-03
2.867146875000000428e+00 1.062947655062412367e-03
2.907815625000000459e+00 5.439067237954196290e-05
2.948484375000000490e+00 0.000000000000000000e+00
2.989153125000000077e+00 0.000000000000000000e+00
3.029821875000000109e+00 0.000000000000000000e+00
3.070490625000000140e+00 0.000000000000000000e+00
3.111159375000000171e+00 0.000000000000000000e+00
3.151828125000000203e+00 0.000000000000000000e+00
3.192496875000000234e+00 0.000000000000000000e+00
3.233165625000000265e+00 0.000000000000000000e+00
3.273834375000000296e+00 3.432691206324614270e-04
3.314503125000000328e+00 2.302416999958935805e-03
3.355171875000000359e+00 1.331822090701549263e-02
3.395840625000000390e+00 5.782711987735014020e-02
3.436509375000000421e+00 1.919861999678590114e-01
3.477178125000000453e+00 5.061560574270203006e-01
3.517846875000000484e+00 1.056008078026216657e+00
3.558515625000000071e+00 1.706032082432904717e+00
3.599184375000000102e+00 2.110899566228464419e+00
3.639853125000000134e+00 2.035909444431970083e+00
3.680521875000000165e+00 1.509415520066305305e+00
3.721190625000000196e+00 8.608536402389280751e-01
3.761859375000000227e+00 3.878604250695178446e-01
3.802528125000000259e+00 1.316145113834119584e-01
3.843196875000000290e+00 3.649223860814102688e-02
3.883865625000000321e+00 7.530550431562887427e-03
3.924534375000000352e+00 1.343675499396398054e-03
3.965203125000000384e+00 1.755005695446554530e-04
4.005871875000000415e+00 2.865919914167470932e-05
4.046540625000000446e+00 0.000000000000000000e+00
4.087209375000000477e+00 1.376494219807992308e-04
4.127878125000000509e+00 1.970276996353115435e-03
4.168546875000000540e+00 1.667359813154621964e-02
4.209215625000000571e+00 9.331569744600498595e-02
4.249884375000000603e+00 4.052383825638486425e-01
4.290553125000000634e+00 1.234323127010737542e+00
4.331221875000000665e+00 2.806610144675168783e+00
4.371890625000000696e+00 4.717752587772352513e+00
4.412559375000000728e+00 5.940461761050899625e+00
4.453228125000000759e+00 5.618083543399994717e+00
4.493896875000000790e+00 4.014552755768740155e+00
4.534565625000000821e+00 2.176047501141948892e+00
4.575234374999999964e+00 8.990592576793929869e-01
4.615903124999999996e+00 2.895795159018772491e-01
4.656571875000000027e+00 7.147520978773834466e-02
4.697240625000000058e+00 1.359002133368928007e-02
4.737909375000000090e+00 1.987267795878679827e-03
4.778578125000000121e+00 4.028012166552300466e-04
4.819246875000000152e+00 6.732536670162301857e-04
4.859915625000000183e+00 6.406142553035916627e-03
4.900584375000000215e+00 4.279962312905223609e-02
4.941253125000000246e+00 1.764725634397673049e-01
4.981921875000000277e+00 5.379306989726370114e-01
5.022590625000000308e+00 1.175240050106947542e+00
5.063259375000000340e+00 1.882247748131642640e+00
5.103928125000000371e+00 2.256918214585581506e+00
5.144596875000000402e+00 2.019221735721667965e+00
5.185265625000000433e+00 1.377990999618197154e+00
5.225934375000000465e+00 7.253800785380414284e-01
5.266603125000000496e+00 2.908878575882808959e-01
5.307271875000000527e+00 9.208620847491071071e-02
5.347940625000000558e+00 2.262450588126733303e-02
5.388609375000000590e+00 5.749252459873253028e-03
5.429278125000000621e+00 8.097320653606064969e-03
5.469946875000000652e+00 3.696638848373648423e-02
5.510615625000000684e+00 1.470389598559546651e-01
5.551284375000000715e+00 4.565253335833804882e-01
5.591953125000000746e+00 1.092512453584128629e+00
5.632621875000000777e+00 2.038287903298908521e+00
5.673290625000000809e+00 2.973589709899777667e+00
5.713959375000000840e+00 3.376342233697593453e+00
5.754628125000000871e+00 2.993461476579407421e+00
5.795296875000000902e+00 2.064313376515149123e+00
5.835965625000000934e+00 1.113787713218705955e+00
5.876634375000000077e+00 4.718285617576868929e-01
5.917303125000000108e+00 1.570218554952590440e-01
5.957971875000000139e+00 4.087526915501166203e-02
5.998640625000000171e+00 1.110637279972607507e-02
6.039309375000000202e+00 1.896406521638198048e-02
6.079978125000000233e+00 6.463082174748241426e-02
6.120646875000000264e+00 1.956701518239226945e-01
6.161315625000000296e+00 4.395683390703317706e-01
6.201984375000000327e+00 7.449492626212036450e-01
6.242653125000000358e+00 9.613587475032372431e-01
6.283321875000000389e+00 9.366648109746590345e-01
6.323990625000000421e+00 7.022347387271664632e-01
6.364659375000000452e+00 3.947412555445228288e-01
6.405328125000000483e+00 1.771393044546100137e-01
6.445996875000000514e+00 6.002298403815566064e-02
6.486665625000000546e+00 2.705143696736376363e-02
6.527334375000000577e+00 6.438680658042331140e-02
6.568003125000000608e+00 2.472142372369744989e-01
6.608671875000000639e+00 7.712828830120700419e-01
6.649340625000000671e+00 1.826753364318583150e+00
6.690009375000000702e+00 3.294554308296338885e+00
6.730678125000000733e+00 4.584830638558718086e+00
6.771346875000000765e+00 4.898040032548285794e+00
6.812015625000000796e+00 4.030328825392015979e+00
6.852684375000000827e+00 2.582959773761099420e+00
6.893353125000000858e+00 1.274403717275053971e+00
6.934021875000000890e+00 4.866703042699428994e-01
6.974690625000000921e+00 1.508549299430511359e-01
7.015359375000000952e+00 5.255373954856176755e-02
7.056028125000000983e+00 6.518650103742798518e-02
7.096696875000001015e+00 1.476118956629567103e-01
7.137365625000001046e+00 2.814148021525719745e-01
7.178034375000000189e+00 4.279831254375707217e-01
7.218703125000000220e+00 5.169012774086578776e-01
7.259371875000000252e+00 4.816115088437999958e-01
7.300040625000000283e+00 3.603430029094575882e-01
7.340709375000000314e+00 2.097543461273884968e-01
7.381378125000000345e+00 1.024121420833664781e-01
7.422046875000000377e+00 6.559451522617427977e-02
7.462715625000000408e+00 1.291189648967174253e-01
7.503384375000000439e+00 3.753029914530134903e-01
7.544053125000000470e+00 8.969732410620829821e-01
7.584721875000000502e+00 1.683025772724688229e+00
7.625390625000000533e+00 2.462901235950333945e+00
7.666059375000000564e+00 2.805202355686692073e+00
7.706728125000000595e+00 2.499258885675722741e+00
7.747396875000000627e+00 1.741414031042354038e+00
7.788065625000000658e+00 9.495346187423648887e-01
7.828734375000000689e+00 4.169426882612271568e-01
7.869403125000000720e+00 1.942358081441515338e-01
7.910071875000000752e+00 2.223352493354553427e-01
7.950740625000000783e+00 4.691900926745701250e-01
7.991409375000000814e+00 9.078761336795302395e-01
8.032078125000001734e+00 1.391368206023595455e+00
8.072746874999999989e+00 1.667085571233777541e+00
8.113415625000001796e+00 1.559703974101769974e+00
