# r_A g_r
1.980000000000000163e-02 0.000000000000000000e+00
5.940000000000000835e-02 0.000000000000000000e+00
9.900000000000000466e-02 0.000000000000000000e+00
1.386000000000000010e-01 0.000000000000000000e+00
1.782000000000000250e-01 0.000000000000000000e+00
2.178000000000000214e-01 0.000000000000000000e+00
2.574000000000000177e-01 0.000000000000000000e+00
2.970000000000000417e-01 0.000000000000000000e+00
3.366000000000000103e-01 0.000000000000000000e+00
3.762000000000000344e-01 0.000000000000000000e+00
4.158000000000000584e-01 0.000000000000000000e+00
4.554000000000000270e-01 0.000000000000000000e+00
4.950000000000000511e-01 0.000000000000000000e+00
5.345999999999999641e-01 0.000000000000000000e+00
5.742000000000000437e-01 0.000000000000000000e+00
6.138000000000001233e-01 0.000000000000000000e+00
6.533999999999999808e-01 0.000000000000000000e+00
6.930000000000000604e-01 0.000000000000000000e+00
7.326000000000001400e-01 0.000000000000000000e+00
7.721999999999999975e-01 0.000000000000000000e+00
8.118000000000000771e-01 0.000000000000000000e+00
8.514000000000001567e-01 0.000000000000000000e+00
8.910000000000000142e-01 0.000000000000000000e+00
9.306000000000000938e-01 0.000000000000000000e+00
9.702000000000001734e-01 0.000000000000000000e+00
1.009800000000000031e+00 0.000000000000000000e+00
1.049400000000000110e+00 0.000000000000000000e+00
1.088999999999999968e+00 0.000000000000000000e+00
1.128600000000000048e+00 0.000000000000000000e+00
1.168200000000000127e+00 0.000000000000000000e+00
1.207800000000000207e+00 0.000000000000000000e+00
1.247400000000000064e+00 0.000000000000000000e+00
1.287000000000000144e+00 0.000000000000000000e+00
1.326600000000000001e+00 0.000000000000000000e+00
1.366200000000000081e+00 0.000000000000000000e+00
1.405800000000000161e+00 0.000000000000000000e+00
1.445400000000000240e+00 0.000000000000000000e+00
1.485000000000000098e+00 0.000000000000000000e+00
1.524600000000000177e+00 0.000000000000000000e+00
1.564200000000000035e+00 0.000000000000000000e+00
1.603800000000000114e+00 0.000000000000000000e+00
1.643400000000000194e+00 0.000000000000000000e+00
1.683000000000000274e+00 0.000000000000000000e+00
1.722600000000000131e+00 0.000000000000000000e+00
1.762200000000000211e+00 0.000000000000000000e+00
1.801800000000000068e+00 0.000000000000000000e+00
1.841400000000000148e+00 0.000000000000000000e+00
1.881000000000000227e+00 0.000000000000000000e+00
1.920600000000000307e+00 0.000000000000000000e+00
1.960200000000000164e+00 0.000000000000000000e+00
1.999800000000000022e+00 0.000000000000000000e+00
2.039400000000000102e+00 0.000000000000000000e+00
2.079000000000000181e+00 0.000000000000000000e+00
2.118600000000000261e+00 5.828814007280566862e-04
2.158200000000000340e+00 4.867958311037891110e-03
2.197799999999999976e+00 4.865632572556673890e-02
2.237400000000000055e+00 2.580029488454201325e-01
2.277000000000000135e+00 8.524470726490038786e-01
2.316600000000000215e+00 1.971700148675996633e+00
2.356200000000000294e+00 3.502271352269282101e+00
2.395800000000000374e+00 5.002891804284152144e+00
2.435400000000000453e+00 5.967574872716053136e+00
2.475000000000000089e+00 6.130140264287715191e+00
2.514600000000000168e+00 5.543382953051189332e+00
2.554200000000000248e+00 4.499200877433963797e+00
2.593800000000000328e+00 3.327177247639433677e+00
2.633399999999999963e+00 2.252764460725930729e+00
2.673000000000000043e+00 1.414201283892701166e+00
2.712600000000000122e+00 8.209761704600203602e-01
2.752200000000000202e+00 4.440074256632997041e-01
2.791800000000000281e+00 2.245616782852906668e-01
2.831400000000000361e+00 1.132413798942063510e-01
2.871000000000000441e+00 4.866854081950598016e-02
2.910600000000000076e+00 2.053689244926707597e-02
2.950200000000000156e+00 9.618895230932693677e-03
2.989800000000000235e+00 4.682888755360219320e-03
3.029400000000000315e+00 3.848563527644475145e-03
3.069000000000000394e+00 7.638657723859597348e-03
3.108600000000000030e+00 1.818453683208930138e-02
3.148200000000000109e+00 3.677972954127669419e-02
3.187800000000000189e+00 7.238687581337026333e-02
3.227400000000000269e+00 1.368054319248327155e-01
3.267000000000000348e+00 2.359694599966915829e-01
3.306600000000000428e+00 3.834935067176543089e-01
3.346200000000000507e+00 5.664177035562896201e-01
3.385800000000000143e+00 7.742015775809402145e-01
3.425400000000000222e+00 9.947272038474005429e-01
3.465000000000000302e+00 1.153056148699569183e+00
3.504600000000000382e+00 1.229035673039626575e+00
3.544200000000000461e+00 1.214290678187121886e+00
3.583800000000000097e+00 1.082562588581967411e+00
3.623400000000000176e+00 8.929031681259095299e-01
3.663000000000000256e+00 6.737754665241986185e-01
3.702600000000000335e+00 4.740412464133327841e-01
3.742200000000000415e+00 3.064787582081331396e-01
3.781800000000000495e+00 1.801234491889616707e-01
3.821400000000000574e+00 1.032241378091854483e-01
3.861000000000000210e+00 5.855869003806668527e-02
3.900600000000000289e+00 4.556812663526277341e-02
3.940200000000000369e+00 6.524384683703784993e-02
3.979800000000000448e+00 1.391360357381918322e-01
4.019400000000000084e+00 2.834229964206035901e-01
4.059000000000000163e+00 5.436386971747473318e-01
4.098600000000000243e+00 9.524690409134092262e-01
4.138200000000000323e+00 1.504105340649016798e+00
4.177800000000000402e+00 2.128912603515098922e+00
4.217400000000000482e+00 2.767091473479049935e+00
4.257000000000000561e+00 3.220175569825111772e+00
4.296600000000000641e+00 3.447717847800290336e+00
4.336200000000000720e+00 3.333643445433574826e+00
4.375799999999999912e+00 2.931193509019446974e+00
4.415399999999999991e+00 2.371928232695104555e+00
4.455000000000000071e+00 1.750004059214953500e+00
4.494600000000000151e+00 1.211178844350181416e+00
4.534200000000000230e+00 7.591006627634842019e-01
4.573800000000000310e+00 4.496796322898963805e-01
4.613400000000000389e+00 2.560092616216491090e-01
4.653000000000000469e+00 1.658936810794564287e-01
4.692600000000000549e+00 1.654817910369009992e-01
4.732200000000000628e+00 2.486907376515947732e-01
4.771800000000000708e+00 4.040590818894861380e-01
4.811400000000000787e+00 6.196223126176308993e-01
4.851000000000000867e+00 8.589176955729254104e-01
4.890600000000000058e+00 1.075937598343470247e+00
4.930200000000000138e+00 1.233179480103059111e+00
4.969800000000000217e+00 1.285158153543272563e+00
5.009400000000000297e+00 1.213399248121265206e+00
5.049000000000000377e+00 1.053428808786845972e+00
5.088600000000000456e+00 8.492854229962757406e-01
5.128200000000000536e+00 6.431732149855791114e-01
5.167800000000000615e+00 4.603657330068407494e-01
5.207400000000000695e+00 3.454136537565766774e-01
5.247000000000000774e+00 3.101111932901328694e-01
5.286599999999999966e+00 3.567345602017392148e-01
5.326200000000000045e+00 4.956262771967079872e-01
5.365800000000000125e+00 7.334228806163529679e-01
5.405400000000000205e+00 1.027558819387521138e+00
5.445000000000000284e+00 1.356948589433606633e+00
5.484600000000000364e+00 1.650124039995551684e+00
5.524200000000000443e+00 1.859311588056404618e+00
5.563800000000000523e+00 1.931553926333036353e+00
5.603400000000000603e+00 1.841452857428061751e+00
5.643000000000000682e+00 1.626950724473452237e+00
5.682600000000000762e+00 1.321843106813509916e+00
5.722200000000000841e+00 1.005567060678068891e+00
5.761800000000000921e+00 7.118061427611931391e-01
5.801400000000000112e+00 4.893242601317384644e-01
5.841000000000000192e+00 3.520170610159438218e-01
5.880600000000000271e+00 3.041059341015295292e-01
5.920200000000000351e+00 3.184141004437081590e-01
5.959800000000000431e+00 3.738835650887374906e-01
5.999400000000000510e+00 4.511257251212934527e-01
6.039000000000000590e+00 5.247979004306563278e-01
6.078600000000000669e+00 5.581885097331716894e-01
6.118200000000000749e+00 5.482137488849431195e-01
6.157800000000000828e+00 5.089065839548486680e-01
6.197400000000000908e+00 4.590555843526825663e-01
6.237000000000000099e+00 4.202897057853320906e-01
6.276600000000000179e+00 4.435591158637446907e-01
6.316200000000000259e+00 5.616096911895158694e-01
6.355800000000000338e+00 7.983964015972490058e-01
6.395400000000000418e+00 1.153737512711192403e+00
6.435000000000000497e+00 1.607051695297627703e+00
6.474600000000000577e+00 2.088239697611705026e+00
6.514200000000000657e+00 2.491099463105290290e+00
6.553800000000000736e+00 2.754877865477666887e+00
6.593400000000000816e+00 2.786840955997899716e+00
6.633000000000000895e+00 2.600652374907520770e+00
6.672600000000000975e+00 2.241510360839501725e+00
6.712200000000000166e+00 1.783315453306966170e+00
6.751800000000000246e+00 1.329093922744130740e+00
6.791400000000000325e+00 9.356938454041163755e-01
6.831000000000000405e+00 6.450541680364896280e-01
6.870600000000000485e+00 4.669559303449138943e-01
6.910200000000000564e+00 3.658199908539255807e-01
6.949800000000000644e+00 3.326927463405164875e-01
6.989400000000000723e+00 3.207128757658625484e-01
7.029000000000000803e+00 3.213897611042305091e-01
7.068600000000000882e+00 3.229302602652068255e-01
7.108200000000000962e+00 3.258664061755743857e-01
7.147800000000000153e+00 3.418098857631894361e-01
7.187400000000000233e+00 3.930370876098142063e-01
7.227000000000000313e+00 5.021232172939100735e-01
7.266600000000000392e+00 6.723088083311746788e-01
7.306200000000000472e+00 8.997061135620688654e-01
7.345800000000000551e+00 1.146876796431228973e+00
7.385400000000000631e+00 1.382225356866008781e+00
7.425000000000000711e+00 1.551877077441748742e+00
7.464600000000000790e+00 1.613381848504104710e+00
7.504200000000000870e+00 1.558867916417286725e+00
7.543800000000000949e+00 1.418664332526458516e+00
7.583400000000001029e+00 1.225491150664399287e+00
7.623000000000001108e+00 1.044341447388334343e+00
7.662600000000000300e+00 9.137066293566747932e-01
7.702200000000000379e+00 8.539058346241700237e-01
7.741800000000000459e+00 8.668434648059867298e-01
7.781400000000000539e+00 9.160496185549276138e-01
7.821000000000000618e+00 9.721085936153215368e-01
7.860600000000000698e+00 9.961061051176431924e-01
7.900200000000000777e+00 9.772165436841434571e-01
