# k_1_per_A S_k
1.000000000000000056e-01 1.322058474453916332e+00
1.397993311036789255e-01 1.212029336478138930e+00
1.795986622073578731e-01 1.073830566363269456e+00
2.193979933110368208e-01 9.139785026810376412e-01
2.591973244147157684e-01 7.398892880743154210e-01
2.989966555183947161e-01 5.594650558367413318e-01
3.387959866220736083e-01 3.806590490850048081e-01
3.785953177257525004e-01 2.110460896966311894e-01
4.183946488294314481e-01 5.742408052547887110e-02
4.581939799331103957e-01 -7.453015841710719513e-02
4.979933110367893434e-01 -1.805312645305290342e-01
5.377926421404682911e-01 -2.578674863639787151e-01
5.775919732441472387e-01 -3.054860270172248260e-01
6.173913043478260754e-01 -3.239792397056842077e-01
6.571906354515050230e-01 -3.154755732398077939e-01
6.969899665551839707e-01 -2.834449695205112363e-01
7.367892976588629184e-01 -2.324334162192354114e-01
7.765886287625418660e-01 -1.677452502456000527e-01
8.163879598662208137e-01 -9.509437270302423251e-02
8.561872909698997614e-01 -2.024665429912242409e-02
8.959866220735787090e-01 5.132453388880786616e-02
9.357859531772575457e-01 1.147494504215252897e-01
9.755852842809364933e-01 1.660224826586965685e-01
1.015384615384615552e+00 2.021985976238745986e-01
1.055183946488294389e+00 2.215168518925306751e-01
1.094983277591973447e+00 2.234469142480007831e-01
1.134782608695652284e+00 2.086593915930317067e-01
1.174581939799331343e+00 1.789252659107184451e-01
1.214381270903010179e+00 1.369536806874435131e-01
1.254180602006689238e+00 8.618045071873170482e-02
1.293979933110368075e+00 3.052187068929623770e-02
1.333779264214047133e+00 -2.589039960485450820e-02
1.373578595317725970e+00 -7.897738472111637265e-02
1.413377926421404807e+00 -1.249684976386942203e-01
1.453177257525083865e+00 -1.606311209961130970e-01
1.492976588628762702e+00 -1.834624215302014250e-01
1.532775919732441761e+00 -1.918343336513803621e-01
1.572575250836120597e+00 -1.850854856537293980e-01
1.612374581939799656e+00 -1.635567592916054025e-01
1.652173913043478493e+00 -1.285700154293245578e-01
1.691973244147157551e+00 -8.235216175795967430e-02
1.731772575250836388e+00 -2.790909531986085490e-02
1.771571906354515225e+00 3.114392980546731859e-02
1.811371237458194283e+00 9.078730241978005822e-02
1.851170568561873120e+00 1.468279163193526582e-01
1.890969899665552179e+00 1.951454333749835790e-01
1.930769230769231015e+00 2.319428521022522949e-01
1.970568561872910074e+00 2.539899574214184996e-01
2.010367892976588688e+00 2.588481993969138362e-01
2.050167224080267747e+00 2.450658327756977117e-01
2.089966555183946806e+00 2.123327718292666866e-01
2.129765886287625865e+00 1.615856149901725436e-01
2.169565217391304479e+00 9.505471424554390314e-02
2.209364548494983538e+00 1.624704270002863549e-02
2.249163879598662596e+00 -7.013902994861309637e-02
2.288963210702341655e+00 -1.583681198426725167e-01
2.328762541806020270e+00 -2.418891927059414471e-01
2.368561872909699328e+00 -3.136181699863367367e-01
2.408361204013378387e+00 -3.662723056159944424e-01
2.448160535117057002e+00 -3.927431564762826621e-01
2.487959866220736060e+00 -3.864915314186123663e-01
2.527759197324415119e+00 -3.419448982483792587e-01
2.567558528428094178e+00 -2.548756288243374524e-01
2.607357859531772792e+00 -1.227374271143286677e-01
2.647157190635451851e+00 5.506246936498326860e-02
2.686956521739130910e+00 2.769760466102690888e-01
2.726755852842809524e+00 5.392297886538761631e-01
2.766555183946488583e+00 8.358554025006336152e-01
2.806354515050167642e+00 1.158843004846316971e+00
2.846153846153846700e+00 1.498416838706660315e+00
2.885953177257525315e+00 1.843426004749234348e+00
2.925752508361204374e+00 2.181834938919728906e+00
2.965551839464883432e+00 2.501290975436131436e+00
3.005351170568562047e+00 2.789739857061660278e+00
3.045150501672241106e+00 3.036055029967668961e+00
3.084949832775920164e+00 3.230643464309782775e+00
3.124749163879599223e+00 3.365989945678977247e+00
3.164548494983277838e+00 3.437103516876952813e+00
3.204347826086956896e+00 3.441834072928446453e+00
3.244147157190635955e+00 3.381033894935139728e+00
3.283946488294315014e+00 3.258547827537191743e+00
3.323745819397993628e+00 3.081026356007566136e+00
3.363545150501672687e+00 2.857567362834714686e+00
3.403344481605351746e+00 2.599204065940847741e+00
3.443143812709030360e+00 2.318267725035620508e+00
3.482943143812709419e+00 2.027663310846232747e+00
3.522742474916388478e+00 1.740103688499071044e+00
3.562541806020067536e+00 1.467352321367661361e+00
3.602341137123746151e+00 1.219525588234279256e+00
3.642140468227425210e+00 1.004503286190152833e+00
3.681939799331104268e+00 8.274897847861838462e-01
3.721739130434782883e+00 6.907588945828860849e-01
3.761538461538461942e+00 5.936033681470476164e-01
3.801337792642141000e+00 5.324958482859680764e-01
3.841137123745820059e+00 5.014529840045501841e-01
3.880936454849498674e+00 4.925794330313776337e-01
3.920735785953177732e+00 4.967546830809081992e-01
3.960535117056856791e+00 5.044141286464403073e-01
4.000334448160534961e+00 5.063675818215674918e-01
4.040133779264214020e+00 4.945941115562665358e-01
4.079933110367893079e+00 4.629522592958484895e-01
4.119732441471572137e+00 4.077494134490184940e-01
4.159531772575251196e+00 3.281232404563789729e-01
4.199331103678930255e+00 2.262010252577594249e-01
4.239130434782608425e+00 1.070187156166990672e-01
4.278929765886287484e+00 -2.180071759484158989e-02
4.318729096989966543e+00 -1.505915903036370018e-01
4.358528428093645601e+00 -2.683768656438487721e-01
4.398327759197324660e+00 -3.637355001655515618e-01
4.438127090301003719e+00 -4.257426712926566381e-01
4.477926421404682777e+00 -4.449121708454055746e-01
4.517725752508360948e+00 -4.140677859479657830e-01
4.557525083612040007e+00 -3.290735192235429984e-01
4.597324414715719065e+00 -1.893609626362329212e-01
4.637123745819398124e+00 1.794445307936376466e-03
4.676923076923077183e+00 2.372790524105314880e-01
4.716722408026756241e+00 5.064389190066496127e-01
4.756521739130435300e+00 7.956586597884832690e-01
4.796321070234113471e+00 1.089188242355055181e+00
4.836120401337792529e+00 1.370165043028026108e+00
4.875919732441471588e+00 1.621762105484377159e+00
4.915719063545150647e+00 1.828381907303055165e+00
4.955518394648829705e+00 1.976809019191382966e+00
4.995317725752508764e+00 2.057235438733511224e+00
5.035117056856187823e+00 2.064079228372754038e+00
5.074916387959865993e+00 1.996530034254677677e+00
5.114715719063545052e+00 1.858773287193821178e+00
5.154515050167224111e+00 1.659867150448431250e+00
5.194314381270903169e+00 1.413271009787180787e+00
5.234113712374582228e+00 1.136049708057734531e+00
5.273913043478261287e+00 8.478019292048188937e-01
5.313712374581940345e+00 5.693823080116966473e-01
5.353511705685618516e+00 3.215033464428658228e-01
5.393311036789297575e+00 1.233137396472167024e-01
5.433110367892976633e+00 -8.946636322199941205e-03
5.472909698996655692e+00 -6.311843836799013729e-02
5.512709030100334751e+00 -3.203536860867473024e-02
5.552508361204013809e+00 8.589124728874752979e-02
5.592307692307692868e+00 2.864621118899394192e-01
5.632107023411371038e+00 5.598740143184196549e-01
5.671906354515050097e+00 8.912905456438825480e-01
5.711705685618729156e+00 1.261764025170248438e+00
5.751505016722408214e+00 1.649447765763161211e+00
5.791304347826087273e+00 2.031016545997913259e+00
5.831103678929766332e+00 2.383197664624035372e+00
5.870903010033445391e+00 2.684306416267894235e+00
5.910702341137123561e+00 2.915678925899253926e+00
5.950501672240802620e+00 3.062902129443010768e+00
5.990301003344481678e+00 3.116754828858886661e+00
6.030100334448160737e+00 3.073794176517584908e+00
6.069899665551839796e+00 2.936547177426737765e+00
6.109698996655518854e+00 2.713294996542122917e+00
6.149498327759197913e+00 2.417466952990619422e+00
6.189297658862876084e+00 2.066688932684497715e+00
6.229096989966555142e+00 1.681555503908583216e+00
6.268896321070234201e+00 1.284214469379611590e+00
6.308695652173913260e+00 8.968655059165155929e-01
6.348494983277592318e+00 5.402799905138641057e-01
6.388294314381271377e+00 2.324467097405784610e-01
6.428093645484950436e+00 -1.256189413008090838e-02
6.467892976588629494e+00 -1.854251932368913280e-01
6.507692307692307665e+00 -2.820562930445171812e-01
6.547491638795986724e+00 -3.037014836620495206e-01
6.587290969899665782e+00 -2.566565460646232921e-01
6.627090301003344841e+00 -1.516272481118901005e-01
6.666889632107023900e+00 -2.787066874562205143e-03
6.706688963210702958e+00 1.733933318039004856e-01
6.746488294314382017e+00 3.594546041992325858e-01
6.786287625418060188e+00 5.382961479038314012e-01
6.826086956521739246e+00 6.944619982716644380e-01
6.865886287625418305e+00 8.152709225315899477e-01
6.905685618729097364e+00 8.917095365746487978e-01
6.945484949832776422e+00 9.190262596992970767e-01
6.985284280936455481e+00 8.969872971934219619e-01
7.025083612040134540e+00 8.297817829632379016e-01
7.064882943143812710e+00 7.255897346199831066e-01
7.104682274247491769e+00 5.958515622409191748e-01
7.144481605351170828e+00 4.542996545981484724e-01
7.184280936454849886e+00 3.158294444381560817e-01
7.224080267558528945e+00 1.952981240802543761e-01
7.263879598662208004e+00 1.063431232009749428e-01
7.303678929765887062e+00 6.030938233264004911e-02
7.343478260869565233e+00 6.536470675126992980e-02
7.383277591973244292e+00 1.258669181901762579e-01
7.423076923076923350e+00 2.420264189550319633e-01
7.462876254180602409e+00 4.098847525545833426e-01
7.502675585284281468e+00 6.216055911438475023e-01
7.542474916387960526e+00 8.660511610901564516e-01
7.582274247491639585e+00 1.129596201718334303e+00
7.622073578595317755e+00 1.397114681523209168e+00
7.661872909698996814e+00 1.653062873372348252e+00
7.701672240802675873e+00 1.882576791124190185e+00
7.741471571906354932e+00 2.072502711651084795e+00
7.781270903010033990e+00 2.212286353261209371e+00
7.821070234113713049e+00 2.294658591648465862e+00
7.860869565217392108e+00 2.316072299495750553e+00
7.900668896321070278e+00 2.276864613146180716e+00
7.940468227424749337e+00 2.181140076864060529e+00
7.980267558528428395e+00 2.036391037414127858e+00
8.020066889632108342e+00 1.852890762624384680e+00
8.059866220735786513e+00 1.642910622384705643e+00
8.099665551839466460e+00 1.419824171879819241e+00
8.139464882943144630e+00 1.197167356079342104e+00
8.179264214046822801e+00 9.877249715902243210e-01
8.219063545150502748e+00 8.027090713732085714e-01
8.258862876254180918e+00 6.510856895365484398e-01
8.298662207357860865e+00 5.390929716622799850e-01
8.338461538461539035e+00 4.699776804148406706e-01
8.378260869565217206e+00 4.439594518576985838e-01
8.418060200668897153e+00 4.584145244550574816e-01
8.457859531772575323e+00 5.082543292721977135e-01
8.497658862876255270e+00 5.864605469469486021e-01
8.537458193979933441e+00 6.847279932347398734e-01
8.577257525083613388e+00 7.941606657709758821e-01
8.617056856187291558e+00 9.059647882095482885e-01
8.656856187290969729e+00 1.012085670588179109e+00
8.696655518394649675e+00 1.105742257710626175e+00
8.736454849498327846e+00 1.181823640462593472e+00
8.776254180602007793e+00 1.237124595187286014e+00
8.816053511705685963e+00 1.270411273065046975e+00
8.855852842809365910e+00 1.282322302820024795e+00
8.895652173913044081e+00 1.275123650197304226e+00
8.935451505016722251e+00 1.252346578721599712e+00
8.975250836120402198e+00 1.218346166931755237e+00
9.015050167224080369e+00 1.177822511792601112e+00
9.054849498327760315e+00 1.135347741509814545e+00
9.094648829431438486e+00 1.094939339316244764e+00
9.134448160535118433e+00 1.059714403173316333e+00
9.174247491638796603e+00 1.031650949482171287e+00
9.214046822742474774e+00 1.011472021560049894e+00
9.253846153846154721e+00 9.986571168820301825e-01
9.293645484949832891e+00 9.915742721088989242e-01
9.333444816053512838e+00 9.877159712216324605e-01
9.373244147157191009e+00 9.840136818905519389e-01
9.413043478260870955e+00 9.771999102054317321e-01
9.452842809364549126e+00 9.641835991283436158e-01
9.492642140468227296e+00 9.424046342849611291e-01
9.532441471571907243e+00 9.101360587962713522e-01
9.572240802675585414e+00 8.667079954155529897e-01
9.612040133779265361e+00 8.126346868367526621e-01
9.651839464882943531e+00 7.496348027622745658e-01
9.691638795986623478e+00 6.805444489331562430e-01
9.731438127090301649e+00 6.091313553493701294e-01
9.771237458193979819e+00 5.398267746330509542e-01
9.811036789297659766e+00 4.773980533651227542e-01
9.850836120401337936e+00 4.265891747432021264e-01
9.890635451505017883e+00 3.917585282287675552e-01
9.930434782608696054e+00 3.765426679203756066e-01
9.970234113712376001e+00 3.835720097892945102e-01
1.001003344481605417e+01 4.142596093281099012e-01
1.004983277591973234e+01 4.686778287706850898e-01
1.008963210702341229e+01 5.455304263802571718e-01
1.012943143812709046e+01 6.422200119835055343e-01
1.016923076923077041e+01 7.550035430702339845e-01
1.020903010033444858e+01 8.792221590088066252e-01
1.024882943143812852e+01 1.009586640431001880e+00
1.028862876254180669e+01 1.140496473119135157e+00
1.032842809364548486e+01 1.266369068698305123e+00
1.036822742474916481e+01 1.381956160181212923e+00
1.040802675585284298e+01 1.482626602619378620e+00
1.044782608695652293e+01 1.564598483885828895e+00
1.048762541806020110e+01 1.625108198254749947e+00
1.052742474916388105e+01 1.662509499917098843e+00
1.056722408026755922e+01 1.676301055788811167e+00
1.060702341137123739e+01 1.667086197886307852e+00
1.064682274247491733e+01 1.636473035206325033e+00
1.068662207357859550e+01 1.586926514265880162e+00
1.072642140468227545e+01 1.521586219590757016e+00
1.076622073578595362e+01 1.444064606756778613e+00
1.080602006688963357e+01 1.358240008805774668e+00
1.084581939799331174e+01 1.268057308545912809e+00
1.088561872909698991e+01 1.177346867781134732e+00
1.092541806020066986e+01 1.089669451109466003e+00
1.096521739130434803e+01 1.008191802777985258e+00
1.100501672240802797e+01 9.355945479356551076e-01
1.104481605351170614e+01 8.740114730334351822e-01
1.108461538461538609e+01 8.249972081976952865e-01
1.112441471571906426e+01 7.895190193510109866e-01
1.116421404682274243e+01 7.679678616525265067e-01
1.120401337792642238e+01 7.601840015577817633e-01
1.124381270903010055e+01 7.654932571045386380e-01
1.128361204013378050e+01 7.827510493903686584e-01
1.132341137123745867e+01 8.103927808465571925e-01
1.136321070234113861e+01 8.464903268142028869e-01
1.140301003344481678e+01 8.888154330420032778e-01
1.144280936454849495e+01 9.349113825723731619e-01
1.148260869565217490e+01 9.821743226404056060e-01
1.152240802675585307e+01 1.027945091724070226e+00
1.156220735785953302e+01 1.069611303381938994e+00
1.160200668896321119e+01 1.104717945655948830e+00
1.164180602006689114e+01 1.131083022577206165e+00
1.168160535117056931e+01 1.146913019428291491e+00
1.172140468227424748e+01 1.150911454998128303e+00
1.176120401337792742e+01 1.142372721882219277e+00
1.180100334448160559e+01 1.121253004037225942e+00
1.184080267558528554e+01 1.088210434530433979e+00
1.188060200668896371e+01 1.044607874422640137e+00
1.192040133779264366e+01 9.924737278783001271e-01
1.196020066889632183e+01 9.344189423481228385e-01
1.200000000000000000e+01 8.735115782986591082e-01
