# r_A g_r
1.980000000000000163e-02 0.000000000000000000e+00
5.940000000000000835e-02 0.000000000000000000e+00
9.900000000000000466e-02 0.000000000000000000e+00
1.386000000000000010e-01 0.000000000000000000e+00
1.782000000000000250e-01 0.000000000000000000e+00
2.178000000000000214e-01 0.000000000000000000e+00
2.574000000000000177e-01 0.000000000000000000e+00
2.970000000000000417e-01 0.000000000000000000e+00
3.366000000000000103e-01 0.000000000000000000e+00
3.762000000000000344e-01 0.000000000000000000e+00
4.158000000000000584e-01 0.000000000000000000e+00
4.554000000000000270e-01 0.000000000000000000e+00
4.950000000000000511e-01 0.000000000000000000e+00
5.345999999999999641e-01 0.000000000000000000e+00
5.742000000000000437e-01 0.000000000000000000e+00
6.138000000000001233e-01 0.000000000000000000e+00
6.533999999999999808e-01 0.000000000000000000e+00
6.930000000000000604e-01 0.000000000000000000e+00
7.326000000000001400e-01 0.000000000000000000e+00
7.721999999999999975e-01 0.000000000000000000e+00
8.118000000000000771e-01 0.000000000000000000e+00
8.514000000000001567e-01 0.000000000000000000e+00
8.910000000000000142e-01 0.000000000000000000e+00
9.306000000000000938e-01 0.000000000000000000e+00
9.702000000000001734e-01 0.000000000000000000e+00
1.009800000000000031e+00 0.000000000000000000e+00
1.049400000000000110e+00 0.000000000000000000e+00
1.088999999999999968e+00 0.000000000000000000e+00
1.128600000000000048e+00 0.000000000000000000e+00
1.168200000000000127e+00 0.000000000000000000e+00
1.207800000000000207e+00 0.000000000000000000e+00
1.247400000000000064e+00 0.000000000000000000e+00
1.287000000000000144e+00 0.000000000000000000e+00
1.326600000000000001e+00 0.000000000000000000e+00
1.366200000000000081e+00 0.000000000000000000e+00
1.405800000000000161e+00 0.000000000000000000e+00
1.445400000000000240e+00 0.000000000000000000e+00
1.485000000000000098e+00 0.000000000000000000e+00
1.524600000000000177e+00 0.000000000000000000e+00
1.564200000000000035e+00 0.000000000000000000e+00
1.603800000000000114e+00 0.000000000000000000e+00
1.643400000000000194e+00 0.000000000000000000e+00
1.683000000000000274e+00 0.000000000000000000e+00
1.722600000000000131e+00 0.000000000000000000e+00
1.762200000000000211e+00 0.000000000000000000e+00
1.801800000000000068e+00 0.000000000000000000e+00
1.841400000000000148e+00 3.086326353074585107e-03
1.881000000000000227e+00 2.082744501425859776e-02
1.920600000000000307e+00 9.681372621125503009e-02
1.960200000000000164e+00 2.926694931764906582e-01
1.999800000000000022e+00 6.034918093591823407e-01
2.039400000000000102e+00 1.042202539182078391e+00
2.079000000000000181e+00 1.529285100680053855e+00
2.118600000000000261e+00 1.966641846056463194e+00
2.158200000000000340e+00 2.260324104230959197e+00
2.197799999999999976e+00 2.479215825096409809e+00
2.237400000000000055e+00 2.547975104532825608e+00
2.277000000000000135e+00 2.521598320761156753e+00
2.316600000000000215e+00 2.405007804871203803e+00
2.356200000000000294e+00 2.279292113719238344e+00
2.395800000000000374e+00 2.121534247726001077e+00
2.435400000000000453e+00 1.976718282896889667e+00
2.475000000000000089e+00 1.821787312570142259e+00
2.514600000000000168e+00 1.656663789718508806e+00
2.554200000000000248e+00 1.538788724837514721e+00
2.593800000000000328e+00 1.399999137569335472e+00
2.633399999999999963e+00 1.283952503294169434e+00
2.673000000000000043e+00 1.184064787040356892e+00
2.712600000000000122e+00 1.111464490627121604e+00
2.752200000000000202e+00 1.032793624248056652e+00
2.791800000000000281e+00 9.544151050191975738e-01
2.831400000000000361e+00 8.964670621596104727e-01
2.871000000000000441e+00 8.449281890969015940e-01
2.910600000000000076e+00 8.022770491396639114e-01
2.950200000000000156e+00 7.717660470443653553e-01
2.989800000000000235e+00 7.470670967535599782e-01
3.029400000000000315e+00 7.156902767519596198e-01
3.069000000000000394e+00 6.959048660912573459e-01
3.108600000000000030e+00 6.686765541308471450e-01
3.148200000000000109e+00 6.695582582400598781e-01
3.187800000000000189e+00 6.601494276163020203e-01
3.227400000000000269e+00 6.471466254975486443e-01
3.267000000000000348e+00 6.516940487997271436e-01
3.306600000000000428e+00 6.453905386035565517e-01
3.346200000000000507e+00 6.582050206605986054e-01
3.385800000000000143e+00 6.618027536764654606e-01
3.425400000000000222e+00 6.749443522350837554e-01
3.465000000000000302e+00 6.942161416861086787e-01
3.504600000000000382e+00 7.091832983228741893e-01
3.544200000000000461e+00 7.366069635267925575e-01
3.583800000000000097e+00 7.618372530429123879e-01
3.623400000000000176e+00 7.855289467180216478e-01
3.663000000000000256e+00 8.168954759088785655e-01
3.702600000000000335e+00 8.490376430325754509e-01
3.742200000000000415e+00 8.821344812348490549e-01
3.781800000000000495e+00 9.090624381291926293e-01
3.821400000000000574e+00 9.393187524447080827e-01
3.861000000000000210e+00 9.863717010308116206e-01
3.900600000000000289e+00 1.007313531431582421e+00
3.940200000000000369e+00 1.039463956710620307e+00
3.979800000000000448e+00 1.075234694860814910e+00
4.019400000000000084e+00 1.107700523388057467e+00
4.059000000000000163e+00 1.125891330339853225e+00
4.098600000000000243e+00 1.167185994814202932e+00
4.138200000000000323e+00 1.180729440016853538e+00
4.177800000000000402e+00 1.207342294409304406e+00
4.217400000000000482e+00 1.224465924461851651e+00
4.257000000000000561e+00 1.225924631497619766e+00
4.296600000000000641e+00 1.227216262704307725e+00
4.336200000000000720e+00 1.234332324830070382e+00
4.375799999999999912e+00 1.227782855579597543e+00
4.415399999999999991e+00 1.209459515810510810e+00
4.455000000000000071e+00 1.212484294824551778e+00
4.494600000000000151e+00 1.196522874515851154e+00
4.534200000000000230e+00 1.173572042488107980e+00
4.573800000000000310e+00 1.150774659253044341e+00
4.613400000000000389e+00 1.127129124309911079e+00
4.653000000000000469e+00 1.102003708586210662e+00
4.692600000000000549e+00 1.079562255060524611e+00
4.732200000000000628e+00 1.054306974701162636e+00
4.771800000000000708e+00 1.036344521028209176e+00
4.811400000000000787e+00 1.010540402235405422e+00
4.851000000000000867e+00 9.941832428327596061e-01
4.890600000000000058e+00 9.682855003696624330e-01
4.930200000000000138e+00 9.506584433117775124e-01
4.969800000000000217e+00 9.370165140593265107e-01
5.009400000000000297e+00 9.293327030583784509e-01
5.049000000000000377e+00 9.155818155900156130e-01
5.088600000000000456e+00 9.037781784552111342e-01
5.128200000000000536e+00 8.990762698201393288e-01
5.167800000000000615e+00 8.846643676943414247e-01
5.207400000000000695e+00 8.850571629074873714e-01
5.247000000000000774e+00 8.786536603757253427e-01
5.286599999999999966e+00 8.710470367838661909e-01
5.326200000000000045e+00 8.786933598543713586e-01
5.365800000000000125e+00 8.807495879475638612e-01
5.405400000000000205e+00 8.876806868754415492e-01
5.445000000000000284e+00 8.842138444608717007e-01
5.484600000000000364e+00 8.954527780902807876e-01
5.524200000000000443e+00 9.049366061077438461e-01
5.563800000000000523e+00 9.208782332286754579e-01
5.603400000000000603e+00 9.253787364957349881e-01
5.643000000000000682e+00 9.335652325687759934e-01
5.682600000000000762e+00 9.464846027150958241e-01
5.722200000000000841e+00 9.637788518554102346e-01
5.761800000000000921e+00 9.812979395869333432e-01
5.801400000000000112e+00 9.875231825047393608e-01
5.841000000000000192e+00 9.980909981838984590e-01
5.880600000000000271e+00 1.010593017927248871e+00
5.920200000000000351e+00 1.022000528375780926e+00
5.959800000000000431e+00 1.032439641040448830e+00
5.999400000000000510e+00 1.045192328665330850e+00
6.039000000000000590e+00 1.051460983748496947e+00
6.078600000000000669e+00 1.059378065935450808e+00
6.118200000000000749e+00 1.068237508557749793e+00
6.157800000000000828e+00 1.066225702503526440e+00
6.197400000000000908e+00 1.067220505786807827e+00
6.237000000000000099e+00 1.075916986526339381e+00
6.276600000000000179e+00 1.066434544543672258e+00
6.316200000000000259e+00 1.070111126934821355e+00
6.355800000000000338e+00 1.070548045237184054e+00
6.395400000000000418e+00 1.064730152898716753e+00
6.435000000000000497e+00 1.062375147681617005e+00
6.474600000000000577e+00 1.062307081940146780e+00
6.514200000000000657e+00 1.056243435265928232e+00
6.553800000000000736e+00 1.056694686286510532e+00
6.593400000000000816e+00 1.043518205697074874e+00
6.633000000000000895e+00 1.039717840403640903e+00
6.672600000000000975e+00 1.028990344651061317e+00
6.712200000000000166e+00 1.019807514546881233e+00
6.751800000000000246e+00 1.019463332737795991e+00
6.791400000000000325e+00 1.010322460868830596e+00
6.831000000000000405e+00 9.993994389613584106e-01
6.870600000000000485e+00 9.966597566154687948e-01
6.910200000000000564e+00 9.884655038557420559e-01
6.949800000000000644e+00 9.769080314298717038e-01
6.989400000000000723e+00 9.746883003745073770e-01
7.029000000000000803e+00 9.666669025567737883e-01
7.068600000000000882e+00 9.656840038889504818e-01
7.108200000000000962e+00 9.670102863133378523e-01
7.147800000000000153e+00 9.588599417102204869e-01
7.187400000000000233e+00 9.589584984827548286e-01
7.227000000000000313e+00 9.551569921123326257e-01
7.266600000000000392e+00 9.545604212865214100e-01
7.306200000000000472e+00 9.542392024931890537e-01
7.345800000000000551e+00 9.598976084442059076e-01
7.385400000000000631e+00 9.558429458250408128e-01
7.425000000000000711e+00 9.577676822033860393e-01
7.464600000000000790e+00 9.586431675249423856e-01
7.504200000000000870e+00 9.663150599398561136e-01
7.543800000000000949e+00 9.668162870197435366e-01
7.583400000000001029e+00 9.709469348887533879e-01
7.623000000000001108e+00 9.750523484338815550e-01
7.662600000000000300e+00 9.838706482955370536e-01
7.702200000000000379e+00 9.897590004632794702e-01
7.741800000000000459e+00 9.922236988994175277e-01
7.781400000000000539e+00 9.959481337025379855e-01
7.821000000000000618e+00 9.971655109753901902e-01
7.860600000000000698e+00 1.005378904293888764e+00
7.900200000000000777e+00 1.006440470777839824e+00
