# time_fs msd_A2
0.000000000000000000e+00 0.000000000000000000e+00
5.000000000000000000e+01 1.960990966279548692e-02
1.000000000000000000e+02 2.664583698491709493e-02
1.500000000000000000e+02 2.145178944581890498e-02
2.000000000000000000e+02 1.900781913602914153e-02
2.500000000000000000e+02 2.156088903595208481e-02
3.000000000000000000e+02 2.126366840721235010e-02
3.500000000000000000e+02 2.015348461569270444e-02
4.000000000000000000e+02 1.868201086248986661e-02
4.500000000000000000e+02 1.903864988930698346e-02
5.000000000000000000e+02 1.834488040201595269e-02
5.500000000000000000e+02 1.671431053631132826e-02
6.000000000000000000e+02 1.685913478774180713e-02
6.500000000000000000e+02 1.906180109130712480e-02
7.000000000000000000e+02 2.109400437233644246e-02
7.500000000000000000e+02 2.017591479535401147e-02
8.000000000000000000e+02 1.951742470551495398e-02
8.500000000000000000e+02 2.271793892693393935e-02
9.000000000000000000e+02 2.232222840165567004e-02
9.500000000000000000e+02 1.745477852844211711e-02
1.000000000000000000e+03 1.703695037104422869e-02
1.050000000000000000e+03 1.894227132756424320e-02
1.100000000000000000e+03 1.888757932897780489e-02
1.150000000000000000e+03 1.878602680504775496e-02
1.200000000000000000e+03 1.932015222092228063e-02
1.250000000000000000e+03 1.967465997089579491e-02
1.300000000000000000e+03 2.082576946979291729e-02
1.350000000000000000e+03 2.016779140647191951e-02
1.400000000000000000e+03 2.101578943659848306e-02
1.450000000000000000e+03 1.980538051423696294e-02
1.500000000000000000e+03 2.099687974440983193e-02
1.550000000000000000e+03 1.794022770701357572e-02
1.600000000000000000e+03 1.792525564128767679e-02
1.650000000000000000e+03 1.844301209157217167e-02
1.700000000000000000e+03 1.730287093477695867e-02
1.750000000000000000e+03 1.807528740271339279e-02
1.800000000000000000e+03 1.968552433530528292e-02
1.850000000000000000e+03 2.075658792409586229e-02
1.900000000000000000e+03 2.163949728186138205e-02
1.950000000000000000e+03 2.167637742828196212e-02
2.000000000000000000e+03 1.943252837369680019e-02
2.050000000000000000e+03 1.888501437519984200e-02
2.100000000000000000e+03 1.879018097138760585e-02
2.150000000000000000e+03 1.880998215541753588e-02
2.200000000000000000e+03 1.773686141111210923e-02
2.250000000000000000e+03 1.761662219611275643e-02
2.300000000000000000e+03 1.939115138164894739e-02
2.350000000000000000e+03 1.877525211046870285e-02
2.400000000000000000e+03 1.998779358106216042e-02
2.450000000000000000e+03 2.261270530560563138e-02
2.500000000000000000e+03 2.167684207491067314e-02
2.550000000000000000e+03 1.908871310241465682e-02
2.600000000000000000e+03 1.810717913216950553e-02
2.650000000000000000e+03 1.868063842897883103e-02
2.700000000000000000e+03 1.874831644749047968e-02
2.750000000000000000e+03 1.782501507519378137e-02
2.800000000000000000e+03 1.787972846314965503e-02
2.850000000000000000e+03 1.955293783346420330e-02
2.900000000000000000e+03 2.044078012762867019e-02
2.950000000000000000e+03 2.105287891087716245e-02
3.000000000000000000e+03 2.065880325183367533e-02
3.050000000000000000e+03 2.033034151392379765e-02
3.100000000000000000e+03 1.813663837969530651e-02
3.150000000000000000e+03 1.710862655934073523e-02
3.200000000000000000e+03 2.022715989551943094e-02
3.250000000000000000e+03 1.920134668231178107e-02
3.300000000000000000e+03 1.860761894908110128e-02
3.350000000000000000e+03 1.832021117309800759e-02
3.400000000000000000e+03 1.893898812458631037e-02
3.450000000000000000e+03 2.011280985048641973e-02
3.500000000000000000e+03 2.211406277092855047e-02
3.550000000000000000e+03 2.107553613669819678e-02
3.600000000000000000e+03 1.887277718366270340e-02
3.650000000000000000e+03 1.786657433890797078e-02
3.700000000000000000e+03 1.883261616321460150e-02
3.750000000000000000e+03 1.762320772880077505e-02
3.800000000000000000e+03 1.834426927925079595e-02
3.850000000000000000e+03 1.980934578432259549e-02
3.900000000000000000e+03 1.994833385027790923e-02
3.950000000000000000e+03 1.964970017872408325e-02
4.000000000000000000e+03 2.013591520411226604e-02
4.050000000000000000e+03 2.016367643385578307e-02
4.100000000000000000e+03 2.085566796981730420e-02
4.150000000000000000e+03 1.992547060021591585e-02
4.200000000000000000e+03 1.884196136884800504e-02
4.250000000000000000e+03 1.993147802102344587e-02
4.300000000000000000e+03 1.844956563239989744e-02
4.350000000000000000e+03 1.915235280616456662e-02
4.400000000000000000e+03 2.040382972890963584e-02
4.450000000000000000e+03 1.748233492913778622e-02
4.500000000000000000e+03 1.815201033450169338e-02
4.550000000000000000e+03 2.031425976228955210e-02
4.600000000000000000e+03 2.044578496638405768e-02
4.650000000000000000e+03 2.133065784078794908e-02
4.700000000000000000e+03 2.071450800185145602e-02
4.750000000000000000e+03 1.898912058893474641e-02
4.800000000000000000e+03 1.878359782092227370e-02
4.850000000000000000e+03 1.830189032678667532e-02
4.900000000000000000e+03 1.873526211727996951e-02
4.950000000000000000e+03 1.828055512154226625e-02
5.000000000000000000e+03 1.958116145438878672e-02
5.050000000000000000e+03 2.027916919536130666e-02
5.100000000000000000e+03 2.010258395637440007e-02
5.150000000000000000e+03 1.975761646003279526e-02
5.200000000000000000e+03 2.070057700158568423e-02
5.250000000000000000e+03 2.075186627957828489e-02
5.300000000000000000e+03 1.853077165399186904e-02
5.350000000000000000e+03 1.971647268769852190e-02
5.400000000000000000e+03 1.926396852642546162e-02
5.450000000000000000e+03 1.782333517146391863e-02
5.500000000000000000e+03 1.811235336724266454e-02
5.550000000000000000e+03 2.095986305273025291e-02
5.600000000000000000e+03 2.017010605387965436e-02
5.650000000000000000e+03 2.019870593527614555e-02
5.700000000000000000e+03 2.072787555035499399e-02
5.750000000000000000e+03 2.022339767337752794e-02
5.800000000000000000e+03 1.845219655737282902e-02
5.850000000000000000e+03 1.851124244210053740e-02
5.900000000000000000e+03 1.927702831114623885e-02
5.950000000000000000e+03 1.808651459624941935e-02
6.000000000000000000e+03 1.884725983397752408e-02
6.050000000000000000e+03 1.868709308892040760e-02
6.100000000000000000e+03 2.000916655319239304e-02
6.150000000000000000e+03 2.092005733000927223e-02
6.200000000000000000e+03 1.909341122964563348e-02
6.250000000000000000e+03 1.989445263747145407e-02
6.300000000000000000e+03 2.151024387847447553e-02
6.350000000000000000e+03 2.080045815327775938e-02
6.400000000000000000e+03 1.840726849500888551e-02
6.450000000000000000e+03 1.761078705689116813e-02
6.500000000000000000e+03 1.783256220116352306e-02
6.550000000000000000e+03 1.924433937673900030e-02
6.600000000000000000e+03 1.954708209323823692e-02
6.650000000000000000e+03 2.074099692319104904e-02
6.700000000000000000e+03 1.996979689581218978e-02
6.750000000000000000e+03 1.982157008773860127e-02
6.800000000000000000e+03 2.023219797065755818e-02
6.850000000000000000e+03 1.958684211270940098e-02
6.900000000000000000e+03 1.880597387762153808e-02
6.950000000000000000e+03 1.975238198749020360e-02
7.000000000000000000e+03 1.960025701007391680e-02
7.050000000000000000e+03 1.794241330222882957e-02
7.100000000000000000e+03 1.701921719465944449e-02
7.150000000000000000e+03 1.897531688102160191e-02
7.200000000000000000e+03 1.918127890765764301e-02
7.250000000000000000e+03 1.979299373447519772e-02
7.300000000000000000e+03 2.194915002950038538e-02
7.350000000000000000e+03 1.976949054898876484e-02
7.400000000000000000e+03 1.937437006387989977e-02
7.450000000000000000e+03 1.915260659392492223e-02
7.500000000000000000e+03 1.869315960034495516e-02
7.550000000000000000e+03 1.993856045175690719e-02
7.600000000000000000e+03 1.901391717226545708e-02
7.650000000000000000e+03 1.870904446303232535e-02
7.700000000000000000e+03 1.930066726996727475e-02
7.750000000000000000e+03 1.959157542620872453e-02
7.800000000000000000e+03 2.042971431144527394e-02
7.850000000000000000e+03 2.028046642306269992e-02
7.900000000000000000e+03 1.952339968635836975e-02
7.950000000000000000e+03 1.948969045257538737e-02
8.000000000000000000e+03 2.040142029727694956e-02
8.050000000000000000e+03 1.939972985552390269e-02
8.100000000000000000e+03 1.837854956279879118e-02
8.150000000000000000e+03 1.873721216750745197e-02
8.200000000000000000e+03 1.822720477121401311e-02
8.250000000000000000e+03 2.044303504718210027e-02
8.300000000000000000e+03 2.115162950968731137e-02
8.350000000000000000e+03 1.946402975020543324e-02
8.400000000000000000e+03 2.015551678599624905e-02
8.450000000000000000e+03 2.053738607089623802e-02
8.500000000000000000e+03 2.038235378911498405e-02
8.550000000000000000e+03 1.928699888272401852e-02
8.600000000000000000e+03 1.896736606166227884e-02
8.650000000000000000e+03 1.982418051833969783e-02
8.700000000000000000e+03 2.094880711029965467e-02
8.750000000000000000e+03 1.924160082294570223e-02
8.800000000000000000e+03 1.925568147526406093e-02
8.850000000000000000e+03 2.091164835688244863e-02
8.900000000000000000e+03 2.045277484825449091e-02
8.950000000000000000e+03 2.078357729610495058e-02
9.000000000000000000e+03 2.089952114124873916e-02
9.050000000000000000e+03 2.055654884724575360e-02
9.100000000000000000e+03 2.069834113683528126e-02
9.150000000000000000e+03 1.834349116620204861e-02
9.200000000000000000e+03 1.859002583852890911e-02
9.250000000000000000e+03 2.109413882359850376e-02
9.300000000000000000e+03 2.096149219283243922e-02
9.350000000000000000e+03 1.978634383867753851e-02
9.400000000000000000e+03 2.085619721444677277e-02
9.450000000000000000e+03 2.008542030297958900e-02
9.500000000000000000e+03 2.019283650563254151e-02
9.550000000000000000e+03 2.070479102419090292e-02
9.600000000000000000e+03 1.983783531053310775e-02
9.650000000000000000e+03 1.901093035903523090e-02
9.700000000000000000e+03 1.899216193672733505e-02
9.750000000000000000e+03 1.905260796435331166e-02
9.800000000000000000e+03 1.959409390864435413e-02
9.850000000000000000e+03 2.027257174968767270e-02
9.900000000000000000e+03 1.895372704902094710e-02
9.950000000000000000e+03 1.924623868433384191e-02
1.000000000000000000e+04 1.940712813051430341e-02
