# r_A g_r
2.033437500000000175e-02 0.000000000000000000e+00
6.100312500000000526e-02 0.000000000000000000e+00
1.016718750000000088e-01 0.000000000000000000e+00
1.423406249999999984e-01 0.000000000000000000e+00
1.830093750000000297e-01 0.000000000000000000e+00
2.236781250000000054e-01 0.000000000000000000e+00
2.643468749999999812e-01 0.000000000000000000e+00
3.050156250000000124e-01 0.000000000000000000e+00
3.456843750000000437e-01 0.000000000000000000e+00
3.863531250000000750e-01 0.000000000000000000e+00
4.270218749999999952e-01 0.000000000000000000e+00
4.676906250000000265e-01 0.000000000000000000e+00
5.083593750000000577e-01 0.000000000000000000e+00
5.490281249999999780e-01 0.000000000000000000e+00
5.896968750000000092e-01 0.000000000000000000e+00
6.303656250000000405e-01 0.000000000000000000e+00
6.710343750000000718e-01 0.000000000000000000e+00
7.117031250000001030e-01 0.000000000000000000e+00
7.523718750000001343e-01 0.000000000000000000e+00
7.930406250000000545e-01 0.000000000000000000e+00
8.337093750000000858e-01 0.000000000000000000e+00
8.743781250000000060e-01 0.000000000000000000e+00
9.150468750000000373e-01 0.000000000000000000e+00
9.557156250000000686e-01 0.000000000000000000e+00
9.963843750000000998e-01 0.000000000000000000e+00
1.037053125000000131e+00 0.000000000000000000e+00
1.077721875000000162e+00 0.000000000000000000e+00
1.118390624999999972e+00 0.000000000000000000e+00
1.159059375000000003e+00 0.000000000000000000e+00
1.199728125000000034e+00 0.000000000000000000e+00
1.240396875000000065e+00 0.000000000000000000e+00
1.281065625000000097e+00 0.000000000000000000e+00
1.321734375000000128e+00 0.000000000000000000e+00
1.362403125000000159e+00 0.000000000000000000e+00
1.403071875000000190e+00 0.000000000000000000e+00
1.443740625000000222e+00 0.000000000000000000e+00
1.484409375000000253e+00 0.000000000000000000e+00
1.525078125000000062e+00 0.000000000000000000e+00
1.565746875000000093e+00 0.000000000000000000e+00
1.606415625000000125e+00 0.000000000000000000e+00
1.647084375000000156e+00 0.000000000000000000e+00
1.687753125000000187e+00 0.000000000000000000e+00
1.728421875000000218e+00 0.000000000000000000e+00
1.769090625000000028e+00 0.000000000000000000e+00
1.809759375000000059e+00 0.000000000000000000e+00
1.850428125000000090e+00 0.000000000000000000e+00
1.891096875000000122e+00 0.000000000000000000e+00
1.931765625000000153e+00 0.000000000000000000e+00
1.972434375000000184e+00 0.000000000000000000e+00
2.013103125000000215e+00 0.000000000000000000e+00
2.053771875000000247e+00 0.000000000000000000e+00
2.094440625000000278e+00 0.000000000000000000e+00
2.135109375000000309e+00 0.000000000000000000e+00
2.175778125000000340e+00 0.000000000000000000e+00
2.216446875000000372e+00 0.000000000000000000e+00
2.257115624999999959e+00 0.000000000000000000e+00
2.297784374999999990e+00 2.613129124025187532e-04
2.338453125000000021e+00 9.082900931934929922e-03
2.379121875000000053e+00 1.378816974617038671e-01
2.419790625000000084e+00 1.049872421918851773e+00
2.460459375000000115e+00 3.874627878791742752e+00
2.501128125000000146e+00 8.100001624936645328e+00
2.541796875000000178e+00 1.059175028176403366e+01
2.582465625000000209e+00 9.220950381692887277e+00
2.623134375000000240e+00 5.709485646115618707e+00
2.663803125000000271e+00 2.593183903212198604e+00
2.704471875000000303e+00 8.754393096652656192e-01
2.745140625000000334e+00 2.334930355229566656e-01
2.785809375000000365e+00 4.675546401710380107e-02
2.826478125000000396e+00 8.231954086587819908e-03
2.867146875000000428e+00 6.713353610920499330e-04
2.907815625000000459e+00 5.439067237954196290e-05
2.948484375000000490e+00 0.000000000000000000e+00
2.989153125000000077e+00 0.000000000000000000e+00
3.029821875000000109e+00 0.000000000000000000e+00
3.070490625000000140e+00 0.000000000000000000e+00
3.111159375000000171e+00 0.000000000000000000e+00
3.151828125000000203e+00 0.000000000000000000e+00
3.192496875000000234e+00 0.000000000000000000e+00
3.233165625000000265e+00 4.399489179578552602e-05
3.273834375000000296e+00 4.290864007905767431e-04
3.314503125000000328e+00 2.009382109055071058e-03
3.355171875000000359e+00 1.311395371519010269e-02
3.395840625000000390e+00 5.690986211377838111e-02
3.436509375000000421e+00 1.892212871488492820e-01
3.477178125000000453e+00 5.080198619520014391e-01
3.517846875000000484e+00 1.055524966222502581e+00
3.558515625000000071e+00 1.708174836937716545e+00
3.599184375000000102e+00 2.114804760602488898e+00
3.639853125000000134e+00 2.043129720040526731e+00
3.680521875000000165e+00 1.501029878288159036e+00
3.721190625000000196e+00 8.673631816543150297e-01
3.761859375000000227e+00 3.810359014612564876e-01
3.802528125000000259e+00 1.303740652877249107e-01
3.843196875000000290e+00 3.667905894231239528e-02
3.883865625000000321e+00 7.164693730434326495e-03
3.924534375000000352e+00 1.194378221685687231e-03
3.965203125000000384e+00 1.755005695446554530e-04
4.005871875000000415e+00 5.731839828334941864e-05
4.046540625000000446e+00 0.000000000000000000e+00
4.087209375000000477e+00 8.258965318847953305e-05
4.127878125000000509e+00 1.862316612991301093e-03
4.168546875000000540e+00 1.564142300911716688e-02
4.209215625000000571e+00 8.950000689675248478e-02
4.249884375000000603e+00 3.877200660571613611e-01
4.290553125000000634e+00 1.200197370220406734e+00
4.331221875000000665e+00 2.792121599590239978e+00
4.371890625000000696e+00 4.738493451999064021e+00
4.412559375000000728e+00 6.013069163163281772e+00
4.453228125000000759e+00 5.648625302536529169e+00
4.493896875000000790e+00 4.008814069325151941e+00
4.534565625000000821e+00 2.158132398838445987e+00
4.575234374999999964e+00 8.847567412640349183e-01
4.615903124999999996e+00 2.779022262400618337e-01
4.656571875000000027e+00 6.986330594682792217e-02
4.697240625000000058e+00 1.175578532546127895e-02
4.737909375000000090e+00 1.925805905284493904e-03
4.778578125000000121e+00 3.021009124914225078e-04
4.819246875000000152e+00 6.534520885745763886e-04
4.859915625000000183e+00 6.191955416004320256e-03
4.900584375000000215e+00 4.025271043278201566e-02
4.941253125000000246e+00 1.731762993131839568e-01
4.981921875000000277e+00 5.295182937046966076e-01
5.022590625000000308e+00 1.170463614938592301e+00
5.063259375000000340e+00 1.889602730993057644e+00
5.103928125000000371e+00 2.266998786398225274e+00
5.144596875000000402e+00 2.034686576993136597e+00
5.185265625000000433e+00 1.382386914403106681e+00
5.225934375000000465e+00 7.187789783711988623e-01
5.266603125000000496e+00 2.854660421852161512e-01
5.307271875000000527e+00 8.746557070923699495e-02
5.347940625000000558e+00 2.183658776599931711e-02
5.388609375000000590e+00 5.289945789525251491e-03
5.429278125000000621e+00 7.254824863057457093e-03
5.469946875000000652e+00 3.619785649862761190e-02
5.510615625000000684e+00 1.432982426776231444e-01
5.551284375000000715e+00 4.472727525359582179e-01
5.591953125000000746e+00 1.080276031725020403e+00
5.632621875000000777e+00 2.042854025374513771e+00
5.673290625000000809e+00 2.988907033281703374e+00
5.713959375000000840e+00 3.390752084905880093e+00
5.754628125000000871e+00 2.998530408938577807e+00
5.795296875000000902e+00 2.070817673939062686e+00
5.835965625000000934e+00 1.108143427489044264e+00
5.876634375000000077e+00 4.654098502686743188e-01
5.917303125000000108e+00 1.525824253691697441e-01
5.957971875000000139e+00 3.882826676943579997e-02
5.998640625000000171e+00 1.022450890653723785e-02
6.039309375000000202e+00 1.803099285866105808e-02
6.079978125000000233e+00 6.334940218251788879e-02
6.120646875000000264e+00 1.934604380822634861e-01
6.161315625000000296e+00 4.357885650159291635e-01
6.201984375000000327e+00 7.476752991486269595e-01
6.242653125000000358e+00 9.666928110634781524e-01
6.283321875000000389e+00 9.432929530662729212e-01
6.323990625000000421e+00 7.025222240869872792e-01
6.364659375000000452e+00 3.939124919076303910e-01
6.405328125000000483e+00 1.746396483833970725e-01
6.445996875000000514e+00 5.842915964178936605e-02
6.486665625000000546e+00 2.595844961514704591e-02
6.527334375000000577e+00 6.000440197494940481e-02
6.568003125000000608e+00 2.406684809877398523e-01
6.608671875000000639e+00 7.535818955677960895e-01
6.649340625000000671e+00 1.809351453518655006e+00
6.690009375000000702e+00 3.304459930052860539e+00
6.730678125000000733e+00 4.608656773909995508e+00
6.771346875000000765e+00 4.922162577048386112e+00
6.812015625000000796e+00 4.064877729113820948e+00
6.852684375000000827e+00 2.570110738059016242e+00
6.893353125000000858e+00 1.260196037445168837e+00
6.934021875000000890e+00 4.757374395336900763e-01
6.974690625000000921e+00 1.436889189825427127e-01
7.015359375000000952e+00 5.064745169864949548e-02
7.056028125000000983e+00 6.406880702785892889e-02
7.096696875000001015e+00 1.467443961214793813e-01
7.137365625000001046e+00 2.824168887379349679e-01
7.178034375000000189e+00 4.287953731260484291e-01
7.218703125000000220e+00 5.171483916801571379e-01
7.259371875000000252e+00 4.846222898348143682e-01
7.300040625000000283e+00 3.591520716580743899e-01
7.340709375000000314e+00 2.092081330764810343e-01
7.381378125000000345e+00 1.013992469172901589e-01
7.422046875000000377e+00 6.356581887897301553e-02
7.462715625000000408e+00 1.261213834016094437e-01
7.503384375000000439e+00 3.681882040864757899e-01
7.544053125000000470e+00 8.934015741322128834e-01
7.584721875000000502e+00 1.680683451470094569e+00
7.625390625000000533e+00 2.475200081863264234e+00
7.666059375000000564e+00 2.813340907663198109e+00
7.706728125000000595e+00 2.511469844757144632e+00
7.747396875000000627e+00 1.741268451566253095e+00
7.788065625000000658e+00 9.448108676944894091e-01
7.828734375000000689e+00 4.127256129295829301e-01
7.869403125000000720e+00 1.874407110517447850e-01
7.910071875000000752e+00 2.150218315997028118e-01
7.950740625000000783e+00 4.679460390578835671e-01
7.991409375000000814e+00 9.054348901793013438e-01
8.032078125000001734e+00 1.391746020140262274e+00
8.072746874999999989e+00 1.679639840438146514e+00
8.113415625000001796e+00 1.568003765014347239e+00
