# time_fs vacf
0.000000000000000000e+00 5.097005032297320708e-05
5.000000000000000000e+01 -2.849336258560273671e-05
1.000000000000000000e+02 2.012942346845912228e-06
1.500000000000000000e+02 4.445296377839073711e-06
2.000000000000000000e+02 -4.435815128858117836e-06
2.500000000000000000e+02 2.723218468522856607e-06
3.000000000000000000e+02 -1.891763322274510859e-06
3.500000000000000000e+02 1.347745784535454300e-06
4.000000000000000000e+02 -4.916200240878996649e-07
4.500000000000000000e+02 4.516202143471243709e-07
5.000000000000000000e+02 1.352710220236353107e-06
5.500000000000000000e+02 -1.798009095172656487e-06
6.000000000000000000e+02 -3.267568095846974344e-07
6.500000000000000000e+02 2.283506416166036470e-06
7.000000000000000000e+02 -1.872807133213070743e-06
7.500000000000000000e+02 -1.694693090677406740e-06
8.000000000000000000e+02 2.684886342080017635e-06
8.500000000000000000e+02 -6.268683019004965870e-07
9.000000000000000000e+02 -4.671528145362092322e-08
9.500000000000000000e+02 4.264188080808629995e-07
1.000000000000000000e+03 -8.430822781060360125e-08
1.050000000000000000e+03 -5.922265003920096133e-07
1.100000000000000000e+03 1.069077186996128214e-07
1.150000000000000000e+03 1.253309817194850151e-07
1.200000000000000000e+03 1.198476638228189990e-07
1.250000000000000000e+03 -2.935650231459921629e-07
1.300000000000000000e+03 2.263987585139084517e-07
1.350000000000000000e+03 4.308967619423740662e-08
1.400000000000000000e+03 -1.530877482138671237e-07
1.450000000000000000e+03 1.219799147712153426e-08
1.500000000000000000e+03 2.231676194448979654e-07
1.550000000000000000e+03 1.785666788705104606e-07
1.600000000000000000e+03 -4.095211408364322072e-07
1.650000000000000000e+03 5.479086610630846324e-07
1.700000000000000000e+03 -7.217110957713531179e-07
1.750000000000000000e+03 -3.011232073984214010e-07
1.800000000000000000e+03 5.948765886464681463e-07
1.850000000000000000e+03 -2.109468136007874194e-07
1.900000000000000000e+03 1.374539928380534239e-07
1.950000000000000000e+03 8.982589588984252188e-07
2.000000000000000000e+03 -8.372088465812163398e-07
2.050000000000000000e+03 -6.887172365343056779e-08
2.100000000000000000e+03 -5.418123568413016732e-08
2.150000000000000000e+03 9.012790704895725192e-08
2.200000000000000000e+03 -3.451112543358474988e-07
2.250000000000000000e+03 2.886924455046434908e-07
2.300000000000000000e+03 2.696310521454361568e-07
2.350000000000000000e+03 -3.376785139948829678e-07
2.400000000000000000e+03 4.872210927510621376e-07
2.450000000000000000e+03 -5.563067762962261502e-08
2.500000000000000000e+03 -3.129863468394600810e-07
2.550000000000000000e+03 1.596931464313376048e-07
2.600000000000000000e+03 -4.026630772718931542e-07
2.650000000000000000e+03 1.554279926815189288e-07
2.700000000000000000e+03 -1.571220803245604414e-07
2.750000000000000000e+03 4.929998185945050648e-07
2.800000000000000000e+03 -1.369072917356151794e-07
2.850000000000000000e+03 4.313017940805218110e-07
2.900000000000000000e+03 -2.316284650553086911e-07
2.950000000000000000e+03 -8.096437162524371223e-07
3.000000000000000000e+03 7.949159457744907509e-07
3.050000000000000000e+03 -6.827515890089481514e-07
3.100000000000000000e+03 5.938479035316159338e-07
3.150000000000000000e+03 -7.815361608257750300e-08
3.200000000000000000e+03 -1.805889682869773761e-08
3.250000000000000000e+03 -2.016565401292709021e-07
3.300000000000000000e+03 3.398120204620564649e-07
3.350000000000000000e+03 4.616349620038154585e-09
3.400000000000000000e+03 -4.775138159076939670e-07
3.450000000000000000e+03 2.871933019364492685e-07
3.500000000000000000e+03 -2.101057521351615131e-07
3.550000000000000000e+03 3.058504488711738491e-07
3.600000000000000000e+03 -5.513576115612080961e-08
3.650000000000000000e+03 -9.755973337348230925e-08
3.700000000000000000e+03 2.587118437152652400e-08
3.750000000000000000e+03 3.191599731155565908e-07
3.800000000000000000e+03 -3.837001418167957339e-07
3.850000000000000000e+03 -6.939757995526560485e-08
3.900000000000000000e+03 3.318634621578438157e-07
3.950000000000000000e+03 -2.609106094585145091e-07
4.000000000000000000e+03 -1.671813694761067725e-07
4.050000000000000000e+03 3.028549050491468043e-07
4.100000000000000000e+03 -6.718028841562336653e-08
4.150000000000000000e+03 2.825218488296373040e-08
4.200000000000000000e+03 1.964827691685853206e-07
4.250000000000000000e+03 -9.301176421877294369e-08
4.300000000000000000e+03 -3.593449953948087282e-07
4.350000000000000000e+03 2.390758594062367443e-07
4.400000000000000000e+03 -7.300880921401322131e-08
4.450000000000000000e+03 9.852883089379215747e-08
4.500000000000000000e+03 -1.991070210036924623e-07
4.550000000000000000e+03 5.125119816782046837e-07
4.600000000000000000e+03 -4.058775010105620968e-07
4.650000000000000000e+03 -4.153249958494950637e-07
4.700000000000000000e+03 1.138697173635826143e-06
4.750000000000000000e+03 -4.692514213820422626e-07
4.800000000000000000e+03 -5.532647718469864278e-07
4.850000000000000000e+03 6.791598412290891732e-07
4.900000000000000000e+03 -8.496803597324652835e-07
4.950000000000000000e+03 7.075442883246547438e-07
5.000000000000000000e+03 -1.540847639707765797e-07
5.050000000000000000e+03 -2.632861275650166660e-07
5.100000000000000000e+03 6.807915499080135533e-07
5.150000000000000000e+03 -4.068569016189104704e-07
5.200000000000000000e+03 9.973932448013542617e-08
5.250000000000000000e+03 -1.440993596749371911e-07
5.300000000000000000e+03 2.181677543493213567e-08
5.350000000000000000e+03 -5.349549873634839274e-09
5.400000000000000000e+03 -2.319419322196303408e-07
5.450000000000000000e+03 2.253850174023608844e-07
5.500000000000000000e+03 -1.878791453171146376e-07
5.550000000000000000e+03 6.465986004825061610e-07
5.600000000000000000e+03 -5.288182662015520222e-07
5.650000000000000000e+03 4.622677495251807130e-07
5.700000000000000000e+03 -5.653638447212711558e-07
5.750000000000000000e+03 4.332209150852091004e-08
5.800000000000000000e+03 4.334834615458799609e-07
5.850000000000000000e+03 -6.588552740608166684e-07
5.900000000000000000e+03 5.728587527404459558e-07
5.950000000000000000e+03 -8.436233941221846181e-07
6.000000000000000000e+03 1.447558262144229086e-06
6.050000000000000000e+03 -6.460260409889482918e-07
6.100000000000000000e+03 -2.347003984290172827e-07
6.150000000000000000e+03 5.403576262589907000e-09
6.200000000000000000e+03 1.755337072458545799e-07
6.250000000000000000e+03 -3.923192241532173010e-07
6.300000000000000000e+03 6.961034793994171291e-07
6.350000000000000000e+03 -6.177191090323326231e-07
6.400000000000000000e+03 2.296815355460433221e-07
6.450000000000000000e+03 -2.354353021704338821e-07
6.500000000000000000e+03 3.160223461116388699e-07
6.550000000000000000e+03 9.704332675934019088e-08
6.600000000000000000e+03 -1.018041841432508162e-07
6.650000000000000000e+03 -1.270677253496130790e-07
6.700000000000000000e+03 1.077830961597980964e-07
6.750000000000000000e+03 -2.453627709663273248e-08
6.800000000000000000e+03 -5.129617563955761119e-07
6.850000000000000000e+03 7.657236445560300539e-07
6.900000000000000000e+03 -4.042429058245384272e-07
6.950000000000000000e+03 3.271207203800692932e-08
7.000000000000000000e+03 5.779736971779572784e-07
7.050000000000000000e+03 -6.112281742029153136e-07
7.100000000000000000e+03 3.178159959978742688e-07
7.150000000000000000e+03 -2.457454673714216788e-07
7.200000000000000000e+03 -1.262462306262072937e-07
7.250000000000000000e+03 5.198906706576297368e-07
7.300000000000000000e+03 -5.120480688664400756e-07
7.350000000000000000e+03 -1.147580832243516424e-07
7.400000000000000000e+03 7.196351536136013582e-07
7.450000000000000000e+03 -6.567068953483341685e-07
7.500000000000000000e+03 7.299083568378160852e-07
7.550000000000000000e+03 -8.719029016587615118e-08
7.600000000000000000e+03 -9.500506886734130784e-07
7.650000000000000000e+03 7.683760420800862682e-07
7.700000000000000000e+03 -6.666743279846309610e-07
7.750000000000000000e+03 3.135969487314422741e-07
7.800000000000000000e+03 5.785563651250681832e-07
7.850000000000000000e+03 -4.479820855008914625e-07
7.900000000000000000e+03 3.719373183073643735e-07
7.950000000000000000e+03 -2.166553863118432271e-07
8.000000000000000000e+03 -5.092655840134444530e-07
8.050000000000000000e+03 4.128014245796890943e-07
8.100000000000000000e+03 -1.924069873786190848e-07
8.150000000000000000e+03 2.006069425472899495e-07
8.200000000000000000e+03 1.672516005733864062e-07
8.250000000000000000e+03 3.141563296641689364e-07
8.300000000000000000e+03 -6.917947366607789290e-07
8.350000000000000000e+03 3.209260842847147974e-08
8.400000000000000000e+03 -1.261875974983863365e-07
8.450000000000000000e+03 3.845357870592048415e-07
8.500000000000000000e+03 1.396073797556160486e-08
8.550000000000000000e+03 -3.231358740131188814e-07
8.600000000000000000e+03 3.378930045386891927e-07
8.650000000000000000e+03 -1.448158234325263740e-07
8.700000000000000000e+03 6.877466796851406231e-07
8.750000000000000000e+03 -9.377452108386250116e-07
8.800000000000000000e+03 -4.638782329478514550e-08
8.850000000000000000e+03 6.126124557092564105e-07
8.900000000000000000e+03 -4.537954141034114345e-07
8.950000000000000000e+03 -2.696729090810566818e-07
9.000000000000000000e+03 1.009588195460759129e-06
9.050000000000000000e+03 -6.095131027653937273e-07
9.100000000000000000e+03 3.301154555076785386e-07
9.150000000000000000e+03 3.549619948251073973e-08
9.200000000000000000e+03 -7.973224546770722958e-07
9.250000000000000000e+03 6.463461966109061342e-07
9.300000000000000000e+03 -9.557470895428530864e-07
9.350000000000000000e+03 9.130772984967648256e-07
9.400000000000000000e+03 -2.460384021152737974e-07
9.450000000000000000e+03 9.183782774319290117e-08
9.500000000000000000e+03 8.523730257582831281e-07
9.550000000000000000e+03 -6.337666543366380268e-07
9.600000000000000000e+03 -1.504374822376218034e-06
9.650000000000000000e+03 1.548391576354499603e-06
9.700000000000000000e+03 -7.875290658645890366e-07
9.750000000000000000e+03 9.588588500585306734e-07
9.800000000000000000e+03 -1.126961659829821989e-06
9.850000000000000000e+03 1.306279125883797642e-06
9.900000000000000000e+03 -1.583207152306172810e-06
9.950000000000000000e+03 1.304465320361452620e-06
1.000000000000000000e+04 -9.836767671044159248e-08
