# r_A g_r
2.033437500000000175e-02 0.000000000000000000e+00
6.100312500000000526e-02 0.000000000000000000e+00
1.016718750000000088e-01 0.000000000000000000e+00
1.423406249999999984e-01 0.000000000000000000e+00
1.830093750000000297e-01 0.000000000000000000e+00
2.236781250000000054e-01 0.000000000000000000e+00
2.643468749999999812e-01 0.000000000000000000e+00
3.050156250000000124e-01 0.000000000000000000e+00
3.456843750000000437e-01 0.000000000000000000e+00
3.863531250000000750e-01 0.000000000000000000e+00
4.270218749999999952e-01 0.000000000000000000e+00
4.676906250000000265e-01 0.000000000000000000e+00
5.083593750000000577e-01 0.000000000000000000e+00
5.490281249999999780e-01 0.000000000000000000e+00
5.896968750000000092e-01 0.000000000000000000e+00
6.303656250000000405e-01 0.000000000000000000e+00
6.710343750000000718e-01 0.000000000000000000e+00
7.117031250000001030e-01 0.000000000000000000e+00
7.523718750000001343e-01 0.000000000000000000e+00
7.930406250000000545e-01 0.000000000000000000e+00
8.337093750000000858e-01 0.000000000000000000e+00
8.743781250000000060e-01 0.000000000000000000e+00
9.150468750000000373e-01 0.000000000000000000e+00
9.557156250000000686e-01 0.000000000000000000e+00
9.963843750000000998e-01 0.000000000000000000e+00
1.037053125000000131e+00 0.000000000000000000e+00
1.077721875000000162e+00 0.000000000000000000e+00
1.118390624999999972e+00 0.000000000000000000e+00
1.159059375000000003e+00 0.000000000000000000e+00
1.199728125000000034e+00 0.000000000000000000e+00
1.240396875000000065e+00 0.000000000000000000e+00
1.281065625000000097e+00 0.000000000000000000e+00
1.321734375000000128e+00 0.000000000000000000e+00
1.362403125000000159e+00 0.000000000000000000e+00
1.403071875000000190e+00 0.000000000000000000e+00
1.443740625000000222e+00 0.000000000000000000e+00
1.484409375000000253e+00 0.000000000000000000e+00
1.525078125000000062e+00 0.000000000000000000e+00
1.565746875000000093e+00 0.000000000000000000e+00
1.606415625000000125e+00 0.000000000000000000e+00
1.647084375000000156e+00 0.000000000000000000e+00
1.687753125000000187e+00 0.000000000000000000e+00
1.728421875000000218e+00 0.000000000000000000e+00
1.769090625000000028e+00 0.000000000000000000e+00
1.809759375000000059e+00 0.000000000000000000e+00
1.850428125000000090e+00 6.715583018290387013e-04
1.891096875000000122e+00 1.003056064749240431e-02
1.931765625000000153e+00 5.471825790728296335e-02
1.972434375000000184e+00 1.826339523765434514e-01
2.013103125000000215e+00 4.436002515808074032e-01
2.053771875000000247e+00 8.433620858885775284e-01
2.094440625000000278e+00 1.291718889977103935e+00
2.135109375000000309e+00 1.682828996928820375e+00
2.175778125000000340e+00 2.041444959149897542e+00
2.216446875000000372e+00 2.273523760420504747e+00
2.257115624999999959e+00 2.382354531026776190e+00
2.297784374999999990e+00 2.424983827095374078e+00
2.338453125000000021e+00 2.370553042300461488e+00
2.379121875000000053e+00 2.271838622702829547e+00
2.419790625000000084e+00 2.148440953779327423e+00
2.460459375000000115e+00 2.005456461693655879e+00
2.501128125000000146e+00 1.860414789757093068e+00
2.541796875000000178e+00 1.732523791686972903e+00
2.582465625000000209e+00 1.588808429700068858e+00
2.623134375000000240e+00 1.458450626099093039e+00
2.663803125000000271e+00 1.351519930361249955e+00
2.704471875000000303e+00 1.257858463682657302e+00
2.745140625000000334e+00 1.166061534170709235e+00
2.785809375000000365e+00 1.096116372527717431e+00
2.826478125000000396e+00 1.016847811087323583e+00
2.867146875000000428e+00 9.564850557158982580e-01
2.907815625000000459e+00 9.073451966355190468e-01
2.948484375000000490e+00 8.480493237798918393e-01
2.989153125000000077e+00 8.189021525509756483e-01
3.029821875000000109e+00 7.878977359212421261e-01
3.070490625000000140e+00 7.550670317106339402e-01
3.111159375000000171e+00 7.269033754250969759e-01
3.151828125000000203e+00 7.239132777454094780e-01
3.192496875000000234e+00 7.054066111564568642e-01
3.233165625000000265e+00 6.809089403233726800e-01
3.273834375000000296e+00 6.771841577276882518e-01
3.314503125000000328e+00 6.838597111150759300e-01
3.355171875000000359e+00 6.833554635326630766e-01
3.395840625000000390e+00 6.743838600868902189e-01
3.436509375000000421e+00 6.913450320546452588e-01
3.477178125000000453e+00 6.938677988715490352e-01
3.517846875000000484e+00 7.056033705477117168e-01
3.558515625000000071e+00 7.154620973694140185e-01
3.599184375000000102e+00 7.311588921185223633e-01
3.639853125000000134e+00 7.663906004120891735e-01
3.680521875000000165e+00 7.783029868987865196e-01
3.721190625000000196e+00 8.068178041020169777e-01
3.761859375000000227e+00 8.255723702108110906e-01
3.802528125000000259e+00 8.592156622792389564e-01
3.843196875000000290e+00 8.949005374032262816e-01
3.883865625000000321e+00 9.233918255900614991e-01
3.924534375000000352e+00 9.580406310696317762e-01
3.965203125000000384e+00 9.856989488475572658e-01
4.005871875000000415e+00 1.020554081435036453e+00
4.046540625000000446e+00 1.052439702400982835e+00
4.087209375000000477e+00 1.078758520063523463e+00
4.127878125000000509e+00 1.106998780896205847e+00
4.168546875000000540e+00 1.135604362902198794e+00
4.209215625000000571e+00 1.148626683639267343e+00
4.249884375000000603e+00 1.169042074789281571e+00
4.290553125000000634e+00 1.182085237224074437e+00
4.331221875000000665e+00 1.189335492809223460e+00
4.371890625000000696e+00 1.213725538501166712e+00
4.412559375000000728e+00 1.215477199968506561e+00
4.453228125000000759e+00 1.209750498949488495e+00
4.493896875000000790e+00 1.203552846151113576e+00
4.534565625000000821e+00 1.190783972210729402e+00
4.575234374999999964e+00 1.171224500925869716e+00
4.615903124999999996e+00 1.163239361283837869e+00
4.656571875000000027e+00 1.151938596202205511e+00
4.697240625000000058e+00 1.125783193640938151e+00
4.737909375000000090e+00 1.099266400573880809e+00
4.778578125000000121e+00 1.086314601197489793e+00
4.819246875000000152e+00 1.062374484973169553e+00
4.859915625000000183e+00 1.047102498273736915e+00
4.900584375000000215e+00 1.018056538885818263e+00
4.941253125000000246e+00 1.009372582944844776e+00
4.981921875000000277e+00 9.934235322248625710e-01
5.022590625000000308e+00 9.719134034173828596e-01
5.063259375000000340e+00 9.631260362110055651e-01
5.103928125000000371e+00 9.462496822870196667e-01
5.144596875000000402e+00 9.298713660689579275e-01
5.185265625000000433e+00 9.230223717434618003e-01
5.225934375000000465e+00 9.106487112819250385e-01
5.266603125000000496e+00 9.021104967888273762e-01
5.307271875000000527e+00 9.067226066393069273e-01
5.347940625000000558e+00 8.956056176751574505e-01
5.388609375000000590e+00 8.903897377111694711e-01
5.429278125000000621e+00 8.885990324202955870e-01
5.469946875000000652e+00 8.969383091808559305e-01
5.510615625000000684e+00 8.992260047798088518e-01
5.551284375000000715e+00 9.033503805847860058e-01
5.591953125000000746e+00 9.076277670566652578e-01
5.632621875000000777e+00 9.103832724962283018e-01
5.673290625000000809e+00 9.228687337610246288e-01
5.713959375000000840e+00 9.322737069603509452e-01
5.754628125000000871e+00 9.440851800239604685e-01
5.795296875000000902e+00 9.492440126748421525e-01
5.835965625000000934e+00 9.632014106895487870e-01
5.876634375000000077e+00 9.733270181160378343e-01
5.917303125000000108e+00 9.820728696977009120e-01
5.957971875000000139e+00 9.905029961039957254e-01
5.998640625000000171e+00 1.004736928973148036e+00
6.039309375000000202e+00 1.011362172168073226e+00
6.079978125000000233e+00 1.014374215819245029e+00
6.120646875000000264e+00 1.024337357321032149e+00
6.161315625000000296e+00 1.033295732122307520e+00
6.201984375000000327e+00 1.040580750239922248e+00
6.242653125000000358e+00 1.047364621899333548e+00
6.283321875000000389e+00 1.061271552545825614e+00
6.323990625000000421e+00 1.062281403366784893e+00
6.364659375000000452e+00 1.059772985981309201e+00
6.405328125000000483e+00 1.065593294860029516e+00
6.445996875000000514e+00 1.058886015110882095e+00
6.486665625000000546e+00 1.061618615208097971e+00
6.527334375000000577e+00 1.059559651423459092e+00
6.568003125000000608e+00 1.060742998440714402e+00
6.608671875000000639e+00 1.052898116926205940e+00
6.649340625000000671e+00 1.047453568119288247e+00
6.690009375000000702e+00 1.043994990106412279e+00
6.730678125000000733e+00 1.040441749474668276e+00
6.771346875000000765e+00 1.027138947830686933e+00
6.812015625000000796e+00 1.028915113766588174e+00
6.852684375000000827e+00 1.028275421170686599e+00
6.893353125000000858e+00 1.017726689503676063e+00
6.934021875000000890e+00 1.007994824584893756e+00
6.974690625000000921e+00 1.003061911505149340e+00
7.015359375000000952e+00 9.980164458153438778e-01
7.056028125000000983e+00 9.875057503056929864e-01
7.096696875000001015e+00 9.907392658118249207e-01
7.137365625000001046e+00 9.870462587754813555e-01
7.178034375000000189e+00 9.739563848750005803e-01
7.218703125000000220e+00 9.806641609352700906e-01
7.259371875000000252e+00 9.694365715009398698e-01
7.300040625000000283e+00 9.729994623166713374e-01
7.340709375000000314e+00 9.663447674234373341e-01
7.381378125000000345e+00 9.656182841997066335e-01
7.422046875000000377e+00 9.650500175091786259e-01
7.462715625000000408e+00 9.658240608438970476e-01
7.503384375000000439e+00 9.649563104437031136e-01
7.544053125000000470e+00 9.636389699567171618e-01
7.584721875000000502e+00 9.702006556313552688e-01
7.625390625000000533e+00 9.673853006150409106e-01
7.666059375000000564e+00 9.669617067086214712e-01
7.706728125000000595e+00 9.693039186623859660e-01
7.747396875000000627e+00 9.810907377553303998e-01
7.788065625000000658e+00 9.825553824879470488e-01
7.828734375000000689e+00 9.780238107672111214e-01
7.869403125000000720e+00 9.854450314470017958e-01
7.910071875000000752e+00 9.899354045091671717e-01
7.950740625000000783e+00 9.938751618876507932e-01
7.991409375000000814e+00 9.984613902853698431e-01
8.032078125000001734e+00 9.950198119354526360e-01
8.072746874999999989e+00 1.006762061553055032e+00
8.113415625000001796e+00 1.008333773250321919e+00
