# time_fs vacf
0.000000000000000000e+00 4.706660257676328288e-04
5.000000000000000000e+01 -1.052844004804538601e-05
1.000000000000000000e+02 -9.558669447292388026e-07
1.500000000000000000e+02 1.891601331372612634e-06
2.000000000000000000e+02 1.512971173564820516e-06
2.500000000000000000e+02 3.197394651062990826e-07
3.000000000000000000e+02 9.282524256599370004e-07
3.500000000000000000e+02 4.849408466421692923e-07
4.000000000000000000e+02 6.246564773686210244e-07
4.500000000000000000e+02 5.233001332288598189e-08
5.000000000000000000e+02 5.727062729052914769e-07
5.500000000000000000e+02 4.096867928106822844e-07
6.000000000000000000e+02 -1.692892304694185210e-08
6.500000000000000000e+02 1.443915544691467416e-06
7.000000000000000000e+02 -2.837174199034992968e-07
7.500000000000000000e+02 1.387388177310627564e-06
8.000000000000000000e+02 2.575066918358514192e-07
8.500000000000000000e+02 2.389377501344342146e-06
9.000000000000000000e+02 -1.653442734302457392e-06
9.500000000000000000e+02 -1.114649916812747917e-06
1.000000000000000000e+03 6.908180170904483431e-07
1.050000000000000000e+03 -2.999001642448642463e-07
1.100000000000000000e+03 1.204459315558940078e-06
1.150000000000000000e+03 -4.934429890804019488e-07
1.200000000000000000e+03 -3.790470196381625986e-07
1.250000000000000000e+03 4.155557431606482288e-07
1.300000000000000000e+03 1.290869886549225296e-06
1.350000000000000000e+03 1.958023340223497795e-06
1.400000000000000000e+03 2.096329133377400516e-07
1.450000000000000000e+03 -6.172079325903690157e-07
1.500000000000000000e+03 2.228619820885990153e-06
1.550000000000000000e+03 2.321424046689458300e-07
1.600000000000000000e+03 -3.279058277893849231e-07
1.650000000000000000e+03 -7.756798691902392285e-07
1.700000000000000000e+03 1.944010051733288415e-07
1.750000000000000000e+03 4.008592856587610328e-07
1.800000000000000000e+03 4.163234044627950042e-07
1.850000000000000000e+03 1.771159104478744257e-06
1.900000000000000000e+03 3.703449762009349996e-08
1.950000000000000000e+03 -4.039093998322663691e-07
2.000000000000000000e+03 -1.100017030524807213e-07
2.050000000000000000e+03 6.156661208378448771e-07
2.100000000000000000e+03 -5.901566014575257898e-07
2.150000000000000000e+03 1.880968233427289724e-07
2.200000000000000000e+03 4.415117988461008388e-07
2.250000000000000000e+03 -4.380016869081110300e-08
2.300000000000000000e+03 7.758506625336811767e-07
2.350000000000000000e+03 7.843559947382623667e-07
2.400000000000000000e+03 7.085914358697145160e-07
2.450000000000000000e+03 -1.565186107607952354e-06
2.500000000000000000e+03 1.878174837047197112e-07
2.550000000000000000e+03 -3.357341102563808151e-07
2.600000000000000000e+03 -6.151816845038921722e-07
2.650000000000000000e+03 -1.239572328818150767e-06
2.700000000000000000e+03 -8.530949273325454032e-07
2.750000000000000000e+03 4.314102771905635356e-07
2.800000000000000000e+03 -2.033943440296140769e-07
2.850000000000000000e+03 -1.749683281510746651e-06
2.900000000000000000e+03 4.642489825670050240e-07
2.950000000000000000e+03 1.321274664263415550e-06
3.000000000000000000e+03 1.006492535258818903e-06
3.050000000000000000e+03 1.563844779937133672e-07
3.100000000000000000e+03 5.985868042821772363e-07
3.150000000000000000e+03 5.645727901736406309e-07
3.200000000000000000e+03 6.690509908857398815e-07
3.250000000000000000e+03 -6.498062903651138251e-07
3.300000000000000000e+03 1.449173399333345999e-06
3.350000000000000000e+03 -1.168605416705402766e-06
3.400000000000000000e+03 -1.357367409955834073e-06
3.450000000000000000e+03 -5.804495216636673036e-07
3.500000000000000000e+03 -2.748242364074278460e-08
3.550000000000000000e+03 -2.580523381200148496e-07
3.600000000000000000e+03 -1.032356873277065959e-06
3.650000000000000000e+03 -1.138412977413568429e-06
3.700000000000000000e+03 1.794606120432463955e-07
3.750000000000000000e+03 -2.244128208709551112e-06
3.800000000000000000e+03 -9.412763368609239885e-07
3.850000000000000000e+03 -7.179707119870835994e-07
3.900000000000000000e+03 -5.682340975080961404e-07
3.950000000000000000e+03 4.789706622737954322e-07
4.000000000000000000e+03 -2.283052112732703283e-07
4.050000000000000000e+03 -1.230533361408267880e-06
4.100000000000000000e+03 1.042959595850584215e-06
4.150000000000000000e+03 1.513014602605605672e-06
4.200000000000000000e+03 1.345180624968557048e-06
4.250000000000000000e+03 5.409666144106975883e-07
4.300000000000000000e+03 1.555540293820839799e-07
4.350000000000000000e+03 -4.315585488692252186e-07
4.400000000000000000e+03 2.622307007963014816e-07
4.450000000000000000e+03 -6.271647334176822983e-07
4.500000000000000000e+03 4.232643021869443879e-07
4.550000000000000000e+03 3.417050346499344610e-07
4.600000000000000000e+03 -3.525049943891795285e-07
4.650000000000000000e+03 -6.333090813136642936e-07
4.700000000000000000e+03 1.086601053812580316e-06
4.750000000000000000e+03 -1.654429832565126444e-08
4.800000000000000000e+03 -2.265157535586320594e-06
4.850000000000000000e+03 1.171022402832053214e-06
4.900000000000000000e+03 7.909611283288011954e-07
4.950000000000000000e+03 -1.176998975114726277e-06
5.000000000000000000e+03 2.414716374629801860e-06
5.050000000000000000e+03 6.390087568783967142e-07
5.100000000000000000e+03 1.682082659757506484e-06
5.150000000000000000e+03 -1.533923732432928014e-06
5.200000000000000000e+03 -4.535211471496563278e-08
5.250000000000000000e+03 -1.202381811539897638e-06
5.300000000000000000e+03 -4.564301946823175245e-07
5.350000000000000000e+03 -5.655651463062259380e-07
5.400000000000000000e+03 -4.037863097241181394e-07
5.450000000000000000e+03 6.866367198215420425e-07
5.500000000000000000e+03 -2.028491544348746722e-06
5.550000000000000000e+03 -1.664445641580248031e-06
5.600000000000000000e+03 -5.784401519852326082e-08
5.650000000000000000e+03 -1.164479607908327070e-06
5.700000000000000000e+03 1.549311012000824440e-06
5.750000000000000000e+03 7.978622415420650628e-08
5.800000000000000000e+03 1.127527105902117795e-06
5.850000000000000000e+03 -6.121394307791231638e-07
5.900000000000000000e+03 2.073680904799154749e-06
5.950000000000000000e+03 9.495138113811845636e-08
6.000000000000000000e+03 -6.696773293783744325e-07
6.050000000000000000e+03 2.399187943729926124e-07
6.100000000000000000e+03 -1.214067210991344712e-06
6.150000000000000000e+03 2.060973394323205685e-07
6.200000000000000000e+03 1.627494303310494818e-07
6.250000000000000000e+03 -2.654163056977617224e-06
6.300000000000000000e+03 2.579167600698604937e-07
6.350000000000000000e+03 -1.350993139965841660e-06
6.400000000000000000e+03 -1.154673681025473313e-06
6.450000000000000000e+03 -6.760711421099390581e-07
6.500000000000000000e+03 5.760386049815880817e-07
6.550000000000000000e+03 -1.811042586971621336e-06
6.600000000000000000e+03 2.169190525479144683e-06
6.650000000000000000e+03 -3.186129876754601995e-06
6.700000000000000000e+03 -1.568143106709947602e-06
6.750000000000000000e+03 -3.502942958436534029e-07
6.800000000000000000e+03 1.054296564400488018e-06
6.850000000000000000e+03 -2.820779834252255799e-06
6.900000000000000000e+03 9.391843259992139988e-07
6.950000000000000000e+03 3.219232832043809614e-07
7.000000000000000000e+03 -1.425188670609434182e-06
7.050000000000000000e+03 -3.504413989304101017e-07
7.100000000000000000e+03 2.239711144261220411e-06
7.150000000000000000e+03 -7.983316841051583959e-07
7.200000000000000000e+03 9.873640196247936198e-07
7.250000000000000000e+03 -2.488532060416251490e-07
7.300000000000000000e+03 -2.976131541574626132e-07
7.350000000000000000e+03 -1.065397344828945510e-06
7.400000000000000000e+03 3.585323529128788835e-07
7.450000000000000000e+03 3.855384871904279071e-06
7.500000000000000000e+03 -2.644155764840665451e-07
7.550000000000000000e+03 1.103226215260781110e-06
7.600000000000000000e+03 1.558973744742389933e-06
7.650000000000000000e+03 -2.994418047051987923e-06
7.700000000000000000e+03 2.863317119840652378e-06
7.750000000000000000e+03 -3.644609668394650050e-07
7.800000000000000000e+03 2.171046318888210328e-06
7.850000000000000000e+03 -3.151078187121092212e-06
7.900000000000000000e+03 -5.911549666918937387e-07
7.950000000000000000e+03 -1.693894507425523174e-06
8.000000000000000000e+03 -2.667723892050742513e-06
8.050000000000000000e+03 -1.663386744529866293e-07
8.100000000000000000e+03 1.349472041313461978e-06
8.150000000000000000e+03 7.319921347343308633e-07
8.200000000000000000e+03 -3.199098475640145652e-06
8.250000000000000000e+03 -1.866035682372214499e-06
8.300000000000000000e+03 2.879439666166858728e-06
8.350000000000000000e+03 -3.534054840764415629e-07
8.400000000000000000e+03 8.648984997080759253e-09
8.450000000000000000e+03 4.467974264068447953e-06
8.500000000000000000e+03 -2.478141472420984825e-06
8.550000000000000000e+03 -8.637194889576524358e-07
8.600000000000000000e+03 2.975255680316362015e-06
8.650000000000000000e+03 7.679992421130266982e-07
8.700000000000000000e+03 -3.970345475310221394e-06
8.750000000000000000e+03 -2.589885783810036416e-06
8.800000000000000000e+03 -4.670229197850517340e-06
8.850000000000000000e+03 -2.637659217660797442e-06
8.900000000000000000e+03 3.019885181477615635e-06
8.950000000000000000e+03 4.756150906449662567e-06
9.000000000000000000e+03 -3.100431866129932918e-06
9.050000000000000000e+03 5.949485678421202689e-06
9.100000000000000000e+03 6.259756314179805091e-06
9.150000000000000000e+03 1.967692872260611711e-07
9.200000000000000000e+03 -3.306140374409339382e-06
9.250000000000000000e+03 1.184822932228495859e-06
9.300000000000000000e+03 1.149163827925330887e-06
9.350000000000000000e+03 -2.078368335806157563e-06
9.400000000000000000e+03 2.581966202481399335e-06
9.450000000000000000e+03 1.402744868155882705e-06
9.500000000000000000e+03 1.150647934729933756e-09
9.550000000000000000e+03 -1.410253452572551068e-05
9.600000000000000000e+03 2.971279646275087821e-06
9.650000000000000000e+03 9.838748438607899537e-08
9.700000000000000000e+03 -9.028314021786971070e-06
9.750000000000000000e+03 -3.310130259448662812e-06
9.800000000000000000e+03 1.356872971085493554e-06
9.850000000000000000e+03 -2.379932836279559804e-06
9.900000000000000000e+03 -2.983494538836105998e-06
9.950000000000000000e+03 -6.781538698986105359e-06
1.000000000000000000e+04 1.770601718638218280e-05
