# r_A g_r
2.784375000000000391e-02 0.000000000000000000e+00
8.353125000000001521e-02 0.000000000000000000e+00
1.392187500000000300e-01 0.000000000000000000e+00
1.949062500000000309e-01 0.000000000000000000e+00
2.505937500000000595e-01 0.000000000000000000e+00
3.062812500000000604e-01 0.000000000000000000e+00
3.619687500000000613e-01 0.000000000000000000e+00
4.176562500000000622e-01 0.000000000000000000e+00
4.733437500000000631e-01 0.000000000000000000e+00
5.290312500000000639e-01 0.000000000000000000e+00
5.847187500000001759e-01 0.000000000000000000e+00
6.404062500000000657e-01 0.000000000000000000e+00
6.960937500000001776e-01 0.000000000000000000e+00
7.517812500000000675e-01 0.000000000000000000e+00
8.074687500000001794e-01 0.000000000000000000e+00
8.631562500000000693e-01 0.000000000000000000e+00
9.188437500000001812e-01 0.000000000000000000e+00
9.745312500000001821e-01 0.000000000000000000e+00
1.030218750000000183e+00 0.000000000000000000e+00
1.085906250000000295e+00 0.000000000000000000e+00
1.141593750000000185e+00 0.000000000000000000e+00
1.197281250000000075e+00 0.000000000000000000e+00
1.252968750000000187e+00 0.000000000000000000e+00
1.308656250000000298e+00 0.000000000000000000e+00
1.364343750000000188e+00 0.000000000000000000e+00
1.420031250000000078e+00 0.000000000000000000e+00
1.475718750000000190e+00 0.000000000000000000e+00
1.531406250000000302e+00 0.000000000000000000e+00
1.587093750000000192e+00 0.000000000000000000e+00
1.642781250000000082e+00 0.000000000000000000e+00
1.698468750000000194e+00 0.000000000000000000e+00
1.754156250000000306e+00 0.000000000000000000e+00
1.809843750000000195e+00 0.000000000000000000e+00
1.865531250000000307e+00 0.000000000000000000e+00
1.921218750000000419e+00 0.000000000000000000e+00
1.976906250000000309e+00 0.000000000000000000e+00
2.032593750000000199e+00 0.000000000000000000e+00
2.088281250000000533e+00 0.000000000000000000e+00
2.143968749999999979e+00 0.000000000000000000e+00
2.199656250000000313e+00 0.000000000000000000e+00
2.255343750000000647e+00 0.000000000000000000e+00
2.311031250000000092e+00 0.000000000000000000e+00
2.366718750000000426e+00 0.000000000000000000e+00
2.422406250000000316e+00 0.000000000000000000e+00
2.478093750000000206e+00 0.000000000000000000e+00
2.533781250000000540e+00 0.000000000000000000e+00
2.589468749999999986e+00 0.000000000000000000e+00
2.645156250000000320e+00 0.000000000000000000e+00
2.700843750000000654e+00 0.000000000000000000e+00
2.756531250000000099e+00 0.000000000000000000e+00
2.812218750000000433e+00 0.000000000000000000e+00
2.867906250000000767e+00 0.000000000000000000e+00
2.923593750000000213e+00 0.000000000000000000e+00
2.979281250000000547e+00 0.000000000000000000e+00
3.034968750000000437e+00 0.000000000000000000e+00
3.090656250000000327e+00 5.416288577985164075e-04
3.146343750000000661e+00 1.472062739867520745e-02
3.202031250000000107e+00 1.472607364057226809e-01
3.257718750000000441e+00 7.697649980861409613e-01
3.313406250000000774e+00 2.365295727245169566e+00
3.369093750000000220e+00 4.897525384633063084e+00
3.424781250000000554e+00 7.267865570038176237e+00
3.480468750000000444e+00 8.205196801181870114e+00
3.536156250000000334e+00 7.313276926865508898e+00
3.591843750000000668e+00 5.321630415683781479e+00
3.647531250000000558e+00 3.261393296681936338e+00
3.703218750000000448e+00 1.696552715175477788e+00
3.758906250000000782e+00 7.594931591958162809e-01
3.814593750000000227e+00 2.955253473425811794e-01
3.870281250000000561e+00 1.029857752510881241e-01
3.925968750000000895e+00 2.892336514038246903e-02
3.981656250000000785e+00 7.505912788376786597e-03
4.037343750000000675e+00 1.375415284029516110e-03
4.093031250000001009e+00 3.088254503649181409e-04
4.148718750000000455e+00 1.001968253222155185e-04
4.204406249999999901e+00 0.000000000000000000e+00
4.260093750000001123e+00 0.000000000000000000e+00
4.315781250000000568e+00 1.388846858883562366e-04
4.371468750000000014e+00 6.317208825043429347e-04
4.427156250000001236e+00 2.331729265176630921e-03
4.482843750000000682e+00 1.021225633881571969e-02
4.538531250000000128e+00 2.909417845402654038e-02
4.594218750000001350e+00 8.031785982574363159e-02
4.649906250000000796e+00 1.938205535199458152e-01
4.705593750000000242e+00 4.002503373772118289e-01
4.761281250000000576e+00 7.114027761371874981e-01
4.816968750000000909e+00 1.095734733270093297e+00
4.872656250000000355e+00 1.444833940083622981e+00
4.928343750000000689e+00 1.648382545275799194e+00
4.984031250000001023e+00 1.605851778497310534e+00
5.039718750000000469e+00 1.334539241526908615e+00
5.095406250000000803e+00 9.553084146540319344e-01
5.151093750000001137e+00 5.819693751273496973e-01
5.206781250000000583e+00 3.036548429621636624e-01
5.262468750000000028e+00 1.407691217981275333e-01
5.318156250000001251e+00 5.500045740299367575e-02
5.373843750000000696e+00 1.791567332528529524e-02
5.429531250000000142e+00 6.142519934062938038e-03
5.485218750000001364e+00 1.920166342492203929e-03
5.540906250000000810e+00 2.218796340992677113e-03
5.596593750000000256e+00 1.109454341165241366e-02
5.652281250000001478e+00 4.485753928683389874e-02
5.707968750000000924e+00 1.495595286370914878e-01
5.763656250000000369e+00 4.159621840256547687e-01
5.819343750000000703e+00 9.517436546322041169e-01
5.875031250000001037e+00 1.852958643408220585e+00
5.930718750000000483e+00 2.997510822469318104e+00
5.986406250000000817e+00 4.049016115089065337e+00
6.042093750000001151e+00 4.611491208073282166e+00
6.097781250000000597e+00 4.449681530813784924e+00
6.153468750000000931e+00 3.595492009995284732e+00
6.209156250000001265e+00 2.477137522627284483e+00
6.264843750000000711e+00 1.462218095275205076e+00
6.320531250000001044e+00 7.414323472890186340e-01
6.376218750000001378e+00 3.222323033546313220e-01
6.431906250000000824e+00 1.191836533528147640e-01
6.487593750000000270e+00 3.845465621509566723e-02
6.543281250000001492e+00 1.427930313042789258e-02
6.598968750000000938e+00 2.031641948113681317e-02
6.654656250000000384e+00 6.441191357277445406e-02
6.710343750000001606e+00 1.783987870560403421e-01
6.766031250000001052e+00 4.122778811580343761e-01
6.821718750000000497e+00 7.711803851242523544e-01
6.877406250000000831e+00 1.204062737134311556e+00
6.933093750000001165e+00 1.567669749454143169e+00
6.988781250000000611e+00 1.721253223448567793e+00
7.044468750000000945e+00 1.609681461646111256e+00
7.100156250000001279e+00 1.271189085544364605e+00
7.155843750000000725e+00 8.627738955310737534e-01
7.211531250000001059e+00 5.025873654363863796e-01
7.267218750000001393e+00 2.561270128272913338e-01
7.322906250000000838e+00 1.197153136361302078e-01
7.378593750000001172e+00 6.754975686324905804e-02
7.434281250000001506e+00 8.771317286044943984e-02
7.489968750000000952e+00 1.904422259099769754e-01
7.545656250000000398e+00 4.175367312008103071e-01
7.601343750000001620e+00 8.060938149621222903e-01
7.657031250000001066e+00 1.338388055315583580e+00
7.712718750000000512e+00 1.939761135845291751e+00
7.768406250000001734e+00 2.420137094344262163e+00
7.824093750000001180e+00 2.586279531428208767e+00
7.879781250000000625e+00 2.397813318176210018e+00
7.935468750000000959e+00 1.922629238735704238e+00
7.991156250000001293e+00 1.339842706999248900e+00
8.046843750000000739e+00 8.055216582134486769e-01
8.102531250000001961e+00 4.210497383196582510e-01
8.158218750000001407e+00 1.938174410646509860e-01
8.213906250000000853e+00 1.013121026276508074e-01
8.269593750000002075e+00 9.475728065233407493e-02
8.325281249999999744e+00 1.635613885494034137e-01
8.380968750000000966e+00 2.960893651948797167e-01
8.436656250000002188e+00 4.725323301024770273e-01
8.492343749999999858e+00 6.477445390775575795e-01
8.548031250000001080e+00 7.467925004848742221e-01
8.603718750000002302e+00 7.297013653829116375e-01
8.659406249999999972e+00 6.148161905128456395e-01
8.715093750000001194e+00 4.459202483542639706e-01
8.770781250000002416e+00 2.749733770534730226e-01
8.826468750000000085e+00 1.764607107726932078e-01
8.882156250000001307e+00 1.736866201407584742e-01
8.937843750000002530e+00 3.173681285964131682e-01
8.993531250000000199e+00 6.717075960839209436e-01
9.049218750000001421e+00 1.297373920313300788e+00
9.104906250000002643e+00 2.127287380303234166e+00
9.160593750000000313e+00 3.006387029727989546e+00
9.216281250000001535e+00 3.630282766888545343e+00
9.271968750000002757e+00 3.765554271875783954e+00
9.327656250000000426e+00 3.351342768598885691e+00
9.383343750000001648e+00 2.562697079502248343e+00
9.439031250000001094e+00 1.687045840726674850e+00
9.494718750000000540e+00 9.640051089925688599e-01
9.550406250000001762e+00 4.939158873769944891e-01
9.606093750000001208e+00 2.546109070909781669e-01
9.661781250000000654e+00 1.878649650133497606e-01
9.717468750000001876e+00 2.125739139584266191e-01
9.773156250000001322e+00 2.869037088543799907e-01
9.828843750000000767e+00 3.551307558402596598e-01
9.884531250000001990e+00 3.930970273875089571e-01
9.940218750000001435e+00 3.788522445852650633e-01
9.995906250000000881e+00 3.253054602962997532e-01
1.005159375000000210e+01 2.518383547840246650e-01
1.010728125000000155e+01 2.076857130108983873e-01
1.016296875000000099e+01 2.338009926064667232e-01
1.021865625000000222e+01 3.840290011845638452e-01
1.027434375000000166e+01 6.795724686242677892e-01
1.033003125000000111e+01 1.114650987118283032e+00
1.038571875000000233e+01 1.603490775584920147e+00
1.044140625000000000e+01 1.995007263913602058e+00
1.049709375000000122e+01 2.149571564202410912e+00
1.055278125000000244e+01 2.004579537625161390e+00
1.060846875000000011e+01 1.624705263675496392e+00
1.066415625000000134e+01 1.162717579355633468e+00
1.071984375000000256e+01 7.641835744661494845e-01
1.077553125000000023e+01 5.402065056785267938e-01
1.083121875000000145e+01 5.218105179037975105e-01
1.088690625000000267e+01 6.686606310506685302e-01
1.094259375000000034e+01 9.246479806176803873e-01
1.099828125000000156e+01 1.158335310290836029e+00
1.105396875000000279e+01 1.275398017597298983e+00
1.110965625000000045e+01 1.227677405818738965e+00
