# k_1_per_A S_k
1.000000000000000056e-01 1.709175018066272145e+00
1.397993311036789255e-01 1.405254142084454427e+00
1.795986622073578731e-01 1.049676496760693301e+00
2.193979933110368208e-01 6.766573474180375136e-01
2.591973244147157684e-01 3.204396171574546148e-01
2.989966555183947161e-01 1.138408229148490936e-02
3.387959866220736083e-01 -2.273177602823175381e-01
3.785953177257525004e-01 -3.819058606976786230e-01
4.183946488294314481e-01 -4.490379950203622350e-01
4.581939799331103957e-01 -4.354310754676102846e-01
4.979933110367893434e-01 -3.562725561068285085e-01
5.377926421404682911e-01 -2.326776884577725912e-01
5.775919732441472387e-01 -8.858286186578445687e-02
6.173913043478260754e-01 5.248086533540741172e-02
6.571906354515050230e-01 1.703014818262189589e-01
6.969899665551839707e-01 2.502261529841771637e-01
7.367892976588629184e-01 2.844848341044990958e-01
7.765886287625418660e-01 2.724983254640346297e-01
8.163879598662208137e-01 2.202187019808941049e-01
8.561872909698997614e-01 1.386782429585037280e-01
8.959866220735787090e-01 4.201494780229086956e-02
9.357859531772575457e-01 -5.471209542712074381e-02
9.755852842809364933e-01 -1.376082490782328804e-01
1.015384615384615552e+00 -1.956682790442112463e-01
1.055183946488294389e+00 -2.219587944945660141e-01
1.094983277591973447e+00 -2.141718184928802504e-01
1.134782608695652284e+00 -1.745579746418139955e-01
1.174581939799331343e+00 -1.093271688568520084e-01
1.214381270903010179e+00 -2.765827038094514911e-02
1.254180602006689238e+00 5.951736752122305241e-02
1.293979933110368075e+00 1.407991373811195990e-01
1.333779264214047133e+00 2.055352945772659368e-01
1.373578595317725970e+00 2.448838127779662255e-01
1.413377926421404807e+00 2.526648231057163629e-01
1.453177257525083865e+00 2.259863255947469618e-01
1.492976588628762702e+00 1.656435409820857796e-01
1.532775919732441761e+00 7.629533163822688202e-02
1.572575250836120597e+00 -3.358823003481559155e-02
1.612374581939799656e+00 -1.520278982624392317e-01
1.652173913043478493e+00 -2.641190867770688566e-01
1.691973244147157551e+00 -3.529291746171230315e-01
1.731772575250836388e+00 -4.007214994094769889e-01
1.771571906354515225e+00 -3.904811907670515669e-01
1.811371237458194283e+00 -3.076639268448131403e-01
1.851170568561873120e+00 -1.420272509650442050e-01
1.890969899665552179e+00 1.106524000327419044e-01
1.930769230769231015e+00 4.472115414706027137e-01
1.970568561872910074e+00 8.563214843761236539e-01
2.010367892976588688e+00 1.318508316319821017e+00
2.050167224080267747e+00 1.807104706086066992e+00
2.089966555183946806e+00 2.290156952955680225e+00
2.129765886287625865e+00 2.733177763933526627e+00
2.169565217391304479e+00 3.102498718713569748e+00
2.209364548494983538e+00 3.368858510022258113e+00
2.249163879598662596e+00 3.510785585995524372e+00
2.288963210702341655e+00 3.517314179109755745e+00
2.328762541806020270e+00 3.389620493085003350e+00
2.368561872909699328e+00 3.141280471178236500e+00
2.408361204013378387e+00 2.797020531956196265e+00
2.448160535117057002e+00 2.390036380376537206e+00
2.487959866220736060e+00 1.958163688923678647e+00
2.527759197324415119e+00 1.539366223419855739e+00
2.567558528428094178e+00 1.167131871643537488e+00
2.607357859531772792e+00 8.664118922826928859e-01
2.647157190635451851e+00 6.506914424368048788e-01
2.686956521739130910e+00 5.206416339015231820e-01
2.726755852842809524e+00 4.645908224833873446e-01
2.766555183946488583e+00 4.607939197308608126e-01
2.806354515050167642e+00 4.812103770833113803e-01
2.846153846153846700e+00 4.962646698603517814e-01
2.885953177257525315e+00 4.798953548178221951e-01
2.925752508361204374e+00 4.141290101119153855e-01
2.965551839464883432e+00 2.924587469005310858e-01
3.005351170568562047e+00 1.214619106612757626e-01
3.045150501672241106e+00 -7.966077726127496206e-02
3.084949832775920164e+00 -2.816359653378017747e-01
3.124749163879599223e+00 -4.494487883735831524e-01
3.164548494983277838e+00 -5.478579725988068638e-01
3.204347826086956896e+00 -5.472907985265456077e-01
3.244147157190635955e+00 -4.292199791033430856e-01
3.283946488294315014e+00 -1.901634129406892804e-01
3.323745819397993628e+00 1.563813319423191794e-01
3.363545150501672687e+00 5.804738579414489008e-01
3.403344481605351746e+00 1.038790271704419732e+00
3.443143812709030360e+00 1.479879267146142041e+00
3.482943143812709419e+00 1.850946096247857664e+00
3.522742474916388478e+00 2.105238865253785008e+00
3.562541806020067536e+00 2.208982673536159957e+00
3.602341137123746151e+00 2.146829522334860130e+00
3.642140468227425210e+00 1.924967341395862341e+00
3.681939799331104268e+00 1.571338859355349671e+00
3.721739130434782883e+00 1.132819121684544683e+00
3.761538461538461942e+00 6.696334046401715145e-01
3.801337792642141000e+00 2.477026185275655878e-01
3.841137123745820059e+00 -7.007894386470647774e-02
3.880936454849498674e+00 -2.324470304195711545e-01
3.920735785953177732e+00 -2.070497416549608172e-01
3.960535117056856791e+00 1.463746478498229031e-02
4.000334448160534961e+00 4.155012332356090576e-01
4.040133779264214020e+00 9.544009941897168003e-01
4.079933110367893079e+00 1.571044433660259809e+00
4.119732441471572137e+00 2.193512481681112902e+00
4.159531772575251196e+00 2.747440206034482912e+00
4.199331103678930255e+00 3.165617463656922315e+00
4.239130434782608425e+00 3.396702785585891782e+00
4.278929765886287484e+00 3.411857574938011339e+00
4.318729096989966543e+00 3.208390606384172283e+00
4.358528428093645601e+00 2.809915755884913935e+00
4.398327759197324660e+00 2.263010519249710306e+00
4.438127090301003719e+00 1.630850163950249510e+00
4.477926421404682777e+00 9.847125792278587086e-01
4.517725752508360948e+00 3.945417985314177978e-01
4.557525083612040007e+00 -8.011818560464378791e-02
4.597324414715719065e+00 -3.975708009804255205e-01
4.637123745819398124e+00 -5.387872552969081852e-01
4.676923076923077183e+00 -5.089739243600190921e-01
4.716722408026756241e+00 -3.357293067310072043e-01
4.756521739130435300e+00 -6.411973339794907467e-02
4.796321070234113471e+00 2.505625696740354513e-01
4.836120401337792529e+00 5.512757202194102923e-01
4.875919732441471588e+00 7.876956034700064446e-01
4.915719063545150647e+00 9.234532189484074838e-01
4.955518394648829705e+00 9.411190985221357108e-01
4.995317725752508764e+00 8.442560504594280868e-01
5.035117056856187823e+00 6.562993694910890241e-01
5.074916387959865993e+00 4.164901701140687473e-01
5.114715719063545052e+00 1.735140094923297571e-01
5.154515050167224111e+00 -2.217848558950752391e-02
5.194314381270903169e+00 -1.262158518715947864e-01
5.234113712374582228e+00 -1.071571650932094943e-01
5.273913043478261287e+00 4.864189451207434622e-02
5.313712374581940345e+00 3.348327028730099242e-01
5.353511705685618516e+00 7.258284865089219551e-01
5.393311036789297575e+00 1.180354785121356720e+00
5.433110367892976633e+00 1.647234484224662232e+00
5.472909698996655692e+00 2.072531245660911736e+00
5.512709030100334751e+00 2.406995403698112046e+00
5.552508361204013809e+00 2.612735691397668258e+00
5.592307692307692868e+00 2.668178067991953561e+00
5.632107023411371038e+00 2.570645320791716593e+00
5.671906354515050097e+00 2.336254335264092319e+00
5.711705685618729156e+00 1.997225705062220857e+00
5.751505016722408214e+00 1.597072613948162578e+00
5.791304347826087273e+00 1.184427940507591703e+00
5.831103678929766332e+00 8.064391081158941432e-01
5.870903010033445391e+00 5.026875628965665754e-01
5.910702341137123561e+00 3.004744087031891997e-01
5.950501672240802620e+00 2.120777596781129315e-01
5.990301003344481678e+00 2.342705257911749106e-01
6.030100334448160737e+00 3.500404194153537984e-01
6.069899665551839796e+00 5.321306894507993324e-01
6.109698996655518854e+00 7.477687500586633895e-01
6.149498327759197913e+00 9.638060399956456248e-01
6.189297658862876084e+00 1.151473845117491956e+00
6.229096989966555142e+00 1.290064124847470683e+00
6.268896321070234201e+00 1.369050262011086927e+00
6.308695652173913260e+00 1.388433704435106497e+00
6.348494983277592318e+00 1.357393446500514633e+00
6.388294314381271377e+00 1.291579557147589430e+00
6.428093645484950436e+00 1.209588855978523725e+00
6.467892976588629494e+00 1.129261978749894091e+00
6.507692307692307665e+00 1.064434407133932003e+00
6.547491638795986724e+00 1.022665209415149601e+00
6.587290969899665782e+00 1.004278063981212332e+00
6.627090301003344841e+00 1.002813530891919935e+00
6.666889632107023900e+00 1.006749626049644686e+00
6.706688963210702958e+00 1.002139181181302519e+00
6.746488294314382017e+00 9.756700033146820106e-01
6.786287625418060188e+00 9.175982920050388403e-01
6.826086956521739246e+00 8.240430366627314873e-01
6.865886287625418305e+00 6.982497688975806138e-01
6.905685618729097364e+00 5.506134052496340914e-01
6.945484949832776422e+00 3.974602337735001489e-01
6.985284280936455481e+00 2.587930714015024281e-01
7.025083612040134540e+00 1.553682964039265757e-01
7.064882943143812710e+00 1.055735429364291766e-01
7.104682274247491769e+00 1.225965326168914071e-01
7.144481605351170828e+00 2.123183146755850403e-01
7.184280936454849886e+00 3.722404362088647112e-01
7.224080267558528945e+00 5.915878857603058538e-01
7.263879598662208004e+00 8.525467735643577072e-01
7.303678929765887062e+00 1.132427461860601392e+00
7.343478260869565233e+00 1.406416206466227337e+00
7.383277591973244292e+00 1.650509321939884089e+00
7.423076923076923350e+00 1.844220909222557658e+00
7.462876254180602409e+00 1.972714551225799529e+00
7.502675585284281468e+00 2.028117401035496314e+00
7.542474916387960526e+00 2.009911002280546199e+00
7.582274247491639585e+00 1.924433103359340480e+00
7.622073578595317755e+00 1.783645897779205569e+00
7.661872909698996814e+00 1.603410737272506825e+00
7.701672240802675873e+00 1.401547308882854059e+00
7.741471571906354932e+00 1.195945335085785155e+00
7.781270903010033990e+00 1.002946299641517935e+00
7.821070234113713049e+00 8.361352830249552115e-01
7.860869565217392108e+00 7.055959568033242091e-01
7.900668896321070278e+00 6.176023774925716303e-01
7.940468227424749337e+00 5.746633871761956947e-01
7.980267558528428395e+00 5.758073584349260310e-01
8.020066889632108342e+00 6.169979222294820209e-01
8.059866220735786513e+00 6.915996370160051310e-01
8.099665551839466460e+00 7.908555523556420885e-01
8.139464882943144630e+00 9.043829246084196249e-01
8.179264214046822801e+00 1.020726000363405772e+00
8.219063545150502748e+00 1.128016131895428709e+00
8.258862876254180918e+00 1.214775308965598377e+00
8.298662207357860865e+00 1.270861696458499335e+00
8.338461538461539035e+00 1.288503228738226980e+00
8.378260869565217206e+00 1.263310383856443009e+00
8.418060200668897153e+00 1.195116333406139653e+00
8.457859531772575323e+00 1.088474756744771454e+00
8.497658862876255270e+00 9.526614280553138414e-01
8.537458193979933441e+00 8.010774391802495398e-01
8.577257525083613388e+00 6.500343554608056795e-01
8.617056856187291558e+00 5.170024927131330328e-01
8.656856187290969729e+00 4.185055745991143050e-01
8.696655518394649675e+00 3.679289752168787286e-01
8.736454849498327846e+00 3.735568346105888615e-01
8.776254180602007793e+00 4.371528975372803716e-01
8.816053511705685963e+00 5.533461456706187942e-01
8.855852842809365910e+00 7.099796315991409035e-01
8.895652173913044081e+00 8.894429377656288827e-01
8.935451505016722251e+00 1.070856169451865680e+00
8.975250836120402198e+00 1.232831109669098035e+00
9.015050167224080369e+00 1.356427697962802714e+00
9.054849498327760315e+00 1.427871433506838539e+00
9.094648829431438486e+00 1.440611519747249325e+00
9.134448160535118433e+00 1.396381777963104476e+00
9.174247491638796603e+00 1.305066423260903274e+00
9.214046822742474774e+00 1.183350472584826729e+00
9.253846153846154721e+00 1.052322511416049711e+00
9.293645484949832891e+00 9.343657139391057243e-01
9.333444816053512838e+00 8.497935275075622075e-01
9.373244147157191009e+00 8.137383627150743814e-01
9.413043478260870955e+00 8.337746556780600837e-01
9.452842809364549126e+00 9.086540775751291710e-01
9.492642140468227296e+00 1.028365281682905197e+00
9.532441471571907243e+00 1.175528589514336364e+00
9.572240802675585414e+00 1.327929040256791371e+00
9.612040133779265361e+00 1.461812223768825136e+00
9.651839464882943531e+00 1.555445214238038609e+00
9.691638795986623478e+00 1.592399822886925831e+00
9.731438127090301649e+00 1.564055186126738217e+00
9.771237458193979819e+00 1.470935674586736575e+00
9.811036789297659766e+00 1.322679731398840097e+00
9.850836120401337936e+00 1.136647155598210279e+00
9.890635451505017883e+00 9.353828924931313349e-01
9.930434782608696054e+00 7.433311148327362838e-01
9.970234113712376001e+00 5.833064391331101994e-01
1.001003344481605417e+01 4.732618295893598059e-01
1.004983277591973234e+01 4.238404048975336069e-01
1.008963210702341229e+01 4.370699989887399939e-01
1.012943143812709046e+01 5.063761238993962355e-01
1.016923076923077041e+01 6.178807725890431701e-01
1.020903010033444858e+01 7.527548304631492826e-01
1.024882943143812852e+01 8.902325081031892129e-01
1.028862876254180669e+01 1.010802004053007686e+00
1.032842809364548486e+01 1.099071501067664158e+00
1.036822742474916481e+01 1.145874516549013400e+00
1.040802675585284298e+01 1.149311512419636916e+00
1.044782608695652293e+01 1.114602661749856338e+00
1.048762541806020110e+01 1.052820027808944570e+00
1.052742474916388105e+01 9.787445071594262913e-01
1.056722408026755922e+01 9.082254266795645181e-01
1.060702341137123739e+01 8.554882802883019277e-01
1.064682274247491733e+01 8.308294543042388236e-01
1.068662207357859550e+01 8.390590105870929793e-01
1.072642140468227545e+01 8.789183532406835697e-01
1.076622073578595362e+01 9.435324720139696142e-01
1.080602006688963357e+01 1.021784792441675194e+00
1.084581939799331174e+01 1.100354802289477574e+00
1.088561872909698991e+01 1.166058182225037099e+00
1.092541806020066986e+01 1.208091254917084134e+00
1.096521739130434803e+01 1.219810506714736009e+00
1.100501672240802797e+01 1.199766854492398727e+00
1.104481605351170614e+01 1.151846615648486782e+00
1.108461538461538609e+01 1.084523496209725879e+00
1.112441471571906426e+01 1.009372446418792979e+00
1.116421404682274243e+01 9.391128548096620010e-01
1.120401337792642238e+01 8.855169435374211639e-01
1.124381270903010055e+01 8.575297248548423568e-01
1.128361204013378050e+01 8.598998031691402755e-01
1.132341137123745867e+01 8.925255784646601853e-01
1.136321070234113861e+01 9.505965469201577145e-01
1.140301003344481678e+01 1.025476315691099538e+00
1.144280936454849495e+01 1.106155108951192512e+00
1.148260869565217490e+01 1.181014140757478126e+00
1.152240802675585307e+01 1.239605091162990114e+00
1.156220735785953302e+01 1.274159572403131602e+00
1.160200668896321119e+01 1.280601702652788276e+00
1.164180602006689114e+01 1.258929835579450263e+00
1.168160535117056931e+01 1.212943907540176447e+00
1.172140468227424748e+01 1.149403362209670876e+00
1.176120401337792742e+01 1.076789018501623563e+00
1.180100334448160559e+01 1.003896664051452614e+00
1.184080267558528554e+01 9.385031572919261267e-01
1.188060200668896371e+01 8.863174365954048506e-01
1.192040133779264366e+01 8.503662036237326083e-01
1.196020066889632183e+01 8.308798494368969667e-01
1.200000000000000000e+01 8.256541823366226884e-01
