# time_fs temperature_K pressure_eV_per_A3 kinetic_energy_eV potential_energy_eV total_energy_eV
0.000000000000000000e+00 2.959268745582477322e+02 3.958692148274251150e-03 1.908750223721109407e+01 -4.908939140194555648e+02 -4.718064117822444814e+02
5.000000000000000000e+01 3.005646257241337480e+02 4.007145941006959138e-03 1.938664061687540396e+01 -4.906922271591528215e+02 -4.713055865422774104e+02
1.000000000000000000e+02 3.025782944503393423e+02 3.746389687993705118e-03 1.951652373875754876e+01 -4.913488633380237616e+02 -4.718323395992662199e+02
1.500000000000000000e+02 3.014982109285836600e+02 3.488908666179776040e-03 1.944685755291801854e+01 -4.921584578591261447e+02 -4.727116003062081404e+02
2.000000000000000000e+02 2.975359743575716607e+02 3.679118174012019089e-03 1.919129036414393852e+01 -4.915822646504191198e+02 -4.723909742862751955e+02
2.500000000000000000e+02 3.013815432755354209e+02 3.678628064229127418e-03 1.943933240302450827e+01 -4.916223514882200902e+02 -4.721830190851956104e+02
3.000000000000000000e+02 3.005714041735180331e+02 3.524242298010451732e-03 1.938707783187313183e+01 -4.920854049245652959e+02 -4.726983270926921818e+02
3.500000000000000000e+02 2.987308104204689698e+02 3.609104758466444296e-03 1.926835817374283977e+01 -4.918064227709404008e+02 -4.725380645971975468e+02
4.000000000000000000e+02 3.011968544685232132e+02 3.606708042201202304e-03 1.942741983840091535e+01 -4.918574598274099117e+02 -4.724300399890090034e+02
4.500000000000000000e+02 3.030447208818910667e+02 3.246519780432464541e-03 1.954660858849966232e+01 -4.929384958707358351e+02 -4.733918872822361550e+02
5.000000000000000000e+02 3.008433769259542032e+02 3.025569885706647869e-03 1.940462027552018043e+01 -4.935644865619438519e+02 -4.741598662864236644e+02
5.500000000000000000e+02 2.976257958368486243e+02 3.246431260661994736e-03 1.919708391597733765e+01 -4.929588591221078673e+02 -4.737617752061305509e+02
6.000000000000000000e+02 2.980154048443479269e+02 3.507885377042731755e-03 1.922221398506410495e+01 -4.923102273987559556e+02 -4.730880134136918400e+02
6.500000000000000000e+02 2.981891373496879396e+02 3.764398324090159186e-03 1.923341986012801996e+01 -4.914995004700185177e+02 -4.722660806098904800e+02
7.000000000000000000e+02 3.031887764995808539e+02 3.527436849434701944e-03 1.955590028236505162e+01 -4.921609468548742825e+02 -4.726050465725092522e+02
7.500000000000000000e+02 3.016643495750924444e+02 3.216504117557061112e-03 1.945757361847190836e+01 -4.930175628797121590e+02 -4.735599892612402755e+02
8.000000000000000000e+02 2.996057643115433962e+02 3.198442815763663776e-03 1.932479334671680604e+01 -4.930840831404819369e+02 -4.737592897937651060e+02
8.500000000000000000e+02 2.988349863606333656e+02 3.354026307166848350e-03 1.927507759891813066e+01 -4.925718979848218169e+02 -4.732968203859036862e+02
9.000000000000000000e+02 2.991814763454834178e+02 3.468610640742537162e-03 1.929742645915892041e+01 -4.922559550842948397e+02 -4.729585286251358980e+02
9.500000000000000000e+02 2.992267036301432199e+02 3.589645218979647598e-03 1.930034365246357098e+01 -4.919860745613020754e+02 -4.726857309088384795e+02
1.000000000000000000e+03 2.993854834768963542e+02 3.657356776203248439e-03 1.931058506999162816e+01 -4.917440971609640883e+02 -4.724335120909724424e+02
1.050000000000000000e+03 2.996398123232084458e+02 3.709320462025928258e-03 1.932698946864658751e+01 -4.915252327538858026e+02 -4.721982432852391867e+02
1.100000000000000000e+03 3.009247686213542465e+02 3.677979225592828763e-03 1.940987010005996893e+01 -4.916735960158591752e+02 -4.722637259157992276e+02
1.150000000000000000e+03 3.013502303155850086e+02 3.501122673031438048e-03 1.943731269395280137e+01 -4.921638876611020237e+02 -4.727265749671492472e+02
1.200000000000000000e+03 3.010102132280593992e+02 3.330616252624361753e-03 1.941538134037593366e+01 -4.925646267069241162e+02 -4.731492453665482003e+02
1.250000000000000000e+03 2.977267549702312408e+02 3.464507893833089058e-03 1.920359585473647712e+01 -4.921858119095092547e+02 -4.729822160547727776e+02
1.300000000000000000e+03 3.002512098279029829e+02 3.570979757024513555e-03 1.936642505980775653e+01 -4.919873192004150155e+02 -4.726208941406072768e+02
1.350000000000000000e+03 3.007672962277475222e+02 3.472481381031530031e-03 1.939971301422667338e+01 -4.923182680487899461e+02 -4.729185550345632691e+02
1.400000000000000000e+03 2.973812726482555036e+02 3.613789501318733551e-03 1.918131198949621208e+01 -4.919238860850087462e+02 -4.727425740955125093e+02
1.450000000000000000e+03 2.995472460054746193e+02 3.870088916263632068e-03 1.932101887270300367e+01 -4.912005408211321651e+02 -4.718795219484291579e+02
1.500000000000000000e+03 3.060434868868108538e+02 3.340486499030594775e-03 1.974003121330595434e+01 -4.927693931204553905e+02 -4.730293619071494504e+02
1.550000000000000000e+03 3.020818774009198364e+02 2.886892773672151361e-03 1.948450447198588620e+01 -4.940766004972205678e+02 -4.745920960252346958e+02
1.600000000000000000e+03 2.975729668709578277e+02 3.059944123823577031e-03 1.919367640861209523e+01 -4.935571599408543761e+02 -4.743634835322422987e+02
1.650000000000000000e+03 2.965731598173029511e+02 3.421667594325536899e-03 1.912918811432687605e+01 -4.925563578130016822e+02 -4.734271696986747884e+02
1.700000000000000000e+03 2.979030811634922884e+02 3.758009323464307511e-03 1.921496902458924438e+01 -4.916478346560620025e+02 -4.724328656314727368e+02
1.750000000000000000e+03 3.017978639231700981e+02 3.697174875720656267e-03 1.946618539265239178e+01 -4.917936571222560929e+02 -4.723274717296037011e+02
1.800000000000000000e+03 3.031956987260613232e+02 3.344814961544973625e-03 1.955634677109179975e+01 -4.927676526637558254e+02 -4.732113058926640292e+02
1.850000000000000000e+03 3.021118745969475867e+02 2.987154269424547020e-03 1.948643931331161738e+01 -4.936849625419228573e+02 -4.741985232286112364e+02
1.900000000000000000e+03 2.964075329805610295e+02 3.186608263512976259e-03 1.911850506088141799e+01 -4.929983693963284281e+02 -4.738798643354469959e+02
1.950000000000000000e+03 2.966113632662693362e+02 3.647601407079805944e-03 1.913165226503540595e+01 -4.916302058397849919e+02 -4.724985535747495646e+02
2.000000000000000000e+03 2.983834364304557880e+02 3.911211404761463437e-03 1.924595229451533385e+01 -4.909052857838520936e+02 -4.716593334893367455e+02
2.050000000000000000e+03 2.983292719157262241e+02 4.141986501543857072e-03 1.924245864326239541e+01 -4.902663011516351617e+02 -4.710238425083727520e+02
2.100000000000000000e+03 3.026133413507209866e+02 3.997950905485709097e-03 1.951878428974819712e+01 -4.908067495165640253e+02 -4.712879652268157997e+02
2.150000000000000000e+03 3.049996566538198977e+02 3.495693382586657471e-03 1.967270339139986390e+01 -4.922886687521373119e+02 -4.726159653607374480e+02
2.200000000000000000e+03 3.045617278647346211e+02 2.850725623670282653e-03 1.964445666066990981e+01 -4.941790291596956308e+02 -4.745345724990257281e+02
2.250000000000000000e+03 2.983806803091819120e+02 2.793767840835805448e-03 1.924577452265510757e+01 -4.943160123235082324e+02 -4.750702378008531355e+02
2.300000000000000000e+03 2.959403034544793627e+02 3.234510012494414260e-03 1.908836841094826298e+01 -4.929850653626284611e+02 -4.738966969516802124e+02
2.350000000000000000e+03 2.981153039718410582e+02 3.547372766239142907e-03 1.922865755265953780e+01 -4.921334077735137384e+02 -4.729047502208542255e+02
2.400000000000000000e+03 2.985729306879188130e+02 3.772131811920001465e-03 1.925817481424647681e+01 -4.915081710023537767e+02 -4.722499961881072750e+02
2.450000000000000000e+03 3.025842784976485405e+02 3.605441662052105440e-03 1.951690971423400001e+01 -4.920274795095495506e+02 -4.725105697953155754e+02
2.500000000000000000e+03 3.002013923385789553e+02 3.419344047600848119e-03 1.936321179490796140e+01 -4.925246627206738026e+02 -4.731614509257658483e+02
2.550000000000000000e+03 3.003728887274792214e+02 3.430921764629752714e-03 1.937427343880797537e+01 -4.924867628202714513e+02 -4.731124893814634902e+02
2.600000000000000000e+03 3.014335342108403211e+02 3.298700203505523093e-03 1.944268585679726513e+01 -4.929412563146045727e+02 -4.734985704578073182e+02
2.650000000000000000e+03 3.014687019051577295e+02 3.112814167105155440e-03 1.944495419908609080e+01 -4.934736329180269649e+02 -4.740286787189408528e+02
2.700000000000000000e+03 2.986552786383747957e+02 3.128355320732509760e-03 1.926348631794449417e+01 -4.934154866416594132e+02 -4.741520003237149012e+02
2.750000000000000000e+03 2.969454852028434289e+02 3.521001407789542317e-03 1.915320337701663078e+01 -4.922147449220124145e+02 -4.730615415449958050e+02
2.800000000000000000e+03 3.000410088201073222e+02 3.626712979898725348e-03 1.935286693936819802e+01 -4.919614278939722567e+02 -4.726085609546040587e+02
2.850000000000000000e+03 2.988318038020499898e+02 3.654306843915198534e-03 1.927487232153610464e+01 -4.916604572773709378e+02 -4.723855849558348154e+02
2.900000000000000000e+03 2.980575035122916461e+02 3.852689751432927020e-03 1.922492938027705733e+01 -4.910236273752829561e+02 -4.717986979950059094e+02
2.950000000000000000e+03 3.021977022387980014e+02 3.805456570464947879e-03 1.949197525967769451e+01 -4.912885502014087820e+02 -4.717965749417310803e+02
3.000000000000000000e+03 3.013688693406238599e+02 3.565828172545418111e-03 1.943851492485075383e+01 -4.921055694797487376e+02 -4.726670545548979590e+02
3.050000000000000000e+03 3.011837925551041621e+02 3.446217448489118356e-03 1.942657733532653097e+01 -4.924318640177876887e+02 -4.730052866824611328e+02
3.100000000000000000e+03 2.995370427711155230e+02 3.421959257935421311e-03 1.932036075654188423e+01 -4.925566808546635684e+02 -4.732363200981216664e+02
3.150000000000000000e+03 3.007341776326908871e+02 3.412106973951903321e-03 1.939757684035540564e+01 -4.926280052325644192e+02 -4.732304283922090349e+02
3.200000000000000000e+03 3.016679302809923229e+02 3.202015651897846798e-03 1.945780457665026475e+01 -4.932086217927342773e+02 -4.737508172160839877e+02
3.250000000000000000e+03 2.989536016624716694e+02 3.222274820713398082e-03 1.928272837359881819e+01 -4.931082956176671246e+02 -4.738255672440682815e+02
3.300000000000000000e+03 2.996965860794663286e+02 3.326731090679093013e-03 1.933065141790754993e+01 -4.927295384494433961e+02 -4.733988870315358213e+02
3.350000000000000000e+03 2.995422268309260971e+02 3.299499691724126337e-03 1.932069513223310864e+01 -4.929325077834967601e+02 -4.736118126512636763e+02
3.400000000000000000e+03 2.985623985055788694e+02 3.500812137192168064e-03 1.925749548069734729e+01 -4.923633723679199647e+02 -4.731058768872226210e+02
3.450000000000000000e+03 3.003269487449121584e+02 3.534942299876775440e-03 1.937131027596129229e+01 -4.921910592108823721e+02 -4.728197489349211082e+02
3.500000000000000000e+03 3.008107597146864123e+02 3.389118839159959394e-03 1.940251644127405228e+01 -4.925902959176558511e+02 -4.731877794763818201e+02
3.550000000000000000e+03 3.005435438008943834e+02 3.359381862453202430e-03 1.938528081723707430e+01 -4.926817802376655777e+02 -4.732964994204285176e+02
3.600000000000000000e+03 2.989734039646710357e+02 3.432731844956679775e-03 1.928400563673383061e+01 -4.924918153526911055e+02 -4.732078097159572962e+02
3.650000000000000000e+03 2.994554487921628834e+02 3.542663596036960388e-03 1.931509788456337162e+01 -4.921501659833457438e+02 -4.728350680987823580e+02
3.700000000000000000e+03 2.990113631009550090e+02 3.606498236260549401e-03 1.928645402909368300e+01 -4.918615013855215352e+02 -4.725750473564278309e+02
3.750000000000000000e+03 2.995806074744219814e+02 3.718058945569175256e-03 1.932317071211981840e+01 -4.915528394954335454e+02 -4.722296687833137412e+02
3.800000000000000000e+03 3.008945668831458988e+02 3.656128587618091147e-03 1.940792206561233613e+01 -4.917956608602270876e+02 -4.723877387946147337e+02
3.850000000000000000e+03 3.004459811552749215e+02 3.577251743748800870e-03 1.937898795445024902e+01 -4.920875867822481950e+02 -4.727085988277979709e+02
3.900000000000000000e+03 3.008057270791221640e+02 3.494210036401262411e-03 1.940219183255868884e+01 -4.923331236654181566e+02 -4.729309318328594713e+02
3.950000000000000000e+03 3.007220019775982678e+02 3.402890590660576867e-03 1.939679150159843601e+01 -4.925724995075217407e+02 -4.731757080059232976e+02
4.000000000000000000e+03 3.011056355677496299e+02 3.278662979355421309e-03 1.942153615184763993e+01 -4.929074082549778950e+02 -4.734858721031302480e+02
4.050000000000000000e+03 3.010712660664099189e+02 3.129222054046742422e-03 1.941931929359611075e+01 -4.932790340665041526e+02 -4.738597147729080348e+02
4.100000000000000000e+03 2.971278011848951905e+02 3.256139335314003468e-03 1.916496289267564990e+01 -4.928803352172241148e+02 -4.737153723245484684e+02
4.150000000000000000e+03 2.967107341582985214e+02 3.713941115144045457e-03 1.913806176105279988e+01 -4.915490272976661572e+02 -4.724109655366133325e+02
4.200000000000000000e+03 3.010502339510473462e+02 3.752380899990123263e-03 1.941796270660266543e+01 -4.915203465287356721e+02 -4.721023838221329925e+02
4.250000000000000000e+03 3.023727601884839373e+02 3.514789487811677271e-03 1.950326662688204138e+01 -4.922110488452036634e+02 -4.727077822183215972e+02
4.300000000000000000e+03 3.014114680200810312e+02 3.294012592165831369e-03 1.944126257117606826e+01 -4.928383256688163101e+02 -4.733970630976402276e+02
4.350000000000000000e+03 3.012311507419239547e+02 3.156908752203472623e-03 1.942963197339622994e+01 -4.932314194465364494e+02 -4.738017874731402230e+02
4.400000000000000000e+03 2.977772523730270677e+02 3.259346735674069177e-03 1.920685297455797880e+01 -4.929614339656740754e+02 -4.737545809911160859e+02
4.450000000000000000e+03 2.975346779320238397e+02 3.602967520153061137e-03 1.919120674373743896e+01 -4.919364382062184404e+02 -4.727452314624810015e+02
4.500000000000000000e+03 3.003826385983667251e+02 3.631924533368802166e-03 1.937490231268992957e+01 -4.918662641842340122e+02 -4.724913618715440862e+02
4.550000000000000000e+03 3.014956924733107257e+02 3.513999286014386075e-03 1.944669511069059809e+01 -4.922095016340538223e+02 -4.727628065233632242e+02
4.600000000000000000e+03 3.001519711796460115e+02 3.395258180271677317e-03 1.936002409361146093e+01 -4.924850833164765049e+02 -4.731250592228650476e+02
4.650000000000000000e+03 2.993970072219339613e+02 3.472713713455036037e-03 1.931132836006798570e+01 -4.922453991521490479e+02 -4.729340707920810587e+02
4.700000000000000000e+03 3.010289147383678596e+02 3.417915370153640914e-03 1.941658760161998032e+01 -4.924334167398039313e+02 -4.730168291381839367e+02
4.750000000000000000e+03 2.998628938926743217e+02 3.351809670597082069e-03 1.934137839483862820e+01 -4.925600232038926833e+02 -4.732186448090540694e+02
4.800000000000000000e+03 2.971485886982090960e+02 3.640743374531748167e-03 1.916630370265608008e+01 -4.917522433421783035e+02 -4.725859396395222234e+02
4.850000000000000000e+03 3.009459408884650315e+02 3.705266535549534002e-03 1.941123572694480970e+01 -4.916932430802471572e+02 -4.722820073533023333e+02
4.900000000000000000e+03 3.027902597594135159e+02 3.390935988833521011e-03 1.953019565793421819e+01 -4.925802653849974604e+02 -4.730500697270632600e+02
4.950000000000000000e+03 3.000213209947519886e+02 3.260559005493327694e-03 1.935159706007427616e+01 -4.929679294229908919e+02 -4.736163323629166371e+02
5.000000000000000000e+03 2.975529897896265084e+02 3.475585085116970115e-03 1.919238787209382835e+01 -4.923406936659277449e+02 -4.731483057938339130e+02
5.050000000000000000e+03 2.993885525364823366e+02 3.639246345102316142e-03 1.931078302660439405e+01 -4.917830432699319658e+02 -4.724722602433275824e+02
5.100000000000000000e+03 3.012126276325747654e+02 3.536477417844359917e-03 1.942843721914597666e+01 -4.920952607597822066e+02 -4.726668235406362442e+02
5.150000000000000000e+03 3.024774044062933172e+02 3.330907871821394296e-03 1.951001625631170810e+01 -4.928033456649446293e+02 -4.732933294086329283e+02
5.200000000000000000e+03 2.987314688954293729e+02 3.265765024149596719e-03 1.926840064586470547e+01 -4.929956685400677543e+02 -4.737272678942030666e+02
5.250000000000000000e+03 2.969804414874914187e+02 3.627547614988082657e-03 1.915545808322545085e+01 -4.918739650576645204e+02 -4.727185069744390944e+02
5.300000000000000000e+03 2.994588841943061652e+02 3.764116199825040705e-03 1.931531947054198284e+01 -4.915140782956346470e+02 -4.721987588250926819e+02
5.350000000000000000e+03 3.019506962148050775e+02 3.659383984731204558e-03 1.947604318847730909e+01 -4.918582153873363154e+02 -4.723821721988589957e+02
5.400000000000000000e+03 3.049832196919540479e+02 3.140498850826374880e-03 1.967164319520492555e+01 -4.933596937267785165e+02 -4.736880505315735945e+02
5.450000000000000000e+03 3.000969448070175076e+02 2.895640847511911451e-03 1.935647485188673045e+01 -4.940009033772589646e+02 -4.746444285253722342e+02
5.500000000000000000e+03 2.961899960883168887e+02 3.255560943221082193e-03 1.910447377047028539e+01 -4.929351929959594258e+02 -4.738307192254891334e+02
5.550000000000000000e+03 2.985737931534927156e+02 3.529112154641719616e-03 1.925823044391376015e+01 -4.921080765157481096e+02 -4.728498460718343495e+02
5.600000000000000000e+03 2.985639600832893734e+02 3.657583810302877589e-03 1.925759620361441193e+01 -4.917537510321338914e+02 -4.724961548285194795e+02
5.650000000000000000e+03 3.012200427790064623e+02 3.700093588904168271e-03 1.942891550157407821e+01 -4.917019567707521333e+02 -4.722730412691780657e+02
5.700000000000000000e+03 3.028932403205368473e+02 3.377707287656806553e-03 1.953683798027741503e+01 -4.927166879744634116e+02 -4.731798499941859859e+02
5.750000000000000000e+03 3.019469719779499428e+02 3.052587934641486003e-03 1.947580297244619985e+01 -4.936485829111609860e+02 -4.741727799387147684e+02
5.800000000000000000e+03 2.955346501157252987e+02 3.377727832452268215e-03 1.906220347063130305e+01 -4.926780376876016589e+02 -4.736158342169703701e+02
5.850000000000000000e+03 2.977398241735966167e+02 3.807164315009359777e-03 1.920443882801779267e+01 -4.914306988911460508e+02 -4.722262600631282794e+02
5.900000000000000000e+03 3.021755866522577207e+02 3.679423738304526265e-03 1.949054878799209334e+01 -4.918078256554150585e+02 -4.723172768674229474e+02
5.950000000000000000e+03 3.014081970841243674e+02 3.422319027304158989e-03 1.944105159338811362e+01 -4.924931257460341953e+02 -4.730520741526460711e+02
6.000000000000000000e+03 2.989170050641243392e+02 3.475798355002457981e-03 1.928036786594343610e+01 -4.922830342212321852e+02 -4.730026663552887385e+02
6.050000000000000000e+03 2.993344777096443181e+02 3.609172183787274796e-03 1.930729516028678105e+01 -4.919007837534829832e+02 -4.725934885931961844e+02
6.100000000000000000e+03 3.004096186686916781e+02 3.591998850419081402e-03 1.937664254717676471e+01 -4.920303876826799865e+02 -4.726537451355032431e+02
6.150000000000000000e+03 2.995057648322496107e+02 3.596146516744191425e-03 1.931834330635602370e+01 -4.921123681697393977e+02 -4.727940248633833562e+02
6.200000000000000000e+03 3.014812820807329103e+02 3.544978095356899738e-03 1.944576562971331768e+01 -4.922479561548813649e+02 -4.728021905251680437e+02
6.250000000000000000e+03 3.033858349938114429e+02 3.136796064855649352e-03 1.956861070096120869e+01 -4.934067364343675877e+02 -4.738381257334064003e+02
6.300000000000000000e+03 3.001964272368815614e+02 2.990613077840034370e-03 1.936289154217694986e+01 -4.937982428485945547e+02 -4.744353513064176013e+02
6.350000000000000000e+03 2.982734438797556891e+02 3.117606329085379803e-03 1.923885769365929832e+01 -4.934140631563229249e+02 -4.741752054626635982e+02
6.400000000000000000e+03 2.968504151443517571e+02 3.474744382741091955e-03 1.914707128794273316e+01 -4.923769953528576480e+02 -4.732299240649149397e+02
6.450000000000000000e+03 2.996650549753856581e+02 3.652264679055124315e-03 1.932861763837813029e+01 -4.918469011487422335e+02 -4.725182835103640855e+02
6.500000000000000000e+03 2.993662566586889966e+02 3.648234469568820658e-03 1.930934492599965324e+01 -4.918436823772880189e+02 -4.725343374512883656e+02
6.550000000000000000e+03 3.008450539951600149e+02 3.651919630335037203e-03 1.940472844772409289e+01 -4.918691528056741049e+02 -4.724644243579500085e+02
6.600000000000000000e+03 3.011276748659111036e+02 3.498755959696223192e-03 1.942295770287639201e+01 -4.923127408616165894e+02 -4.728897831587402152e+02
6.650000000000000000e+03 2.989867172969074431e+02 3.539781150419842471e-03 1.928486435650784969e+01 -4.921869472565383603e+02 -4.729020829000305071e+02
6.700000000000000000e+03 3.004896501320750417e+02 3.597993739746211186e-03 1.938180463574563106e+01 -4.920525049259913999e+02 -4.726707002902457475e+02
6.750000000000000000e+03 3.020544027931643427e+02 3.362619642558341022e-03 1.948273233946908789e+01 -4.928282995665143176e+02 -4.733455672270452510e+02
6.800000000000000000e+03 2.995010847530116962e+02 3.343441824241982340e-03 1.931804143778441585e+01 -4.928503084402375976e+02 -4.735322670024531817e+02
6.850000000000000000e+03 3.003543770156136929e+02 3.327936157231072001e-03 1.937307941970384562e+01 -4.929098680184358727e+02 -4.735367885987320165e+02
6.900000000000000000e+03 2.991876029581600847e+02 3.354246226963618002e-03 1.929782163020699315e+01 -4.927920535280662762e+02 -4.734942318978592652e+02
6.950000000000000000e+03 2.978089598520202230e+02 3.560477762670179874e-03 1.920889813039967819e+01 -4.921816538784285058e+02 -4.729727557480288169e+02
7.000000000000000000e+03 3.000874187135478905e+02 3.685799842765020984e-03 1.935586041181370476e+01 -4.917673233684385536e+02 -4.724114629566248595e+02
7.050000000000000000e+03 3.041745849168989366e+02 3.284080343386938227e-03 1.961948565425501201e+01 -4.930209440535988961e+02 -4.734014583993438805e+02
7.100000000000000000e+03 2.995942119485725925e+02 3.156802743960334095e-03 1.932404821076259438e+01 -4.933741122779533157e+02 -4.740500640671907036e+02
7.150000000000000000e+03 2.982553354348181642e+02 3.376496330524831994e-03 1.923768968557022774e+01 -4.927576031482971075e+02 -4.735199134627268904e+02
7.200000000000000000e+03 2.993467981994851357e+02 3.492279736691212850e-03 1.930808984099211401e+01 -4.923804698997807918e+02 -4.730723800587886672e+02
7.250000000000000000e+03 2.999503849755787428e+02 3.480167538802567389e-03 1.934702163438274525e+01 -4.923024390000536528e+02 -4.729554173656708826e+02
7.300000000000000000e+03 2.987861429566310107e+02 3.587765075836469621e-03 1.927192716324188382e+01 -4.919989439935903874e+02 -4.727270168303484752e+02
7.350000000000000000e+03 3.004928652638331528e+02 3.642684514614467992e-03 1.938201201412151065e+01 -4.918526241483396575e+02 -4.724706121342181291e+02
7.400000000000000000e+03 3.012874229506973052e+02 3.442441561613278529e-03 1.943326157247356178e+01 -4.924475158653698372e+02 -4.730142542928962825e+02
7.450000000000000000e+03 2.994282642447495277e+02 3.431480398471865520e-03 1.931334446115313241e+01 -4.924104874269124252e+02 -4.730971429657593035e+02
7.500000000000000000e+03 3.006303839107338831e+02 3.420163566856264988e-03 1.939088206853713103e+01 -4.925271101756883922e+02 -4.731362281071512825e+02
7.550000000000000000e+03 3.006166319262466118e+02 3.346278153659851609e-03 1.938999505536856205e+01 -4.928780568637836836e+02 -4.734880618084151251e+02
7.600000000000000000e+03 2.996284327653676200e+02 3.370513395783762862e-03 1.932625547875104388e+01 -4.927420971057790098e+02 -4.734158416270279872e+02
7.650000000000000000e+03 3.017298931163205111e+02 3.240847158568076897e-03 1.946180122534841317e+01 -4.930878316686311109e+02 -4.736260304432826729e+02
7.700000000000000000e+03 2.998753886290280661e+02 3.170925062201889692e-03 1.934218431457289356e+01 -4.933275416640627213e+02 -4.739853573494898455e+02
7.750000000000000000e+03 2.982849999931220850e+02 3.329090043638116819e-03 1.923960307151679672e+01 -4.928038025602647281e+02 -4.735641994887479314e+02
7.800000000000000000e+03 2.980600428522652123e+02 3.552956398704381052e-03 1.922509316958311132e+01 -4.920743389608269354e+02 -4.728492457912438454e+02
7.850000000000000000e+03 2.985410686498028099e+02 3.774851092800459666e-03 1.925611968922706296e+01 -4.914442019063541238e+02 -4.721880822171270893e+02
7.900000000000000000e+03 3.032366770651771617e+02 3.619353098814590258e-03 1.955898990426690887e+01 -4.919258669004177023e+02 -4.723668769961507792e+02
7.950000000000000000e+03 3.031335493728640813e+02 3.120319910979383812e-03 1.955233809185317284e+01 -4.933550137894948193e+02 -4.738026756976416323e+02
8.000000000000000000e+03 2.954756021282024676e+02 3.366050165541692538e-03 1.905839483177203419e+01 -4.926101068215760392e+02 -4.735517119898040050e+02
8.050000000000000000e+03 2.976935260429596042e+02 3.839638538671470962e-03 1.920145256435575831e+01 -4.912651118128206349e+02 -4.720636592484648872e+02
8.100000000000000000e+03 3.022149360017758681e+02 3.694231986537571764e-03 1.949308685013356524e+01 -4.917004164274524101e+02 -4.722073295773188306e+02
8.150000000000000000e+03 3.006597378255825674e+02 3.524938017952315011e-03 1.939277541775112823e+01 -4.921651086048361776e+02 -4.727723331870850529e+02
8.200000000000000000e+03 3.019652524216487564e+02 3.346019915385311811e-03 1.947698207458256192e+01 -4.927423169471476285e+02 -4.732653348725650631e+02
8.250000000000000000e+03 3.007449846886084970e+02 3.206911994509169250e-03 1.939827390345355695e+01 -4.931349205598932031e+02 -4.737366466564396319e+02
8.300000000000000000e+03 2.996775322809384647e+02 3.202877593688198670e-03 1.932942243381284442e+01 -4.931322262585977683e+02 -4.738028038247849167e+02
8.350000000000000000e+03 2.990928382084623536e+02 3.290613077551194591e-03 1.929170923377607139e+01 -4.929094629394490994e+02 -4.736177537056730102e+02
8.400000000000000000e+03 2.991460349129210954e+02 3.393892268497006662e-03 1.929514046055087562e+01 -4.925598127126826853e+02 -4.732646722521317884e+02
8.450000000000000000e+03 2.984454480431990646e+02 3.548836237272957883e-03 1.924995208939282421e+01 -4.920578856941350523e+02 -4.728079336047422316e+02
8.500000000000000000e+03 2.981049719678912311e+02 3.788423173165729116e-03 1.922799113076459676e+01 -4.913663596970237109e+02 -4.721383685662590892e+02
8.550000000000000000e+03 3.020732543834023431e+02 3.739779211842973218e-03 1.948394828097957188e+01 -4.916133245615814644e+02 -4.721293762806018890e+02
8.600000000000000000e+03 3.028262232265234388e+02 3.340298717978309410e-03 1.953251532815660951e+01 -4.928101784153771519e+02 -4.732776630872205601e+02
8.650000000000000000e+03 2.989151089065770179e+02 3.318206380049433090e-03 1.928024556237948417e+01 -4.928716992666952024e+02 -4.735914537043157111e+02
8.700000000000000000e+03 2.997506431242590565e+02 3.417089246868455690e-03 1.933413813727008801e+01 -4.926330591339178113e+02 -4.732989209966477233e+02
8.750000000000000000e+03 3.018139999054956775e+02 3.277069031816620161e-03 1.946722617544442002e+01 -4.930531493395094458e+02 -4.735859231640650364e+02
8.800000000000000000e+03 3.009023949682085686e+02 3.090742260683996580e-03 1.940842698288749091e+01 -4.935166904378972959e+02 -4.741082634550098192e+02
8.850000000000000000e+03 2.980504007245266394e+02 3.218143835702706387e-03 1.922447124521393746e+01 -4.930518538737407539e+02 -4.738273826285268342e+02
8.900000000000000000e+03 2.959951171486216595e+02 3.644122867792416991e-03 1.909190393475336478e+01 -4.918488706948952540e+02 -4.727569667601418928e+02
8.950000000000000000e+03 2.987558293511386864e+02 3.982700174932548957e-03 1.926997191327171421e+01 -4.908228412663964377e+02 -4.715528693531247200e+02
9.000000000000000000e+03 3.048057573791180630e+02 3.554324866470561731e-03 1.966019674479945323e+01 -4.921689766470574909e+02 -4.725087799022580271e+02
9.050000000000000000e+03 3.004446894409490483e+02 3.294219086308014695e-03 1.937890463792104967e+01 -4.929624630760350783e+02 -4.735835584381140393e+02
9.100000000000000000e+03 3.002413164512673802e+02 3.342849663252446188e-03 1.936578692969893467e+01 -4.927994649106420297e+02 -4.734336779809431164e+02
9.150000000000000000e+03 3.007551287842431407e+02 3.215781177779456976e-03 1.939892820512321592e+01 -4.931290185096975165e+02 -4.737300903045742757e+02
9.200000000000000000e+03 2.979004318293218034e+02 3.366077730495821690e-03 1.921479814057615343e+01 -4.926211206197652928e+02 -4.734063224791891571e+02
9.250000000000000000e+03 3.007161886535160420e+02 3.436881507198276137e-03 1.939641653789637132e+01 -4.924850831249591465e+02 -4.730886665870627894e+02
9.300000000000000000e+03 3.002412502505547991e+02 3.346599385832273697e-03 1.936578265970402057e+01 -4.927307700730800661e+02 -4.733649874133760704e+02
9.350000000000000000e+03 2.983062523649990112e+02 3.476225931877512110e-03 1.924097386521829023e+01 -4.923051792033300558e+02 -4.730642053381117762e+02
9.400000000000000000e+03 2.985664263301222263e+02 3.662262930106862518e-03 1.925775527835883949e+01 -4.917787380298482276e+02 -4.725209827514893846e+02
9.450000000000000000e+03 2.989467773817787588e+02 3.856574698177327783e-03 1.928228820244779484e+01 -4.912667106409870712e+02 -4.719844224385392977e+02
9.500000000000000000e+03 3.029868520979717914e+02 3.628404048512680422e-03 1.954287600914480194e+01 -4.919554097735666005e+02 -4.724125337644218234e+02
9.550000000000000000e+03 3.019125516976322388e+02 3.326946417821718092e-03 1.947358283891304254e+01 -4.928097987607710024e+02 -4.733362159218579563e+02
9.600000000000000000e+03 3.007091907046303731e+02 3.196667027503435985e-03 1.939596516501849166e+01 -4.931833280401183970e+02 -4.737873628750999160e+02
9.650000000000000000e+03 2.987313315454894109e+02 3.270365382782704743e-03 1.926839178669201402e+01 -4.929234529790514898e+02 -4.736550611923594829e+02
9.700000000000000000e+03 2.990626211105572452e+02 3.410777939932261183e-03 1.928976020861664153e+01 -4.924900032448802563e+02 -4.732002430362636005e+02
9.750000000000000000e+03 2.983025524395400225e+02 3.567882775197207725e-03 1.924073521729021152e+01 -4.920955405351098761e+02 -4.728548053178196824e+02
9.800000000000000000e+03 2.992839319729663998e+02 3.748071838886832784e-03 1.930403492289414302e+01 -4.915559436460071083e+02 -4.722519087231129902e+02
9.850000000000000000e+03 3.038219294400298622e+02 3.409084519620579363e-03 1.959673911521981537e+01 -4.925191073060147460e+02 -4.729223681907949413e+02
9.900000000000000000e+03 3.011208037374634046e+02 3.154662561510267887e-03 1.942251451001054008e+01 -4.932361390858471282e+02 -4.738136245758365703e+02
9.950000000000000000e+03 2.995221227676820490e+02 3.164746741384917399e-03 1.931939840528757202e+01 -4.932519181628007914e+02 -4.739325197575132051e+02
1.000000000000000000e+04 2.975549892797090479e+02 3.383247219531912865e-03 1.919251684068271047e+01 -4.926801161936355697e+02 -4.734875993529528841e+02
