# time_fs vacf
0.000000000000000000e+00 3.604271733764775255e-06
5.000000000000000000e+01 2.727475894874582426e-06
1.000000000000000000e+02 6.950259294538457058e-07
1.500000000000000000e+02 -1.241594773465164758e-06
2.000000000000000000e+02 -2.140566408874767773e-06
2.500000000000000000e+02 -1.862187243645613732e-06
3.000000000000000000e+02 -9.349303939518878615e-07
3.500000000000000000e+02 -7.412281969820732607e-08
4.000000000000000000e+02 2.909789724627078465e-07
4.500000000000000000e+02 2.090822095337225105e-07
5.000000000000000000e+02 2.888705656088569010e-08
5.500000000000000000e+02 3.872705072944709503e-08
6.000000000000000000e+02 2.377710470304710082e-07
6.500000000000000000e+02 3.977339910554719498e-07
7.000000000000000000e+02 3.118938622160367086e-07
7.500000000000000000e+02 -4.977721169068465686e-09
8.000000000000000000e+02 -3.282754301394225408e-07
8.500000000000000000e+02 -4.170808885631846545e-07
9.000000000000000000e+02 -2.135345377430812000e-07
9.500000000000000000e+02 1.150566970134836216e-07
1.000000000000000000e+03 3.160799961845376625e-07
1.050000000000000000e+03 2.527844750534817643e-07
1.100000000000000000e+03 1.657675025577821510e-09
1.150000000000000000e+03 -2.259367443938922552e-07
1.200000000000000000e+03 -2.600116998224917881e-07
1.250000000000000000e+03 -9.666747166109180076e-08
1.300000000000000000e+03 1.196478894195639612e-07
1.350000000000000000e+03 2.236003000480819246e-07
1.400000000000000000e+03 1.543561294210427675e-07
1.450000000000000000e+03 -1.521048586530319411e-08
1.500000000000000000e+03 -1.526893378916726720e-07
1.550000000000000000e+03 -1.718181907974156214e-07
1.600000000000000000e+03 -8.444295596180716169e-08
1.650000000000000000e+03 3.092912547483937320e-08
1.700000000000000000e+03 1.029289016873874791e-07
1.750000000000000000e+03 1.164033326227188368e-07
1.800000000000000000e+03 1.042475776246490881e-07
1.850000000000000000e+03 1.029635700114542908e-07
1.900000000000000000e+03 1.162425216084058727e-07
1.950000000000000000e+03 1.154657913381770234e-07
2.000000000000000000e+03 7.163303038216138029e-08
2.050000000000000000e+03 -1.330064419799183066e-08
2.100000000000000000e+03 -1.044626887416865665e-07
2.150000000000000000e+03 -1.611416464830657362e-07
2.200000000000000000e+03 -1.678332087019377964e-07
2.250000000000000000e+03 -1.404497769334268917e-07
2.300000000000000000e+03 -1.047354198339317322e-07
2.350000000000000000e+03 -6.996893384341839748e-08
2.400000000000000000e+03 -2.204715279922490651e-08
2.450000000000000000e+03 5.734197265513393644e-08
2.500000000000000000e+03 1.619926517975967871e-07
2.550000000000000000e+03 2.495331362734757362e-07
2.600000000000000000e+03 2.618633869833547385e-07
2.650000000000000000e+03 1.666513668387050041e-07
2.700000000000000000e+03 -1.251414204293925433e-08
2.750000000000000000e+03 -2.027893490544428829e-07
2.800000000000000000e+03 -3.210298612432613331e-07
2.850000000000000000e+03 -3.194489247774025835e-07
2.900000000000000000e+03 -2.110842681863767941e-07
2.950000000000000000e+03 -5.889143888090115108e-08
3.000000000000000000e+03 6.480409476201824813e-08
3.050000000000000000e+03 1.200146853257511915e-07
3.100000000000000000e+03 1.154658920188845748e-07
3.150000000000000000e+03 9.196531663681008812e-08
3.200000000000000000e+03 8.643812894931157736e-08
3.250000000000000000e+03 1.017631936989168830e-07
3.300000000000000000e+03 1.068455618235477395e-07
3.350000000000000000e+03 6.762173853500874453e-08
3.400000000000000000e+03 -1.661337177232122050e-08
3.450000000000000000e+03 -1.027178768186127491e-07
3.500000000000000000e+03 -1.318017990295892862e-07
3.550000000000000000e+03 -7.733302419079586815e-08
3.600000000000000000e+03 2.952593115720600993e-08
3.650000000000000000e+03 1.215879852147441224e-07
3.700000000000000000e+03 1.433554074047315291e-07
3.750000000000000000e+03 8.848915392789079671e-08
3.800000000000000000e+03 1.138383992481934895e-09
3.850000000000000000e+03 -5.827138215047070682e-08
3.900000000000000000e+03 -5.870386360713468786e-08
3.950000000000000000e+03 -1.954055105416196197e-08
4.000000000000000000e+03 9.738659829995341961e-09
4.050000000000000000e+03 -5.581793418140113292e-09
4.100000000000000000e+03 -5.412055950398560325e-08
4.150000000000000000e+03 -8.895546874823167099e-08
4.200000000000000000e+03 -6.970229598802173597e-08
4.250000000000000000e+03 -1.467779572039084602e-09
4.300000000000000000e+03 6.357785816575359080e-08
4.350000000000000000e+03 6.793230298190526170e-08
4.400000000000000000e+03 2.927023386315573869e-10
4.450000000000000000e+03 -8.876993545628059072e-08
4.500000000000000000e+03 -1.233467738947998315e-07
4.550000000000000000e+03 -6.456391923666831670e-08
4.600000000000000000e+03 5.234250889747206148e-08
4.650000000000000000e+03 1.415345083104061209e-07
4.700000000000000000e+03 1.328264794087387843e-07
4.750000000000000000e+03 2.805719872529922955e-08
4.800000000000000000e+03 -9.846037193204139092e-08
4.850000000000000000e+03 -1.551611349440289981e-07
4.900000000000000000e+03 -1.010876737642933164e-07
4.950000000000000000e+03 2.378646221073139175e-08
5.000000000000000000e+03 1.301405910736369143e-07
5.050000000000000000e+03 1.468681499956649682e-07
5.100000000000000000e+03 7.094487641236048509e-08
5.150000000000000000e+03 -3.732544321683782455e-08
5.200000000000000000e+03 -1.049578653767942215e-07
5.250000000000000000e+03 -9.863758687008021738e-08
5.300000000000000000e+03 -3.865616762574150267e-08
5.350000000000000000e+03 2.748552738501506765e-08
5.400000000000000000e+03 6.245857361666254102e-08
5.450000000000000000e+03 6.161405682270032741e-08
5.500000000000000000e+03 4.761196870104294710e-08
5.550000000000000000e+03 4.478437089866310406e-08
5.600000000000000000e+03 5.499759642188870540e-08
5.650000000000000000e+03 5.654912683016480836e-08
5.700000000000000000e+03 2.689595810279309741e-08
5.750000000000000000e+03 -3.280837332301027858e-08
5.800000000000000000e+03 -9.162732938011308216e-08
5.850000000000000000e+03 -1.092455165168458085e-07
5.900000000000000000e+03 -6.846561995785669336e-08
5.950000000000000000e+03 8.618465867879684549e-09
6.000000000000000000e+03 7.325609427705910484e-08
6.050000000000000000e+03 8.336682555914656068e-08
6.100000000000000000e+03 3.589747120478153912e-08
6.150000000000000000e+03 -3.160554428239023523e-08
6.200000000000000000e+03 -7.354012023846547080e-08
6.250000000000000000e+03 -6.903752003956748155e-08
6.300000000000000000e+03 -3.056586693711101097e-08
6.350000000000000000e+03 9.246354223537949713e-09
6.400000000000000000e+03 2.147988974683833855e-08
6.450000000000000000e+03 7.984501780019400024e-10
6.500000000000000000e+03 -3.264282551675934642e-08
6.550000000000000000e+03 -4.932932900416429871e-08
6.600000000000000000e+03 -3.185006303622135978e-08
6.650000000000000000e+03 1.091462644541062131e-08
6.700000000000000000e+03 4.882931879743600718e-08
6.750000000000000000e+03 5.315495497757469426e-08
6.800000000000000000e+03 1.778692336239264154e-08
6.850000000000000000e+03 -3.550135695664638483e-08
6.900000000000000000e+03 -7.283063598520859642e-08
6.950000000000000000e+03 -7.102658598796812038e-08
7.000000000000000000e+03 -3.176388690379375908e-08
7.050000000000000000e+03 2.157667092428689750e-08
7.100000000000000000e+03 6.376288058780429879e-08
7.150000000000000000e+03 8.396498277418493610e-08
7.200000000000000000e+03 8.764926427446630705e-08
7.250000000000000000e+03 8.262253372162336479e-08
7.300000000000000000e+03 6.604661615158179265e-08
7.350000000000000000e+03 3.110973551763493351e-08
7.400000000000000000e+03 -1.779071436766074388e-08
7.450000000000000000e+03 -5.856326301526304484e-08
7.500000000000000000e+03 -6.179252925166417076e-08
7.550000000000000000e+03 -1.373062813150848205e-08
7.600000000000000000e+03 6.783480687390908692e-08
7.650000000000000000e+03 1.396410937237968195e-07
7.700000000000000000e+03 1.562803840178801612e-07
7.750000000000000000e+03 9.842628841032668489e-08
7.800000000000000000e+03 -1.652389772188673090e-08
7.850000000000000000e+03 -1.440418259127217693e-07
7.900000000000000000e+03 -2.340135602146510253e-07
7.950000000000000000e+03 -2.556504058610936177e-07
8.000000000000000000e+03 -2.098638555852215839e-07
8.050000000000000000e+03 -1.201655546371136080e-07
8.100000000000000000e+03 -1.810438683403489430e-08
8.150000000000000000e+03 6.679128913421290830e-08
8.200000000000000000e+03 1.144059758462847268e-07
8.250000000000000000e+03 1.211453205208731832e-07
8.300000000000000000e+03 9.774835704277599185e-08
8.350000000000000000e+03 5.953808753628870457e-08
8.400000000000000000e+03 2.328728995131713056e-08
8.450000000000000000e+03 4.014046053092000500e-09
8.500000000000000000e+03 5.682088594850378141e-09
8.550000000000000000e+03 1.362015334190868364e-08
8.600000000000000000e+03 5.296001781233445388e-09
8.650000000000000000e+03 -2.510357162509584593e-08
8.700000000000000000e+03 -5.749432487819344567e-08
8.750000000000000000e+03 -6.600752896807191686e-08
8.800000000000000000e+03 -4.286725512048562044e-08
8.850000000000000000e+03 -3.437883845083910636e-09
8.900000000000000000e+03 2.972520786679984045e-08
8.950000000000000000e+03 4.407822294160986416e-08
9.000000000000000000e+03 4.057277117982106984e-08
9.050000000000000000e+03 2.896851292026141664e-08
9.100000000000000000e+03 2.339603501304131739e-08
9.150000000000000000e+03 3.642576789292529151e-08
9.200000000000000000e+03 6.857171104492593671e-08
9.250000000000000000e+03 1.018532987424207664e-07
9.300000000000000000e+03 1.051072793481657419e-07
9.350000000000000000e+03 5.911728957550806109e-08
9.400000000000000000e+03 -2.320247266635773570e-08
9.450000000000000000e+03 -1.047527375383649535e-07
9.500000000000000000e+03 -1.439329641468204006e-07
9.550000000000000000e+03 -1.142813356933174582e-07
9.600000000000000000e+03 -2.704076017456275693e-08
9.650000000000000000e+03 6.645001987812848517e-08
9.700000000000000000e+03 1.074876418834030175e-07
9.750000000000000000e+03 6.611556588742030358e-08
9.800000000000000000e+03 -3.926427371572540784e-08
9.850000000000000000e+03 -1.461542777260872819e-07
9.900000000000000000e+03 -1.759336586897918908e-07
9.950000000000000000e+03 -1.085702623615014820e-07
1.000000000000000000e+04 7.424181023776614986e-09
