# time_fs vacf
0.000000000000000000e+00 4.286461931138277467e-04
5.000000000000000000e+01 -1.326037692164654507e-05
1.000000000000000000e+02 -3.096537258481160631e-06
1.500000000000000000e+02 5.049345866376630473e-07
2.000000000000000000e+02 5.306246656247016259e-08
2.500000000000000000e+02 9.268333212428552762e-07
3.000000000000000000e+02 6.536390643322996159e-07
3.500000000000000000e+02 6.641261480254805591e-07
4.000000000000000000e+02 1.033827628939056736e-06
4.500000000000000000e+02 -4.719750071360384825e-07
5.000000000000000000e+02 1.346540581103981846e-06
5.500000000000000000e+02 2.089810045021259734e-07
6.000000000000000000e+02 2.879011090659042753e-07
6.500000000000000000e+02 5.500240332733569771e-07
7.000000000000000000e+02 7.752562225439380642e-08
7.500000000000000000e+02 8.095027245659452464e-07
8.000000000000000000e+02 -1.174225172981226428e-06
8.500000000000000000e+02 2.017534968739359505e-07
9.000000000000000000e+02 -2.923948117213083975e-07
9.500000000000000000e+02 2.596279690296274594e-07
1.000000000000000000e+03 -1.235943255460635777e-06
1.050000000000000000e+03 -1.179415244345641232e-06
1.100000000000000000e+03 6.020047296570562878e-07
1.150000000000000000e+03 9.289246722305302236e-07
1.200000000000000000e+03 2.413799455000767316e-07
1.250000000000000000e+03 4.821244570209492423e-07
1.300000000000000000e+03 4.430534097374784122e-07
1.350000000000000000e+03 2.207087889114500608e-07
1.400000000000000000e+03 7.431886323361191778e-07
1.450000000000000000e+03 -1.985838376094887951e-07
1.500000000000000000e+03 4.220209665243318967e-07
1.550000000000000000e+03 -2.736024395879225936e-06
1.600000000000000000e+03 -3.742610705895124133e-08
1.650000000000000000e+03 1.097624814344369897e-07
1.700000000000000000e+03 -6.345391467026337767e-08
1.750000000000000000e+03 -1.820693517714537161e-08
1.800000000000000000e+03 -1.035005232745196681e-06
1.850000000000000000e+03 -2.057219487230269334e-06
1.900000000000000000e+03 -2.454246603632392796e-08
1.950000000000000000e+03 -3.563906316619796373e-07
2.000000000000000000e+03 -6.104848673906273200e-07
2.050000000000000000e+03 2.651421949665793874e-07
2.100000000000000000e+03 9.932354973188678717e-07
2.150000000000000000e+03 -1.512337819747823133e-06
2.200000000000000000e+03 -3.388692896087800274e-07
2.250000000000000000e+03 8.800215864180157332e-07
2.300000000000000000e+03 -4.411938093944829853e-07
2.350000000000000000e+03 -1.059294602432899556e-06
2.400000000000000000e+03 4.284957445941345836e-08
2.450000000000000000e+03 -8.337311488177178488e-07
2.500000000000000000e+03 -1.078346897545626316e-06
2.550000000000000000e+03 1.176306969029867116e-07
2.600000000000000000e+03 7.335838946269886889e-07
2.650000000000000000e+03 1.545155893983409571e-07
2.700000000000000000e+03 -1.319696767551894763e-06
2.750000000000000000e+03 -6.440707852570939928e-07
2.800000000000000000e+03 8.116571857750905308e-07
2.850000000000000000e+03 1.365945726008730190e-07
2.900000000000000000e+03 7.952682808916818087e-07
2.950000000000000000e+03 1.072265373707021316e-06
3.000000000000000000e+03 -6.152264142019537237e-08
3.050000000000000000e+03 -1.373301163368044635e-06
3.100000000000000000e+03 1.323120775071072375e-06
3.150000000000000000e+03 -1.352449230515884176e-06
3.200000000000000000e+03 1.544389679412013158e-07
3.250000000000000000e+03 -1.155395693986338027e-06
3.300000000000000000e+03 7.350596518248976704e-07
3.350000000000000000e+03 9.342615720938225979e-07
3.400000000000000000e+03 -1.196278544750764028e-06
3.450000000000000000e+03 2.429008406976692230e-08
3.500000000000000000e+03 -8.210582319031996591e-07
3.550000000000000000e+03 -1.062835675342619892e-06
3.600000000000000000e+03 7.297372406313989676e-07
3.650000000000000000e+03 5.634605293629071941e-07
3.700000000000000000e+03 7.379905466136362759e-07
3.750000000000000000e+03 2.775412354410122723e-07
3.800000000000000000e+03 2.620360323245102748e-07
3.850000000000000000e+03 -7.754731662898133734e-07
3.900000000000000000e+03 -4.519470882247309089e-07
3.950000000000000000e+03 1.073874726983812686e-06
4.000000000000000000e+03 -2.335179515993516672e-07
4.050000000000000000e+03 -3.303335123014299904e-08
4.100000000000000000e+03 6.138984213738476802e-07
4.150000000000000000e+03 -2.513255003094413018e-07
4.200000000000000000e+03 6.652240467577395641e-07
4.250000000000000000e+03 -8.173285941108911801e-07
4.300000000000000000e+03 3.973554350769064259e-07
4.350000000000000000e+03 5.057166275752694654e-07
4.400000000000000000e+03 -1.933225336692306103e-07
4.450000000000000000e+03 1.319482119750098567e-06
4.500000000000000000e+03 8.695311205267260795e-07
4.550000000000000000e+03 -9.190436045811696340e-07
4.600000000000000000e+03 -1.436398614918580099e-06
4.650000000000000000e+03 8.465925031976055732e-07
4.700000000000000000e+03 -2.101102548825183685e-08
4.750000000000000000e+03 -8.211161018588737544e-07
4.800000000000000000e+03 -3.818082555918579972e-07
4.850000000000000000e+03 3.267693104309060343e-07
4.900000000000000000e+03 1.102802215690740271e-06
4.950000000000000000e+03 1.296782016415860993e-06
5.000000000000000000e+03 1.103179285587046993e-06
5.050000000000000000e+03 9.309211578509401403e-07
5.100000000000000000e+03 -1.827702318343056211e-06
5.150000000000000000e+03 -1.783234752092026100e-06
5.200000000000000000e+03 1.353636493748148594e-08
5.250000000000000000e+03 -5.211231801541588234e-07
5.300000000000000000e+03 -2.667383178674184374e-07
5.350000000000000000e+03 -2.038339131407116272e-07
5.400000000000000000e+03 4.331499251762159172e-07
5.450000000000000000e+03 -2.006835498598459499e-06
5.500000000000000000e+03 1.809798321642923382e-06
5.550000000000000000e+03 5.331646478262883825e-07
5.600000000000000000e+03 -1.571484623284828303e-06
5.650000000000000000e+03 -1.006318616238448440e-06
5.700000000000000000e+03 -2.178194592338142309e-07
5.750000000000000000e+03 -4.447146021501626173e-07
5.800000000000000000e+03 -2.234573657414284882e-06
5.850000000000000000e+03 -7.666041460111839057e-07
5.900000000000000000e+03 -1.286947402912684690e-06
5.950000000000000000e+03 9.647809867670253028e-07
6.000000000000000000e+03 9.055256215432593309e-07
6.050000000000000000e+03 -8.471513450311141613e-08
6.100000000000000000e+03 1.072987929285808060e-06
6.150000000000000000e+03 -5.953686971800548541e-07
6.200000000000000000e+03 -1.202368714403659195e-07
6.250000000000000000e+03 -1.204293169511767725e-06
6.300000000000000000e+03 -2.081718533609160427e-07
6.350000000000000000e+03 -1.007175752722844569e-06
6.400000000000000000e+03 -1.105420998645100268e-06
6.450000000000000000e+03 -1.024109762056538721e-06
6.500000000000000000e+03 -2.241553793602815560e-07
6.550000000000000000e+03 -1.582166826761047469e-06
6.600000000000000000e+03 1.226572050552462075e-06
6.650000000000000000e+03 -1.728291653444468403e-06
6.700000000000000000e+03 1.118166762935833201e-06
6.750000000000000000e+03 -1.886009067007415127e-06
6.800000000000000000e+03 1.327338214116189950e-06
6.850000000000000000e+03 -1.175166466061394535e-06
6.900000000000000000e+03 -1.543730919870245215e-06
6.950000000000000000e+03 3.097706982527338176e-07
7.000000000000000000e+03 -1.507011651199209179e-06
7.050000000000000000e+03 7.978495085701041306e-07
7.100000000000000000e+03 -8.867517210254510294e-07
7.150000000000000000e+03 1.372217296376895807e-06
7.200000000000000000e+03 -7.502417898777899886e-07
7.250000000000000000e+03 -1.384070628948156803e-06
7.300000000000000000e+03 1.121610645213298943e-06
7.350000000000000000e+03 -1.412064739385787394e-06
7.400000000000000000e+03 -6.758756716476425637e-07
7.450000000000000000e+03 5.890519282989653639e-07
7.500000000000000000e+03 2.297485832189751351e-06
7.550000000000000000e+03 1.070114901819108688e-06
7.600000000000000000e+03 -9.483940918702886087e-07
7.650000000000000000e+03 -1.097594606719960008e-06
7.700000000000000000e+03 -3.539169313424314057e-07
7.750000000000000000e+03 1.256256952369167513e-07
7.800000000000000000e+03 -2.778959524446345406e-06
7.850000000000000000e+03 1.458878366871380909e-06
7.900000000000000000e+03 -1.363953942115990985e-07
7.950000000000000000e+03 4.422927900643917437e-06
8.000000000000000000e+03 -3.496673765402811953e-06
8.050000000000000000e+03 4.172221137402738295e-06
8.100000000000000000e+03 -1.874353604378576766e-06
8.150000000000000000e+03 -8.661235009038874597e-07
8.200000000000000000e+03 -1.821804008100597234e-06
8.250000000000000000e+03 2.868452217976611765e-07
8.300000000000000000e+03 1.079231918200093672e-06
8.350000000000000000e+03 2.431684631987080307e-06
8.400000000000000000e+03 -3.320548545258680085e-06
8.450000000000000000e+03 2.637220048236539683e-06
8.500000000000000000e+03 -1.790233864088255802e-06
8.550000000000000000e+03 4.031674812526261446e-07
8.600000000000000000e+03 2.145161004226529448e-06
8.650000000000000000e+03 3.886149303530955575e-06
8.700000000000000000e+03 -3.316208383446974341e-06
8.750000000000000000e+03 -2.540101296012134677e-06
8.800000000000000000e+03 -1.631259911792948310e-06
8.850000000000000000e+03 1.444532690855549118e-06
8.900000000000000000e+03 -5.206590005852828667e-06
8.950000000000000000e+03 -3.136161443768820611e-06
9.000000000000000000e+03 -2.838629535833837347e-06
9.050000000000000000e+03 -3.719274611705486994e-06
9.100000000000000000e+03 -2.958590279574210336e-06
9.150000000000000000e+03 -2.617915338044943047e-06
9.200000000000000000e+03 -1.200400741200394671e-06
9.250000000000000000e+03 -2.031473765375160598e-06
9.300000000000000000e+03 -7.062920631233375097e-06
9.350000000000000000e+03 6.339106534519500755e-06
9.400000000000000000e+03 3.634540713613337700e-06
9.450000000000000000e+03 3.828142166682185613e-06
9.500000000000000000e+03 -2.311662893941566272e-06
9.550000000000000000e+03 -4.596700009113489604e-06
9.600000000000000000e+03 -1.377491866360523574e-08
9.650000000000000000e+03 3.012675835937568574e-06
9.700000000000000000e+03 -3.266708954816361538e-06
9.750000000000000000e+03 -1.439954796615380984e-06
9.800000000000000000e+03 -9.384579108513132483e-06
9.850000000000000000e+03 4.878637316574932527e-06
9.900000000000000000e+03 -3.947946772953856165e-07
9.950000000000000000e+03 9.085725719301372535e-08
1.000000000000000000e+04 1.109372296029449011e-05
