# time_fs msd_A2
0.000000000000000000e+00 0.000000000000000000e+00
5.000000000000000000e+01 8.399805702463042367e-03
1.000000000000000000e+02 2.987211369657654172e-02
1.500000000000000000e+02 5.623276706760350213e-02
2.000000000000000000e+02 7.840088810635456595e-02
2.500000000000000000e+02 8.952504278008753535e-02
3.000000000000000000e+02 9.085669018414570253e-02
3.500000000000000000e+02 8.751495723841140606e-02
4.000000000000000000e+02 8.256016897263615539e-02
4.500000000000000000e+02 7.797262293894519081e-02
5.000000000000000000e+02 7.503378191446986867e-02
5.500000000000000000e+02 7.282795397911683011e-02
6.000000000000000000e+02 7.015248577951718745e-02
6.500000000000000000e+02 6.796908114238621457e-02
7.000000000000000000e+02 6.719009013028369448e-02
7.500000000000000000e+02 6.899377871537398788e-02
8.000000000000000000e+02 7.282984748548668175e-02
8.500000000000000000e+02 7.606532379691183232e-02
9.000000000000000000e+02 7.714229165273374378e-02
9.500000000000000000e+02 7.673014927631001403e-02
1.000000000000000000e+03 7.613002291263995525e-02
1.050000000000000000e+03 7.590302663874862188e-02
1.100000000000000000e+03 7.559703469161406508e-02
1.150000000000000000e+03 7.479434803509767138e-02
1.200000000000000000e+03 7.376664051690522139e-02
1.250000000000000000e+03 7.283704361149452577e-02
1.300000000000000000e+03 7.161070129637880921e-02
1.350000000000000000e+03 7.086718874495107068e-02
1.400000000000000000e+03 7.163887260690569858e-02
1.450000000000000000e+03 7.210345657285845145e-02
1.500000000000000000e+03 7.060433861280873691e-02
1.550000000000000000e+03 6.939408444007648391e-02
1.600000000000000000e+03 6.907457452187786007e-02
1.650000000000000000e+03 6.799025013389331518e-02
1.700000000000000000e+03 6.591059563654497189e-02
1.750000000000000000e+03 6.342954139516698842e-02
1.800000000000000000e+03 6.209262098153195408e-02
1.850000000000000000e+03 6.315908224175434404e-02
1.900000000000000000e+03 6.639273107424650822e-02
1.950000000000000000e+03 6.906918927198774094e-02
2.000000000000000000e+03 6.979991701237112101e-02
2.050000000000000000e+03 6.928156149046568735e-02
2.100000000000000000e+03 6.736104196856952664e-02
2.150000000000000000e+03 6.506672953549022531e-02
2.200000000000000000e+03 6.430400099785726908e-02
2.250000000000000000e+03 6.595117987946329252e-02
2.300000000000000000e+03 6.768341931186815097e-02
2.350000000000000000e+03 6.747736153504105272e-02
2.400000000000000000e+03 6.567976152119141264e-02
2.450000000000000000e+03 6.268802134584468277e-02
2.500000000000000000e+03 6.035751874094475583e-02
2.550000000000000000e+03 5.988674283554205197e-02
2.600000000000000000e+03 6.113584679018680551e-02
2.650000000000000000e+03 6.434313943741451491e-02
2.700000000000000000e+03 6.899127280418460018e-02
2.750000000000000000e+03 7.363637876769502100e-02
2.800000000000000000e+03 7.701249485915019621e-02
2.850000000000000000e+03 7.962366960991928977e-02
2.900000000000000000e+03 8.114908440755022601e-02
2.950000000000000000e+03 8.042229943726778019e-02
3.000000000000000000e+03 7.807078842659792572e-02
3.050000000000000000e+03 7.478332730205691781e-02
3.100000000000000000e+03 7.097149294181744061e-02
3.150000000000000000e+03 6.756764889972055599e-02
3.200000000000000000e+03 6.523914165730432257e-02
3.250000000000000000e+03 6.440146553313480515e-02
3.300000000000000000e+03 6.426723571328393780e-02
3.350000000000000000e+03 6.443369631114971574e-02
3.400000000000000000e+03 6.532765953582289620e-02
3.450000000000000000e+03 6.625821202903162122e-02
3.500000000000000000e+03 6.734683627886732527e-02
3.550000000000000000e+03 6.869450091106150957e-02
3.600000000000000000e+03 6.883113858800632423e-02
3.650000000000000000e+03 6.747171247099968683e-02
3.700000000000000000e+03 6.586712850516072970e-02
3.750000000000000000e+03 6.425051973487805324e-02
3.800000000000000000e+03 6.252733436711541137e-02
3.850000000000000000e+03 6.180187997809876571e-02
3.900000000000000000e+03 6.241985253129726796e-02
3.950000000000000000e+03 6.364224294000658810e-02
4.000000000000000000e+03 6.477251438560492625e-02
4.050000000000000000e+03 6.654220986558674611e-02
4.100000000000000000e+03 6.943482874061615573e-02
4.150000000000000000e+03 7.211919237747435596e-02
4.200000000000000000e+03 7.320964993868679660e-02
4.250000000000000000e+03 7.319981955134946539e-02
4.300000000000000000e+03 7.297787930411457624e-02
4.350000000000000000e+03 7.333703252905349190e-02
4.400000000000000000e+03 7.448781990163866329e-02
4.450000000000000000e+03 7.533937188383307837e-02
4.500000000000000000e+03 7.478140277014518056e-02
4.550000000000000000e+03 7.330343459021548824e-02
4.600000000000000000e+03 7.155602404639964387e-02
4.650000000000000000e+03 6.979036982640685061e-02
4.700000000000000000e+03 6.837387509121592433e-02
4.750000000000000000e+03 6.823436068453249403e-02
4.800000000000000000e+03 6.933170419346840196e-02
4.850000000000000000e+03 6.981544946659354323e-02
4.900000000000000000e+03 6.950416043211651851e-02
4.950000000000000000e+03 6.954015224780540905e-02
5.000000000000000000e+03 6.987566250411859914e-02
5.050000000000000000e+03 6.975540384634471014e-02
5.100000000000000000e+03 6.960457447306504786e-02
5.150000000000000000e+03 6.969556953365758922e-02
5.200000000000000000e+03 7.028737100819826278e-02
5.250000000000000000e+03 7.025065876847404189e-02
5.300000000000000000e+03 6.762586676221010729e-02
5.350000000000000000e+03 6.375757157182662671e-02
5.400000000000000000e+03 6.094004168036859515e-02
5.450000000000000000e+03 6.081338001093236634e-02
5.500000000000000000e+03 6.222893091877424593e-02
5.550000000000000000e+03 6.311959699106360622e-02
5.600000000000000000e+03 6.316256604399692054e-02
5.650000000000000000e+03 6.252292159447833675e-02
5.700000000000000000e+03 6.242966269697883958e-02
5.750000000000000000e+03 6.376065438175404498e-02
5.800000000000000000e+03 6.669846048346778078e-02
5.850000000000000000e+03 6.879342557077858245e-02
5.900000000000000000e+03 6.871950051274157423e-02
5.950000000000000000e+03 6.795025597214060520e-02
6.000000000000000000e+03 6.786553015561236357e-02
6.050000000000000000e+03 6.845069594390401635e-02
6.100000000000000000e+03 6.912718914863243136e-02
6.150000000000000000e+03 6.981690760412426200e-02
6.200000000000000000e+03 6.965017207929753706e-02
6.250000000000000000e+03 6.915035434718599938e-02
6.300000000000000000e+03 7.030835707485902364e-02
6.350000000000000000e+03 7.299296147423844916e-02
6.400000000000000000e+03 7.588355516753227115e-02
6.450000000000000000e+03 7.699078762686159538e-02
6.500000000000000000e+03 7.593404148172214208e-02
6.550000000000000000e+03 7.328116156319046393e-02
6.600000000000000000e+03 6.986939033474018346e-02
6.650000000000000000e+03 6.674828599295980214e-02
6.700000000000000000e+03 6.405002750472227335e-02
6.750000000000000000e+03 6.286991042806649999e-02
6.800000000000000000e+03 6.367212513028290555e-02
6.850000000000000000e+03 6.486675225289631475e-02
6.900000000000000000e+03 6.585303460450993296e-02
6.950000000000000000e+03 6.618576144705665132e-02
7.000000000000000000e+03 6.536363173841013008e-02
7.050000000000000000e+03 6.419738560742067890e-02
7.100000000000000000e+03 6.379719863032928817e-02
7.150000000000000000e+03 6.293752316083844889e-02
7.200000000000000000e+03 6.132959449767885762e-02
7.250000000000000000e+03 6.034658664137734080e-02
7.300000000000000000e+03 6.082136622380741181e-02
7.350000000000000000e+03 6.160251257649670270e-02
7.400000000000000000e+03 6.231990536796754715e-02
7.450000000000000000e+03 6.322214219087940457e-02
7.500000000000000000e+03 6.326181795586341416e-02
7.550000000000000000e+03 6.310412640643753290e-02
7.600000000000000000e+03 6.357964967174357940e-02
7.650000000000000000e+03 6.506484777380110163e-02
7.700000000000000000e+03 6.841019920606043747e-02
7.750000000000000000e+03 7.233433458206507682e-02
7.800000000000000000e+03 7.479885508147345041e-02
7.850000000000000000e+03 7.562084346775704846e-02
7.900000000000000000e+03 7.592862110853434987e-02
7.950000000000000000e+03 7.715933513419787060e-02
8.000000000000000000e+03 7.887035810674197789e-02
8.050000000000000000e+03 7.862209544125803307e-02
8.100000000000000000e+03 7.623507867620805956e-02
8.150000000000000000e+03 7.329790147847621562e-02
8.200000000000000000e+03 6.982660233661239224e-02
8.250000000000000000e+03 6.663749761429539620e-02
8.300000000000000000e+03 6.540137416184896302e-02
8.350000000000000000e+03 6.542495156733295347e-02
8.400000000000000000e+03 6.466845108039970258e-02
8.450000000000000000e+03 6.315683290882009859e-02
8.500000000000000000e+03 6.327914297988947168e-02
8.550000000000000000e+03 6.459678985401280660e-02
8.600000000000000000e+03 6.571914114157831333e-02
8.650000000000000000e+03 6.730741649735823284e-02
8.700000000000000000e+03 6.897998989194377428e-02
8.750000000000000000e+03 6.994045704413570652e-02
8.800000000000000000e+03 6.936485640407263897e-02
8.850000000000000000e+03 6.791995858214866510e-02
8.900000000000000000e+03 6.710424631965802855e-02
8.950000000000000000e+03 6.563544679207954091e-02
9.000000000000000000e+03 6.291676484892574917e-02
9.050000000000000000e+03 6.077895933763281106e-02
9.100000000000000000e+03 6.072813914992856305e-02
9.150000000000000000e+03 6.194503767147053336e-02
9.200000000000000000e+03 6.348165211674711150e-02
9.250000000000000000e+03 6.551290740755226494e-02
9.300000000000000000e+03 6.784931693233005323e-02
9.350000000000000000e+03 6.976870563826230442e-02
9.400000000000000000e+03 7.081928715576550626e-02
9.450000000000000000e+03 7.092206134613496249e-02
9.500000000000000000e+03 7.025842677701513161e-02
9.550000000000000000e+03 6.958309701561217475e-02
9.600000000000000000e+03 6.939220428639678029e-02
9.650000000000000000e+03 6.900108403558237458e-02
9.700000000000000000e+03 6.850563384526950350e-02
9.750000000000000000e+03 6.866341146027403475e-02
9.800000000000000000e+03 6.902880589945672996e-02
9.850000000000000000e+03 6.941507475185162979e-02
9.900000000000000000e+03 7.081176847576074740e-02
9.950000000000000000e+03 7.315171204198427091e-02
1.000000000000000000e+04 7.477970963005207972e-02
