# k_1_per_A S_k
1.000000000000000056e-01 1.679896104172920790e+00
1.397993311036789255e-01 1.382146134748436506e+00
1.795986622073578731e-01 1.033619809167335424e+00
2.193979933110368208e-01 6.677495001344206926e-01
2.591973244147157684e-01 3.180284541985388680e-01
2.989966555183947161e-01 1.419923904651521074e-02
3.387959866220736083e-01 -2.209574637324829283e-01
3.785953177257525004e-01 -3.738420199751333328e-01
4.183946488294314481e-01 -4.410173716566727631e-01
4.581939799331103957e-01 -4.288828333695233752e-01
4.979933110367893434e-01 -3.521487364419784161e-01
5.377926421404682911e-01 -2.313765446033806406e-01
5.775919732441472387e-01 -8.996092416793866064e-02
6.173913043478260754e-01 4.901620098682313298e-02
6.571906354515050230e-01 1.656391663093672584e-01
6.969899665551839707e-01 2.453670972782586723e-01
7.367892976588629184e-01 2.803577671546738648e-01
7.765886287625418660e-01 2.698056378756411577e-01
8.163879598662208137e-01 2.193351560063295791e-01
8.561872909698997614e-01 1.396151692218247087e-01
8.959866220735787090e-01 4.445076620008758805e-02
9.357859531772575457e-01 -5.134544255318895800e-02
9.755852842809364933e-01 -1.340021989346011910e-01
1.015384615384615552e+00 -1.925021665568380502e-01
1.055183946488294389e+00 -2.197768237378365797e-01
1.094983277591973447e+00 -2.132935301508327441e-01
1.134782608695652284e+00 -1.750359850751410651e-01
1.174581939799331343e+00 -1.109566625475244539e-01
1.214381270903010179e+00 -3.003314716216820557e-02
1.254180602006689238e+00 5.691493972442018823e-02
1.293979933110368075e+00 1.384943448623285889e-01
1.333779264214047133e+00 2.039617393062806983e-01
1.373578595317725970e+00 2.443081731391854028e-01
1.413377926421404807e+00 2.531479316609965835e-01
1.453177257525083865e+00 2.273860154968890823e-01
1.492976588628762702e+00 1.676564822020367718e-01
1.532775919732441761e+00 7.852781115976859017e-02
1.572575250836120597e+00 -3.153571753171302561e-02
1.612374581939799656e+00 -1.504794205430854959e-01
1.652173913043478493e+00 -2.632612853893618876e-01
1.691973244147157551e+00 -3.527801246285973136e-01
1.731772575250836388e+00 -4.011356603315971991e-01
1.771571906354515225e+00 -3.911884924900501659e-01
1.811371237458194283e+00 -3.083343819493957749e-01
1.851170568561873120e+00 -1.423476257024944847e-01
1.890969899665552179e+00 1.109055048563716284e-01
1.930769230769231015e+00 4.481169856262244844e-01
1.970568561872910074e+00 8.577883492128468568e-01
2.010367892976588688e+00 1.320285429908597541e+00
2.050167224080267747e+00 1.808823462692041417e+00
2.089966555183946806e+00 2.291399499289432207e+00
2.129765886287625865e+00 2.733557691085307439e+00
2.169565217391304479e+00 3.101738906449222899e+00
2.209364548494983538e+00 3.366851173788990348e+00
2.249163879598662596e+00 3.507622789991225787e+00
2.288963210702341655e+00 3.513282495144886663e+00
2.328762541806020270e+00 3.385160095916067036e+00
2.368561872909699328e+00 3.136915543706532805e+00
2.408361204013378387e+00 2.793273196997959396e+00
2.448160535117057002e+00 2.387339501072707648e+00
2.487959866220736060e+00 1.956788217595690327e+00
2.527759197324415119e+00 1.539376268200890019e+00
2.567558528428094178e+00 1.168375747070462545e+00
2.607357859531772792e+00 8.685510097788494699e-01
2.647157190635451851e+00 6.532621322427558663e-01
2.686956521739130910e+00 5.231390831563977883e-01
2.726755852842809524e+00 4.665603181187414350e-01
2.766555183946488583e+00 4.619132082643063741e-01
2.806354515050167642e+00 4.813484374295998736e-01
2.846153846153846700e+00 4.955062749867010785e-01
2.885953177257525315e+00 4.785267537642651225e-01
2.925752508361204374e+00 4.125868497691006498e-01
2.965551839464883432e+00 2.912507907518302464e-01
3.005351170568562047e+00 1.210730859666896420e-01
3.045150501672241106e+00 -7.886081433022074094e-02
3.084949832775920164e+00 -2.794676634759187817e-01
3.124749163879599223e+00 -4.459666936486530453e-01
3.164548494983277838e+00 -5.433557268349260561e-01
3.204347826086956896e+00 -5.422654566433970924e-01
3.244147157190635955e+00 -4.243007161280596407e-01
3.283946488294315014e+00 -1.860156192404511799e-01
3.323745819397993628e+00 1.591614389147872899e-01
3.363545150501672687e+00 5.814573031506501399e-01
3.403344481605351746e+00 1.037790298786303245e+00
3.443143812709030360e+00 1.476990980396565956e+00
3.482943143812709419e+00 1.846543972442725501e+00
3.522742474916388478e+00 2.099931811249265756e+00
3.562541806020067536e+00 2.203532779195824798e+00
3.602341137123746151e+00 2.142046136011898749e+00
3.642140468227425210e+00 1.921591762620393995e+00
3.681939799331104268e+00 1.569936289328441870e+00
3.721739130434782883e+00 1.133693394780732167e+00
3.761538461538461942e+00 6.727766758199185126e-01
3.801337792642141000e+00 2.527871558505745408e-01
3.841137123745820059e+00 -6.366564042886491137e-02
3.880936454849498674e+00 -2.255285229575614281e-01
3.920735785953177732e+00 -2.005582601854551950e-01
3.960535117056856791e+00 1.977852326529394578e-02
4.000334448160534961e+00 4.184945644737263493e-01
4.040133779264214020e+00 9.546773587889818558e-01
4.079933110367893079e+00 1.568336534457798859e+00
4.119732441471572137e+00 2.187891740612028180e+00
4.159531772575251196e+00 2.739312246906973947e+00
4.199331103678930255e+00 3.155677288069719033e+00
4.239130434782608425e+00 3.385855532427203496e+00
4.278929765886287484e+00 3.401114806801630586e+00
4.318729096989966543e+00 3.198754829020732160e+00
4.358528428093645601e+00 2.802267079704960473e+00
4.398327759197324660e+00 2.258008929693040123e+00
4.438127090301003719e+00 1.628864874187186729e+00
4.477926421404682777e+00 9.857866463835045501e-01
4.517725752508360948e+00 3.983959721756537009e-01
4.557525083612040007e+00 -7.404307989021630121e-02
4.597324414715719065e+00 -3.900382476274537602e-01
4.637123745819398124e+00 -5.306655460191391782e-01
4.676923076923077183e+00 -5.011251090598172198e-01
4.716722408026756241e+00 -3.289005316623800912e-01
4.756521739130435300e+00 -5.885084437923415734e-02
4.796321070234113471e+00 2.540030496764797974e-01
4.836120401337792529e+00 5.529174809858459216e-01
4.875919732441471588e+00 7.878521501366125834e-01
4.915719063545150647e+00 9.226673759385937146e-01
4.955518394648829705e+00 9.400750380757998403e-01
4.995317725752508764e+00 8.436692805320320510e-01
5.035117056856187823e+00 6.567996140434750885e-01
5.074916387959865993e+00 4.185136932433423107e-01
5.114715719063545052e+00 1.772213241848388243e-01
5.154515050167224111e+00 -1.694648243266771992e-02
5.194314381270903169e+00 -1.199351968120432321e-01
5.234113712374582228e+00 -1.005698341185035094e-01
5.273913043478261287e+00 5.462210080822482716e-02
5.313712374581940345e+00 3.392456424004238746e-01
5.353511705685618516e+00 7.278076035223628448e-01
5.393311036789297575e+00 1.179261631545553080e+00
5.433110367892976633e+00 1.642767862161748083e+00
5.472909698996655692e+00 2.064793850061482861e+00
5.512709030100334751e+00 2.396506384022136782e+00
5.552508361204013809e+00 2.600385063633223304e+00
5.592307692307692868e+00 2.655127334403679207e+00
5.632107023411371038e+00 2.558186741685656074e+00
5.671906354515050097e+00 2.325647789189016379e+00
5.711705685618729156e+00 1.989535913270328304e+00
5.751505016722408214e+00 1.593030009989578000e+00
5.791304347826087273e+00 1.184333456489445879e+00
5.831103678929766332e+00 8.101269953026161152e-01
5.870903010033445391e+00 5.095519456494377319e-01
5.910702341137123561e+00 3.095558511257047174e-01
5.950501672240802620e+00 2.221971584147883760e-01
5.990301003344481678e+00 2.441905445091666627e-01
6.030100334448160737e+00 3.586305931104671885e-01
6.069899665551839796e+00 5.385119279622301303e-01
6.109698996655518854e+00 7.514163533294759834e-01
6.149498327759197913e+00 9.645969852594757921e-01
6.189297658862876084e+00 1.149672965539915825e+00
6.229096989966555142e+00 1.286253448146156275e+00
6.268896321070234201e+00 1.364014655529427467e+00
6.308695652173913260e+00 1.383022638036421448e+00
6.348494983277592318e+00 1.352382053959154229e+00
6.388294314381271377e+00 1.287551710556021245e+00
6.428093645484950436e+00 1.206860762389891484e+00
6.467892976588629494e+00 1.127857583324789026e+00
6.507692307692307665e+00 1.064114866557297256e+00
6.547491638795986724e+00 1.023005407186799776e+00
6.587290969899665782e+00 1.004775142306422619e+00
6.627090301003344841e+00 1.003007057235685062e+00
6.666889632107023900e+00 1.006331190863525737e+00
6.706688963210702958e+00 1.001031230029844732e+00
6.746488294314382017e+00 9.740591839676232544e-01
6.786287625418060188e+00 9.159165987052017011e-01
6.826086956521739246e+00 8.228991875214900498e-01
6.865886287625418305e+00 6.983219954382149375e-01
6.905685618729097364e+00 5.525216793731209108e-01
6.945484949832776422e+00 4.016397502467894398e-01
6.985284280936455481e+00 2.653909112760124422e-01
7.025083612040134540e+00 1.641816147268132520e-01
7.064882943143812710e+00 1.160409722682000933e-01
7.104682274247491769e+00 1.338459033860945890e-01
7.144481605351170828e+00 2.232647087670125430e-01
7.184280936454849886e+00 3.817205196334768624e-01
7.224080267558528945e+00 5.985107248944341318e-01
7.263879598662208004e+00 8.560388297200580698e-01
7.303678929765887062e+00 1.131950526087748043e+00
7.343478260869565233e+00 1.401841422764736445e+00
7.383277591973244292e+00 1.642137350974345322e+00
7.423076923076923350e+00 1.832746512441620457e+00
7.462876254180602409e+00 1.959142056243093233e+00
7.502675585284281468e+00 2.013640334945099752e+00
7.542474916387960526e+00 1.995773625265275797e+00
7.582274247491639585e+00 1.911793062352604045e+00
7.622073578595317755e+00 1.773455696639167911e+00
7.661872909698996814e+00 1.596331642044786836e+00
7.701672240802675873e+00 1.397903532013575090e+00
7.741471571906354932e+00 1.195719956180372856e+00
7.781270903010033990e+00 1.005814488384594529e+00
7.821070234113713049e+00 8.415259181463794480e-01
7.860869565217392108e+00 7.127702727688285389e-01
7.900668896321070278e+00 6.257379851314562869e-01
7.940468227424749337e+00 5.829336504712450129e-01
7.980267558528428395e+00 5.834490708500632561e-01
8.020066889632108342e+00 6.233637191879234374e-01
8.059866220735786513e+00 6.961947933601548844e-01
8.099665551839466460e+00 7.933610842164730004e-01
8.139464882943144630e+00 9.046678695483634236e-01
8.179264214046822801e+00 1.018851367472915825e+00
8.219063545150502748e+00 1.124231617790577786e+00
8.258862876254180918e+00 1.209508046922323610e+00
8.298662207357860865e+00 1.264694739325385342e+00
8.338461538461539035e+00 1.282140801852121870e+00
8.378260869565217206e+00 1.257527606922379526e+00
8.418060200668897153e+00 1.190693194240263209e+00
8.457859531772575323e+00 1.086117342534725028e+00
8.497658862876255270e+00 9.529171596502687969e-01
8.537458193979933441e+00 8.042544649935884360e-01
8.577257525083613388e+00 6.561374462338360747e-01
8.617056856187291558e+00 5.256979836517736704e-01
8.656856187290969729e+00 4.291256994673623426e-01
8.696655518394649675e+00 3.795213517967136463e-01
8.736454849498327846e+00 3.849784114301336713e-01
8.776254180602007793e+00 4.472003176764007826e-01
8.816053511705685963e+00 5.609074783760874539e-01
8.855852842809365910e+00 7.141870969772365907e-01
8.895652173913044081e+00 8.898037626524490928e-01
8.935451505016722251e+00 1.067339815507246659e+00
8.975250836120402198e+00 1.225895977524625868e+00
9.015050167224080369e+00 1.346978542846697380e+00
9.054849498327760315e+00 1.417149014808605889e+00
9.094648829431438486e+00 1.430026868993093281e+00
9.134448160535118433e+00 1.387317109039593044e+00
9.174247491638796603e+00 1.298671414960850923e+00
9.214046822742474774e+00 1.180365109459952766e+00
9.253846153846154721e+00 1.052955203647877536e+00
9.293645484949832891e+00 9.382481580511239372e-01
9.333444816053512838e+00 8.560226626892806223e-01
9.373244147157191009e+00 8.210024632537538114e-01
9.413043478260870955e+00 8.405471663632908541e-01
9.452842809364549126e+00 9.134274446157346627e-01
9.492642140468227296e+00 1.029889697808073823e+00
9.532441471571907243e+00 1.173018604571364865e+00
9.572240802675585414e+00 1.321204891283760396e+00
9.612040133779265361e+00 1.451352060414147660e+00
9.651839464882943531e+00 1.542337778417445460e+00
9.691638795986623478e+00 1.578202522318704837e+00
9.731438127090301649e+00 1.550577437514405910e+00
9.771237458193979819e+00 1.459979460231921156e+00
9.811036789297659766e+00 1.315776511371981483e+00
9.850836120401337936e+00 1.134831366580025813e+00
9.890635451505017883e+00 9.390369841795244144e-01
9.930434782608696054e+00 7.521262025425887732e-01
9.970234113712376001e+00 5.962478855804528299e-01
1.001003344481605417e+01 4.888327587535826746e-01
1.004983277591973234e+01 4.402209137825943142e-01
1.008963210702341229e+01 4.523981239932395315e-01
1.012943143812709046e+01 5.190103246791795133e-01
1.016923076923077041e+01 6.266238235504540954e-01
1.020903010033444858e+01 7.570055155909789502e-01
1.024882943143812852e+01 8.900433144041580702e-01
1.028862876254180669e+01 1.006836157437423163e+00
1.032842809364548486e+01 1.092468704257638201e+00
1.036822742474916481e+01 1.138049025862784447e+00
1.040802675585284298e+01 1.141716431073657834e+00
1.044782608695652293e+01 1.108498919545261030e+00
1.048762541806020110e+01 1.049086795585685961e+00
1.052742474916388105e+01 9.777601418583181658e-01
1.056722408026755922e+01 9.098358144263726244e-01
1.060702341137123739e+01 8.590647310871473152e-01
1.064682274247491733e+01 8.354035708024176721e-01
1.068662207357859550e+01 8.435096341029524325e-01
1.072642140468227545e+01 8.821777685517382395e-01
1.076622073578595362e+01 9.447767463318820225e-01
1.080602006688963357e+01 1.020576693640269150e+00
1.084581939799331174e+01 1.096716462840341189e+00
1.088561872909698991e+01 1.160462980434419755e+00
1.092541806020066986e+01 1.201378141602139848e+00
1.096521739130434803e+01 1.213036886271111614e+00
1.100501672240802797e+01 1.194026007567008163e+00
1.104481605351170614e+01 1.148080952911308295e+00
1.108461538461538609e+01 1.083364890859910279e+00
1.112441471571906426e+01 1.011035654115088445e+00
1.116421404682274243e+01 9.433586082805822670e-01
1.120401337792642238e+01 8.916893937481820132e-01
1.124381270903010055e+01 8.646605506809773578e-01
1.128361204013378050e+01 8.668605991118848442e-01
1.132341137123745867e+01 8.982027891203590020e-01
1.136321070234113861e+01 9.540603604992959896e-01
1.140301003344481678e+01 1.026116879241740998e+00
1.144280936454849495e+01 1.103765687795472461e+00
1.148260869565217490e+01 1.175810208842284821e+00
1.152240802675585307e+01 1.232179123879391103e+00
1.156220735785953302e+01 1.265381660551826881e+00
1.160200668896321119e+01 1.271484305973447526e+00
1.164180602006689114e+01 1.250479772197909956e+00
1.168160535117056931e+01 1.206025393684717617e+00
1.172140468227424748e+01 1.144632656331150411e+00
1.176120401337792742e+01 1.074474742679787820e+00
1.180100334448160559e+01 1.004031445813808210e+00
1.184080267558528554e+01 9.408034010351123966e-01
1.188060200668896371e+01 8.903003306269188233e-01
1.192040133779264366e+01 8.554477541878316993e-01
1.196020066889632183e+01 8.364755799055539898e-01
1.200000000000000000e+01 8.312653193059766910e-01
