# time_fs temperature_K pressure_eV_per_A3 kinetic_energy_eV potential_energy_eV total_energy_eV
0.000000000000000000e+00 2.959268745582477322e+02 3.958692148274251150e-03 1.908750223721109407e+01 -4.908939140194555648e+02 -4.718064117822444814e+02
5.000000000000000000e+01 2.947041015195451905e+02 3.942291669327346697e-03 1.900863247201428052e+01 -4.908357741797429412e+02 -4.718271417077286856e+02
1.000000000000000000e+02 3.080237546060242835e+02 3.655075522503448745e-03 1.986775994553815750e+01 -4.916555112858163739e+02 -4.717877513402781915e+02
1.500000000000000000e+02 3.133111700366229115e+02 3.565957355071768670e-03 2.020880215068181940e+01 -4.920483804462036801e+02 -4.718395782955218465e+02
2.000000000000000000e+02 2.961057506681043492e+02 3.910631748875897408e-03 1.909903987856985452e+01 -4.909220293455127830e+02 -4.718229894669429427e+02
2.500000000000000000e+02 3.012266865376683995e+02 3.802407340166052713e-03 1.942934402892061385e+01 -4.912585563457087687e+02 -4.718292123167881300e+02
3.000000000000000000e+02 3.104356474925895668e+02 3.609251057580521900e-03 2.002332882023719307e+01 -4.919064384058771111e+02 -4.718831095856399429e+02
3.500000000000000000e+02 3.013659179370472430e+02 3.798140335511971267e-03 1.943832455713759799e+01 -4.912737509117631021e+02 -4.718354263546254970e+02
4.000000000000000000e+02 3.041007565738063363e+02 3.720497791630112284e-03 1.961472367153190532e+01 -4.915538116728879459e+02 -4.719390880013560263e+02
4.500000000000000000e+02 3.212428439602961703e+02 3.354122266822193860e-03 2.072040098397109631e+01 -4.927631521948397335e+02 -4.720427512108686301e+02
5.000000000000000000e+02 3.195642731684772002e+02 3.395007782256736616e-03 2.061213192665080385e+01 -4.926465926434468088e+02 -4.720344607167959907e+02
5.500000000000000000e+02 3.036697987401366845e+02 3.737549942461398586e-03 1.958692657258104930e+01 -4.915778507820811001e+02 -4.719909242095000650e+02
6.000000000000000000e+02 3.014155851866500484e+02 3.805095765966866415e-03 1.944152813146427761e+01 -4.914324536712082931e+02 -4.719909255397440120e+02
6.500000000000000000e+02 2.969698786962211443e+02 3.880628724194468398e-03 1.915477677537768031e+01 -4.911208233751453349e+02 -4.719660465997676511e+02
7.000000000000000000e+02 3.124152422478417748e+02 3.541884088936973155e-03 2.015101414579626038e+01 -4.922041333312538427e+02 -4.720531191854576036e+02
7.500000000000000000e+02 3.229638829242045972e+02 3.308713378855775763e-03 2.083140926979497820e+01 -4.929653847888048404e+02 -4.721339755190098799e+02
8.000000000000000000e+02 3.126092508277798743e+02 3.531086123823135893e-03 2.016352784266524267e+01 -4.922290851107138110e+02 -4.720655572680485648e+02
8.500000000000000000e+02 3.028987751960873993e+02 3.743644250111427194e-03 1.953719498384328546e+01 -4.914514143155553825e+02 -4.719142193317121041e+02
9.000000000000000000e+02 3.042275941374555828e+02 3.734478283514771398e-03 1.962290478817949335e+01 -4.915143177936485017e+02 -4.718914130054690190e+02
9.500000000000000000e+02 3.044815327463199424e+02 3.753656526191659869e-03 1.963928401623050846e+01 -4.915410604617454169e+02 -4.719017764455148836e+02
1.000000000000000000e+03 3.043683806998246837e+02 3.753221687370663154e-03 1.963198562555934146e+01 -4.915047376880099819e+02 -4.718727520624506155e+02
1.050000000000000000e+03 3.033924832771833735e+02 3.765209085288238108e-03 1.956903952015488457e+01 -4.914148419704488902e+02 -4.718458024502940020e+02
1.100000000000000000e+03 3.058585066450935415e+02 3.728364950343378281e-03 1.972809985092837692e+01 -4.915614617981296419e+02 -4.718333619472012401e+02
1.150000000000000000e+03 3.122434231343492570e+02 3.582611634092263374e-03 2.013993168592140393e+01 -4.920189068706815760e+02 -4.718789751847601792e+02
1.200000000000000000e+03 3.137823337554418686e+02 3.527782336269286861e-03 2.023919255895573599e+01 -4.921181735489867606e+02 -4.718789809900310388e+02
1.250000000000000000e+03 3.003228425748778818e+02 3.784447310529845572e-03 1.937104542495770332e+01 -4.912852622494083334e+02 -4.719142168244506479e+02
1.300000000000000000e+03 3.009056452846706975e+02 3.784042894284676307e-03 1.940863663070280154e+01 -4.913705359854474182e+02 -4.719618993547446166e+02
1.350000000000000000e+03 3.108939289574507256e+02 3.580290504404083033e-03 2.005288831360482860e+01 -4.920749074000527798e+02 -4.720220190864479264e+02
1.400000000000000000e+03 3.021470952155871714e+02 3.760926419660168100e-03 1.948871106925836116e+01 -4.915314581590672560e+02 -4.720427470898088700e+02
1.450000000000000000e+03 2.940428228161254651e+02 3.911022236589518919e-03 1.896597950664982690e+01 -4.910336038292742273e+02 -4.720676243226243969e+02
1.500000000000000000e+03 3.243125272703583732e+02 3.303359794599714221e-03 2.091839782740009213e+01 -4.930171215608799571e+02 -4.720987237334798579e+02
1.550000000000000000e+03 3.294448992169442931e+02 3.213057977130207975e-03 2.124943961317536889e+01 -4.933709669263078013e+02 -4.721215273131324466e+02
1.600000000000000000e+03 3.055528230302386987e+02 3.721684592107410254e-03 1.970838303172724437e+01 -4.917055187220822177e+02 -4.719971356903549804e+02
1.650000000000000000e+03 2.967453053672990677e+02 3.889909755929101855e-03 1.914029162959760555e+01 -4.911954767876624146e+02 -4.720551851580648304e+02
1.700000000000000000e+03 2.957394441156111498e+02 3.901021316243411408e-03 1.907541283506237662e+01 -4.911616941237105607e+02 -4.720862812886481947e+02
1.750000000000000000e+03 3.102152463645405192e+02 3.624784277580084604e-03 2.000911278449863318e+01 -4.920767358973853334e+02 -4.720676231128866789e+02
1.800000000000000000e+03 3.233762249637740638e+02 3.333812300108632189e-03 2.085800563626060367e+01 -4.929836723320945566e+02 -4.721256666958339565e+02
1.850000000000000000e+03 3.247869858671388670e+02 3.283988260915234568e-03 2.094900075773898251e+01 -4.930228399481201791e+02 -4.720738391903811930e+02
1.900000000000000000e+03 3.009300254938976309e+02 3.762571204175737660e-03 1.941020917222630260e+01 -4.913264907039726950e+02 -4.719162815317463924e+02
1.950000000000000000e+03 2.887360377067959121e+02 4.011527475792158251e-03 1.862368794290478036e+01 -4.904777744114809366e+02 -4.718540864685761562e+02
2.000000000000000000e+03 2.977443684752118997e+02 3.859469057083239098e-03 1.920473193883233876e+01 -4.910443021788175315e+02 -4.718395702399851643e+02
2.050000000000000000e+03 2.948552345090845392e+02 3.927199051962758022e-03 1.901838066159745111e+01 -4.908807602313120242e+02 -4.718623795697145624e+02
2.100000000000000000e+03 3.045216482953926516e+02 3.716698264186075410e-03 1.964187149880982730e+01 -4.917074240328593646e+02 -4.720655525340495160e+02
2.150000000000000000e+03 3.219320314792617523e+02 3.361446312689228381e-03 2.076485408857590897e+01 -4.928117506797835290e+02 -4.720468965912075987e+02
2.200000000000000000e+03 3.309151900291017228e+02 3.166386070767320590e-03 2.134427445779128618e+01 -4.935093416638445092e+02 -4.721650672060532088e+02
2.250000000000000000e+03 3.101538485843641979e+02 3.575815694870993194e-03 2.000515258227561688e+01 -4.921329014358549330e+02 -4.721277488535793054e+02
2.300000000000000000e+03 2.935046619122554148e+02 3.922121261293773711e-03 1.893126773039789512e+01 -4.909056002099394505e+02 -4.719743324795415447e+02
2.350000000000000000e+03 3.010821726496842530e+02 3.782419278611560444e-03 1.942002277628236229e+01 -4.914337489589889287e+02 -4.720137261827065913e+02
2.400000000000000000e+03 3.029695209755637961e+02 3.754780589062701492e-03 1.954175813893369096e+01 -4.915803580618280080e+02 -4.720385999228943206e+02
2.450000000000000000e+03 3.159209848975159503e+02 3.481225460503566387e-03 2.037713713908178903e+01 -4.925463455026763313e+02 -4.721692083635945210e+02
2.500000000000000000e+03 3.166882594149156489e+02 3.440823403537063979e-03 2.042662691282837528e+01 -4.926476594323800100e+02 -4.722210325195516134e+02
2.550000000000000000e+03 3.063751596881725732e+02 3.647627852061707723e-03 1.976142435425492749e+01 -4.919285531851274982e+02 -4.721671288308725707e+02
2.600000000000000000e+03 3.106658861813650674e+02 3.572890968575068681e-03 2.003817938591716086e+01 -4.921804274141842939e+02 -4.721422480282671472e+02
2.650000000000000000e+03 3.140358772060858428e+02 3.505933322112172144e-03 2.025554629900932468e+01 -4.923915746027634555e+02 -4.721360283037541308e+02
2.700000000000000000e+03 3.093686304444623829e+02 3.622948951906861895e-03 1.995450543160892565e+01 -4.920241890891310845e+02 -4.720696836575221482e+02
2.750000000000000000e+03 2.993208154798705323e+02 3.851650771846297679e-03 1.930641393636360448e+01 -4.912952464731737336e+02 -4.719888325368101505e+02
2.800000000000000000e+03 3.072000430026163258e+02 3.693736620984512057e-03 1.981462993801066830e+01 -4.917827300925119403e+02 -4.719681001545012577e+02
2.850000000000000000e+03 3.065880637154747319e+02 3.658401362612822942e-03 1.977515682145145348e+01 -4.917391084024935139e+02 -4.719639515810420676e+02
2.900000000000000000e+03 2.956901540233697574e+02 3.856574173775191919e-03 1.907223358766440313e+01 -4.910299668240998017e+02 -4.719577332364353879e+02
2.950000000000000000e+03 3.031483891047773227e+02 3.739112197887319109e-03 1.955329526553506980e+01 -4.915276141330277824e+02 -4.719743188674926841e+02
3.000000000000000000e+03 3.091940996352454363e+02 3.623253683518725017e-03 1.994324806535463424e+01 -4.920523259572044594e+02 -4.721090778918498359e+02
3.050000000000000000e+03 3.078273140980385278e+02 3.662574842158328788e-03 1.985508938751177510e+01 -4.919081936074404098e+02 -4.720531042199286276e+02
3.100000000000000000e+03 3.099726170421368465e+02 3.608461444839461147e-03 1.999346301378718138e+01 -4.921336419056127056e+02 -4.721401788918255420e+02
3.150000000000000000e+03 3.115737912149794511e+02 3.555484213501177489e-03 2.009673993195124098e+01 -4.922783821511725364e+02 -4.721816422192213167e+02
3.200000000000000000e+03 3.141989475150137423e+02 3.500872079493310730e-03 2.026606445452031124e+01 -4.923979497286763944e+02 -4.721318852741561045e+02
3.250000000000000000e+03 3.065140638799493331e+02 3.653637648326123200e-03 1.977038377733961738e+01 -4.918898316437334870e+02 -4.721194478663938980e+02
3.300000000000000000e+03 3.034799349251234730e+02 3.724357665946456588e-03 1.957468021611464337e+01 -4.915635186641318342e+02 -4.719888384480171908e+02
3.350000000000000000e+03 3.118059916776978753e+02 3.552362995641235137e-03 2.011171703350119344e+01 -4.922788521346713537e+02 -4.721671351011701745e+02
3.400000000000000000e+03 3.060493182427540546e+02 3.683201039017381870e-03 1.974040734007638775e+01 -4.919199808251634067e+02 -4.721795734850870190e+02
3.450000000000000000e+03 3.114729831168018563e+02 3.556219371497887794e-03 2.009023773507450628e+01 -4.922138395790361756e+02 -4.721236018439616942e+02
3.500000000000000000e+03 3.183386039406134955e+02 3.385517861260459865e-03 2.053307535511145687e+01 -4.927230173698191606e+02 -4.721899420147076967e+02
3.550000000000000000e+03 3.040208172171649039e+02 3.707287910792423334e-03 1.960956752391600588e+01 -4.916378009765953720e+02 -4.720282334526793875e+02
3.600000000000000000e+03 2.972616761499672862e+02 3.876894776645517082e-03 1.917359792691894071e+01 -4.911292733122133995e+02 -4.719556753852944553e+02
3.650000000000000000e+03 3.052195788191992847e+02 3.711482234030945553e-03 1.968688853369205560e+01 -4.916550060424600588e+02 -4.719681175087679890e+02
3.700000000000000000e+03 3.052566280203355973e+02 3.703819771819501228e-03 1.968927823456201409e+01 -4.916408132274282252e+02 -4.719515349928661863e+02
3.750000000000000000e+03 3.017348934913221683e+02 3.769419604128200572e-03 1.946212375323363375e+01 -4.915110966419955503e+02 -4.720489728887619094e+02
3.800000000000000000e+03 3.096239694159276041e+02 3.630081642143013088e-03 1.997097498408321670e+01 -4.919515266787955170e+02 -4.719805516947122896e+02
3.850000000000000000e+03 3.117588811793838772e+02 3.568192861069986125e-03 2.010867837152327553e+01 -4.921700786842498587e+02 -4.720614003127265619e+02
3.900000000000000000e+03 3.083059001502060141e+02 3.629303782332330818e-03 1.988595854177524203e+01 -4.920261373239520140e+02 -4.721401787821767471e+02
3.950000000000000000e+03 3.055842598180404934e+02 3.687208834221049423e-03 1.971041072778693248e+01 -4.917925344918515407e+02 -4.720821237640645904e+02
4.000000000000000000e+03 3.139274728722339205e+02 3.525149785650954007e-03 2.024855413931443238e+01 -4.922850693767408075e+02 -4.720365152374263857e+02
4.050000000000000000e+03 3.170638702113940326e+02 3.454666463788066445e-03 2.045085408695307905e+01 -4.924479793150297837e+02 -4.719971252280766976e+02
4.100000000000000000e+03 3.046715085576947217e+02 3.674074375478383458e-03 1.965153759654505450e+01 -4.917440271656515165e+02 -4.720924895691064762e+02
4.150000000000000000e+03 2.939887578199170548e+02 3.898141692400692703e-03 1.896249227441509433e+01 -4.909720587251269990e+02 -4.720095664507119295e+02
4.200000000000000000e+03 3.030891292477359116e+02 3.725820688618262152e-03 1.954947296093518361e+01 -4.916150157383065107e+02 -4.720655427773713200e+02
4.250000000000000000e+03 3.125104934745677383e+02 3.538431064994576863e-03 2.015715792035523890e+01 -4.922289155919769428e+02 -4.720717576716216968e+02
4.300000000000000000e+03 3.170947142030491364e+02 3.431152984180995628e-03 2.045284354722295106e+01 -4.925867911779668589e+02 -4.721339476307439327e+02
4.350000000000000000e+03 3.151417687441546036e+02 3.489191876211350431e-03 2.032687712098523036e+01 -4.924214334596912295e+02 -4.720945563387060133e+02
4.400000000000000000e+03 3.032476064352372873e+02 3.746454893376512281e-03 1.955969485671769803e+01 -4.915796186294865606e+02 -4.720199237727688342e+02
4.450000000000000000e+03 2.948675533366097739e+02 3.896070990835939513e-03 1.901917523508219432e+01 -4.910411697459861671e+02 -4.720219945109039941e+02
4.500000000000000000e+03 3.069637966856948879e+02 3.644661436506542278e-03 1.979939187587284621e+01 -4.918213832836491406e+02 -4.720219914077762837e+02
4.550000000000000000e+03 3.137549161481966280e+02 3.495385272500880092e-03 2.023742410301399630e+01 -4.923361230335813161e+02 -4.720986989305673092e+02
4.600000000000000000e+03 3.096979999273044655e+02 3.582829585296937267e-03 1.997575000681015567e+01 -4.919749412072595760e+02 -4.719991912004494452e+02
4.650000000000000000e+03 3.065801295682552450e+02 3.632803140206442363e-03 1.977464506308875514e+01 -4.918132276015502953e+02 -4.720385825384615259e+02
4.700000000000000000e+03 3.095052199119000420e+02 3.580128862159396089e-03 1.996331555326208118e+01 -4.920392185488468044e+02 -4.720759029955847268e+02
4.750000000000000000e+03 3.083126320437573895e+02 3.649886895711515998e-03 1.988639275388732131e+01 -4.918233919472969546e+02 -4.719369991934096333e+02
4.800000000000000000e+03 2.958959050491493485e+02 3.892616716878084023e-03 1.908550468097331176e+01 -4.910929896206865237e+02 -4.720074849397132084e+02
4.850000000000000000e+03 3.035215298209987509e+02 3.719029786289358274e-03 1.957736311765665604e+01 -4.916325344232814700e+02 -4.720551713056248104e+02
4.900000000000000000e+03 3.186093739679213286e+02 3.411363098429757556e-03 2.055054022209835551e+01 -4.926285180903026344e+02 -4.720779778682043002e+02
4.950000000000000000e+03 3.135304132051143711e+02 3.523904916283220317e-03 2.022294349717263984e+01 -4.923714047220236125e+02 -4.721484612248509620e+02
5.000000000000000000e+03 3.008425881535092117e+02 3.778320729241408521e-03 1.940456939911420875e+01 -4.914929043254865633e+02 -4.720883349263723403e+02
5.050000000000000000e+03 3.040682169506714558e+02 3.682821862700700992e-03 1.961262484177772336e+01 -4.917299844534805402e+02 -4.721173596117027955e+02
5.100000000000000000e+03 3.063708390394426715e+02 3.647629356345582271e-03 1.976114566921687299e+01 -4.917914312603135727e+02 -4.720302855910966855e+02
5.150000000000000000e+03 3.153212675211050282e+02 3.493153063940484995e-03 2.033845492483198214e+01 -4.923977648206510480e+02 -4.720593098958190694e+02
5.200000000000000000e+03 3.129977862764629890e+02 3.545158084195106259e-03 2.018858866641450334e+01 -4.922665552948362802e+02 -4.720779666284217910e+02
5.250000000000000000e+03 2.932982999772352173e+02 3.919611822533515186e-03 1.891795723299121690e+01 -4.909814122187298153e+02 -4.720634549857385878e+02
5.300000000000000000e+03 2.994666145728898528e+02 3.802384691391167207e-03 1.931581808567699099e+01 -4.913502428576809393e+02 -4.720344247720039448e+02
5.350000000000000000e+03 3.113981284380927832e+02 3.559015565034492727e-03 2.008540955294519392e+01 -4.921592251103718922e+02 -4.720738155574267125e+02
5.400000000000000000e+03 3.246165945428597865e+02 3.296709567675617982e-03 2.093801039132419461e+01 -4.930636561600906589e+02 -4.721256457687664465e+02
5.450000000000000000e+03 3.151191587826306204e+02 3.491954069855760737e-03 2.032541876174760986e+01 -4.923971630399672108e+02 -4.720717442782196258e+02
5.500000000000000000e+03 2.986475659295734317e+02 3.811832733224876455e-03 1.926298884252350874e+01 -4.912787509176924345e+02 -4.720157620751689365e+02
5.550000000000000000e+03 3.021626691526099080e+02 3.721838594445960654e-03 1.948971559971274559e+01 -4.915573019726296593e+02 -4.720675863729169350e+02
5.600000000000000000e+03 3.028140145419008604e+02 3.716693473750622145e-03 1.953172785897053387e+01 -4.915702927928066970e+02 -4.720385649338361418e+02
5.650000000000000000e+03 3.113210836043189147e+02 3.569194913937292525e-03 2.008044010419465764e+01 -4.921957158480464045e+02 -4.721152757438517256e+02
5.700000000000000000e+03 3.146049866743651364e+02 3.484535378711223815e-03 2.029225428055109859e+01 -4.924883824858102912e+02 -4.721961282052591855e+02
5.750000000000000000e+03 3.185639598734677520e+02 3.422507667978850598e-03 2.054761097942386883e+01 -4.927147204558330600e+02 -4.721671094764091663e+02
5.800000000000000000e+03 2.996607156861903150e+02 3.824534139226951242e-03 1.932833775101626728e+01 -4.914187398522217904e+02 -4.720904021012055409e+02
5.850000000000000000e+03 2.934575309837251780e+02 3.950535591445210326e-03 1.892822775065592111e+01 -4.909274072193647953e+02 -4.719991794687088600e+02
5.900000000000000000e+03 3.081385238915243576e+02 3.618476711554751129e-03 1.987516264932103027e+01 -4.920070255069843483e+02 -4.721318628576632932e+02
5.950000000000000000e+03 3.158620894530478154e+02 3.465640390846542063e-03 2.037333833936234839e+01 -4.924637380881449644e+02 -4.720903997487826018e+02
6.000000000000000000e+03 3.116052116095359565e+02 3.562153190799120621e-03 2.009876657063448491e+01 -4.921083138782991000e+02 -4.720095473076646044e+02
6.050000000000000000e+03 3.027638476648887149e+02 3.746402154631873083e-03 1.952849205830649026e+01 -4.914779217931732092e+02 -4.719494297348667260e+02
6.100000000000000000e+03 3.034755327414846988e+02 3.745865009556054431e-03 1.957439627201467047e+01 -4.915652901719632268e+02 -4.719908938999485599e+02
6.150000000000000000e+03 2.971807675331042446e+02 3.863654094366042978e-03 1.916837926130201097e+01 -4.912380506504134132e+02 -4.720696713891114200e+02
6.200000000000000000e+03 3.042713481280079009e+02 3.699324362608557692e-03 1.962572695292475800e+01 -4.917741771599628464e+02 -4.721484502070380813e+02
6.250000000000000000e+03 3.238908309946733084e+02 3.303463463753455748e-03 2.089119810578786129e+01 -4.930375721870873349e+02 -4.721463740812994843e+02
6.300000000000000000e+03 3.228958559871464900e+02 3.307698580922417784e-03 2.082702148205104464e+01 -4.930542513087019074e+02 -4.722272298266508415e+02
6.350000000000000000e+03 3.143108373224006300e+02 3.481531157698151361e-03 2.027328142983560610e+01 -4.924611209810922787e+02 -4.721878395512566726e+02
6.400000000000000000e+03 2.977216580739236633e+02 3.830893512028699967e-03 1.920326710115565305e+01 -4.912065917146126708e+02 -4.720033246134570390e+02
6.450000000000000000e+03 2.967736434898700963e+02 3.869104067093841279e-03 1.914211945945854865e+01 -4.910708070030539716e+02 -4.719286875435954016e+02
6.500000000000000000e+03 3.020927065711553041e+02 3.742521533888458572e-03 1.948520296147389175e+01 -4.915942541996625437e+02 -4.721090512381886697e+02
6.550000000000000000e+03 3.076451997295021670e+02 3.640691597017385768e-03 1.984334287607358505e+01 -4.919275140528924339e+02 -4.720841711768188702e+02
6.600000000000000000e+03 3.130463558420597678e+02 3.528608480177192197e-03 2.019172143931109531e+01 -4.923277232939003056e+02 -4.721360018545892103e+02
6.650000000000000000e+03 3.046649869513911995e+02 3.689036559317383345e-03 1.965111694811596266e+01 -4.918327259599035983e+02 -4.721816090117876570e+02
6.700000000000000000e+03 3.087366633368800990e+02 3.620657632585928733e-03 1.991374308585094965e+01 -4.920227908602557250e+02 -4.721090477744047575e+02
6.750000000000000000e+03 3.144218803093095858e+02 3.497445463388513393e-03 2.028044378460387520e+01 -4.924309585142307810e+02 -4.721505147296269342e+02
6.800000000000000000e+03 3.023016535338912831e+02 3.733642769348910657e-03 1.949868019507977834e+01 -4.916222450920367351e+02 -4.721235648969569638e+02
6.850000000000000000e+03 3.034709891116959852e+02 3.717524913576629106e-03 1.957410320453343289e+01 -4.916790033706162149e+02 -4.721049001660827571e+02
6.900000000000000000e+03 3.066997109402406636e+02 3.664570980809003266e-03 1.978235815000831366e+01 -4.918188411908004127e+02 -4.720364830407921204e+02
6.950000000000000000e+03 3.054364419828290238e+02 3.687805216097449126e-03 1.970087636810935905e+01 -4.917808954196202080e+02 -4.720800190515108739e+02
7.000000000000000000e+03 3.105110173444969632e+02 3.542386998138403326e-03 2.002819023141874766e+01 -4.922388157180996018e+02 -4.722106254866808399e+02
7.050000000000000000e+03 3.206788723337147076e+02 3.337714319320156126e-03 2.068402439701809925e+01 -4.929298895446170832e+02 -4.722458651475989768e+02
7.100000000000000000e+03 3.056077013568400389e+02 3.681024955845046531e-03 1.971192272437375337e+01 -4.918333972802375342e+02 -4.721214745558637560e+02
7.150000000000000000e+03 2.994126627952736612e+02 3.850511956297869055e-03 1.931233815612517901e+01 -4.913218647654460938e+02 -4.720095266093209148e+02
7.200000000000000000e+03 3.091696876625713912e+02 3.629299559006349350e-03 1.994167347506530419e+01 -4.920154666132459624e+02 -4.720737931381806334e+02
7.250000000000000000e+03 3.155533247017914391e+02 3.477816333443710037e-03 2.035342278458491805e+01 -4.924127039143774027e+02 -4.720592811297925095e+02
7.300000000000000000e+03 3.043794760862115254e+02 3.701218464298873696e-03 1.963270128618596644e+01 -4.916940578852072576e+02 -4.720613565990212805e+02
7.350000000000000000e+03 3.033912895457896184e+02 3.714486478185801202e-03 1.956896252359726418e+01 -4.916365436710146923e+02 -4.720675811474173997e+02
7.400000000000000000e+03 3.097798360261336370e+02 3.565525677179443541e-03 1.998102849569974282e+01 -4.921066611293745723e+02 -4.721256326336748543e+02
7.450000000000000000e+03 3.002589160617400807e+02 3.752854552780649725e-03 1.936692211758875715e+01 -4.914842605360647099e+02 -4.721173384184759243e+02
7.500000000000000000e+03 3.078172030350265800e+02 3.637585180677720218e-03 1.985443721647070348e+01 -4.920090943998990838e+02 -4.721546571834283554e+02
7.550000000000000000e+03 3.131461249035687615e+02 3.525997974529920202e-03 2.019815661755437119e+01 -4.924813503131980497e+02 -4.722831936956436607e+02
7.600000000000000000e+03 3.105293271231927292e+02 3.571912789921745206e-03 2.002937122568410544e+01 -4.921902423310145309e+02 -4.721608711053304432e+02
7.650000000000000000e+03 3.149516753699967921e+02 3.487244615571445400e-03 2.031461595778424467e+01 -4.924029236384059800e+02 -4.720883076806217105e+02
7.700000000000000000e+03 3.062204460768912213e+02 3.659341263020974341e-03 1.975144521192164859e+01 -4.918231693429966072e+02 -4.720717241310749728e+02
7.750000000000000000e+03 2.956215872012520549e+02 3.873695420167438518e-03 1.906781097693490068e+01 -4.910918474024201146e+02 -4.720240364254852352e+02
7.800000000000000000e+03 2.974610861099214389e+02 3.858275686291092951e-03 1.918646001679309876e+01 -4.911068389510881502e+02 -4.719203789342950586e+02
7.850000000000000000e+03 3.089028599044358430e+02 3.633021640017400355e-03 1.992446288735519744e+01 -4.919049625842055207e+02 -4.719804996968503019e+02
7.900000000000000000e+03 3.245020492470114846e+02 3.310022097781572473e-03 2.093062213503949565e+01 -4.929546578218207173e+02 -4.720240356867812466e+02
7.950000000000000000e+03 3.191609553817568212e+02 3.414681597461381724e-03 2.058611763116708460e+01 -4.926847886048797704e+02 -4.720986709737126716e+02
8.000000000000000000e+03 2.928195391891922554e+02 3.955711035563455602e-03 1.888707680813456946e+01 -4.909090346173825310e+02 -4.720219578092479651e+02
8.050000000000000000e+03 2.944316068461736222e+02 3.899346367507758315e-03 1.899105636408095066e+01 -4.910088719443885452e+02 -4.720178155803075697e+02
8.100000000000000000e+03 3.123395416790662011e+02 3.523476502081547123e-03 2.014613140313215212e+01 -4.921763845694122210e+02 -4.720302531662800902e+02
8.150000000000000000e+03 3.055967363782090160e+02 3.663878529054401603e-03 1.971121547514380978e+01 -4.918036642051849867e+02 -4.720924487300411556e+02
8.200000000000000000e+03 3.052853652285161274e+02 3.684924811296632317e-03 1.969113180573987876e+01 -4.918105318706211619e+02 -4.721194000648812903e+02
8.250000000000000000e+03 3.186953050016559246e+02 3.395613762138361986e-03 2.055608283731741182e+01 -4.927584104869586668e+02 -4.722023276496412336e+02
8.300000000000000000e+03 3.153208209561921649e+02 3.460494261878402800e-03 2.033842612106488446e+01 -4.924951461263245278e+02 -4.721567200052596718e+02
8.350000000000000000e+03 2.997853463747174487e+02 3.775830042278358317e-03 1.933637652258656914e+01 -4.914682197446550163e+02 -4.721318432220684258e+02
8.400000000000000000e+03 2.980587070782434012e+02 3.799887077827504480e-03 1.922500701117094479e+01 -4.913112402203090028e+02 -4.720862332091380722e+02
8.450000000000000000e+03 3.169147952315219641e+02 3.418244766683074636e-03 2.044123864051528017e+01 -4.925482069679789561e+02 -4.721069683274636759e+02
8.500000000000000000e+03 3.083259976165035141e+02 3.621125746532043426e-03 1.988725484321284753e+01 -4.919714161816074807e+02 -4.720841613383946083e+02
8.550000000000000000e+03 2.977697734993172958e+02 3.856967564947361669e-03 1.920637058167331901e+01 -4.913236999333090580e+02 -4.721173293516357603e+02
8.600000000000000000e+03 3.138442131529365611e+02 3.533528014915149167e-03 2.024318382585192566e+01 -4.923646585942180423e+02 -4.721214747683661130e+02
8.650000000000000000e+03 3.139288977454977498e+02 3.493876903362024867e-03 2.024864604469359719e+01 -4.924779249161840085e+02 -4.722292788714904077e+02
8.700000000000000000e+03 3.082760195694283993e+02 3.600023868962086687e-03 1.988403122221938091e+01 -4.920925746776377991e+02 -4.722085434554184076e+02
8.750000000000000000e+03 3.005103184539213999e+02 3.754622158399599421e-03 1.938313775778826553e+01 -4.914838733756171223e+02 -4.721007356178288319e+02
8.800000000000000000e+03 3.046767276230571611e+02 3.672900793751079831e-03 1.965187423012025647e+01 -4.917111425273662348e+02 -4.720592682972459784e+02
8.850000000000000000e+03 3.163747612228207799e+02 3.469011042903764018e-03 2.040640604761663823e+01 -4.924532325315886965e+02 -4.720468264839720405e+02
8.900000000000000000e+03 3.016298529976942291e+02 3.745875504409189836e-03 1.945534856372063715e+01 -4.915892484617390323e+02 -4.721338998980183987e+02
8.950000000000000000e+03 2.965236054645812942e+02 3.824140860509117265e-03 1.912599182193251579e+01 -4.912598941531734908e+02 -4.721339023312409608e+02
9.000000000000000000e+03 3.111440576858832401e+02 3.526684907902470200e-03 2.006902180155070425e+01 -4.922713426884041041e+02 -4.722023208868533857e+02
9.050000000000000000e+03 3.217164944436719338e+02 3.331882684905924062e-03 2.075095179039781002e+01 -4.930051024266960553e+02 -4.722541506362982204e+02
9.100000000000000000e+03 3.105289183336264500e+02 3.559679061371270967e-03 2.002934485845479529e+01 -4.922710604854227086e+02 -4.722417156269679026e+02
9.150000000000000000e+03 3.040078884567830073e+02 3.683050870210146776e-03 1.960873360931097764e+01 -4.917364200033857173e+02 -4.721276863940747148e+02
9.200000000000000000e+03 3.096143451657389960e+02 3.570805490967821766e-03 1.997035421282923551e+01 -4.920441352594125419e+02 -4.720737810465832922e+02
9.250000000000000000e+03 3.084901074354590378e+02 3.626904417294978759e-03 1.989784004788930005e+01 -4.918886959293717496e+02 -4.719908558814824460e+02
9.300000000000000000e+03 3.013725385916716277e+02 3.782010525752881915e-03 1.943875159425662602e+01 -4.913653374452681533e+02 -4.719265858510115095e+02
9.350000000000000000e+03 2.990482978144386266e+02 3.797516246795115940e-03 1.928883634542538061e+01 -4.913501821546141173e+02 -4.720613458091887651e+02
9.400000000000000000e+03 3.008731258446796346e+02 3.763670412881436281e-03 1.940653910277632122e+01 -4.914741029070265199e+02 -4.720675638042501987e+02
9.450000000000000000e+03 3.049280548044025636e+02 3.691891586218453217e-03 1.966808501916523255e+01 -4.918310119262923763e+02 -4.721629269071271437e+02
9.500000000000000000e+03 3.148033862490718775e+02 3.510069327787261953e-03 2.030505119982965212e+01 -4.924285841139632680e+02 -4.721235329141335910e+02
9.550000000000000000e+03 3.200246780704555931e+02 3.395099988726218033e-03 2.064182838328271430e+01 -4.928088982730225780e+02 -4.721670698897398779e+02
9.600000000000000000e+03 3.074353788704471526e+02 3.636218452602016284e-03 1.982980927550890371e+01 -4.919865103283929670e+02 -4.721567010528840456e+02
9.650000000000000000e+03 3.017449331757223945e+02 3.737842948254494358e-03 1.946277132030146362e+01 -4.915759337015467167e+02 -4.721131623812452744e+02
9.700000000000000000e+03 3.043703169419985670e+02 3.688771577372695204e-03 1.963211051461134460e+01 -4.916872282925646118e+02 -4.720551177779532850e+02
9.750000000000000000e+03 3.022238145786897690e+02 3.754667144662720765e-03 1.949365952490992981e+01 -4.915176792940388282e+02 -4.720240197691289268e+02
9.800000000000000000e+03 3.071165046192201658e+02 3.644547026524726143e-03 1.980924165050772601e+01 -4.920156991122106547e+02 -4.722064574617029393e+02
9.850000000000000000e+03 3.212026899371799118e+02 3.358466489904643817e-03 2.071781101978751494e+01 -4.928641453154669421e+02 -4.721463342956794236e+02
9.900000000000000000e+03 3.209299984907560770e+02 3.352283015673192083e-03 2.070022221984681110e+01 -4.928942334816775315e+02 -4.721940112618307239e+02
9.950000000000000000e+03 3.055968036013568394e+02 3.685236764412682612e-03 1.971121981108655419e+01 -4.918015697060795333e+02 -4.720903498949929826e+02
1.000000000000000000e+04 2.936128686760147843e+02 3.918100340508348829e-03 1.893824714667572096e+01 -4.909995690907073822e+02 -4.720613219440316470e+02
