# time_fs vacf
0.000000000000000000e+00 3.693953329019390827e-06
5.000000000000000000e+01 2.796403031664874816e-06
1.000000000000000000e+02 7.171001584125954923e-07
1.500000000000000000e+02 -1.261465798919703010e-06
2.000000000000000000e+02 -2.179364919206281062e-06
2.500000000000000000e+02 -1.900353434613614499e-06
3.000000000000000000e+02 -9.665707240037501173e-07
3.500000000000000000e+02 -1.032158854521023357e-07
4.000000000000000000e+02 2.628330211863114929e-07
4.500000000000000000e+02 1.895062685151356029e-07
5.000000000000000000e+02 2.876758481465802087e-08
5.500000000000000000e+02 6.147190080903130777e-08
6.000000000000000000e+02 2.749604623334756042e-07
6.500000000000000000e+02 4.337777081651828144e-07
7.000000000000000000e+02 3.333108377484489831e-07
7.500000000000000000e+02 -2.275564196495910768e-09
8.000000000000000000e+02 -3.387065050831040646e-07
8.500000000000000000e+02 -4.321761075640942000e-07
9.000000000000000000e+02 -2.289368858651833680e-07
9.500000000000000000e+02 9.951933943131313877e-08
1.000000000000000000e+03 3.010778965446848389e-07
1.050000000000000000e+03 2.413175965249158011e-07
1.100000000000000000e+03 -3.396415442583060987e-09
1.150000000000000000e+03 -2.240079956989560618e-07
1.200000000000000000e+03 -2.525467535919137130e-07
1.250000000000000000e+03 -8.565410544036204414e-08
1.300000000000000000e+03 1.321650019984007752e-07
1.350000000000000000e+03 2.350498746417721645e-07
1.400000000000000000e+03 1.620644859583221183e-07
1.450000000000000000e+03 -1.232476069780309697e-08
1.500000000000000000e+03 -1.537823136845092060e-07
1.550000000000000000e+03 -1.751188348863915521e-07
1.600000000000000000e+03 -8.815909801661169282e-08
1.650000000000000000e+03 2.815675553155362677e-08
1.700000000000000000e+03 1.016759245919793151e-07
1.750000000000000000e+03 1.166565610193104646e-07
1.800000000000000000e+03 1.061818930391544816e-07
1.850000000000000000e+03 1.071068145610140559e-07
1.900000000000000000e+03 1.223819402926759405e-07
1.950000000000000000e+03 1.217624285636433239e-07
2.000000000000000000e+03 7.528858701033531479e-08
2.050000000000000000e+03 -1.467562700536892536e-08
2.100000000000000000e+03 -1.115390355391293886e-07
2.150000000000000000e+03 -1.719987889193699604e-07
2.200000000000000000e+03 -1.786840301873938272e-07
2.250000000000000000e+03 -1.484942546792190190e-07
2.300000000000000000e+03 -1.102057942824156952e-07
2.350000000000000000e+03 -7.489892898638989618e-08
2.400000000000000000e+03 -2.692227137920906507e-08
2.450000000000000000e+03 5.523297385626521296e-08
2.500000000000000000e+03 1.664212256036810439e-07
2.550000000000000000e+03 2.615837316817073347e-07
2.600000000000000000e+03 2.780462451941875069e-07
2.650000000000000000e+03 1.799691231136246900e-07
2.700000000000000000e+03 -9.239136723275490753e-09
2.750000000000000000e+03 -2.127898326855997314e-07
2.800000000000000000e+03 -3.409110749761547870e-07
2.850000000000000000e+03 -3.398913900477801438e-07
2.900000000000000000e+03 -2.212319671112878917e-07
2.950000000000000000e+03 -5.188561149925087126e-08
3.000000000000000000e+03 8.759290046430116642e-08
3.050000000000000000e+03 1.485749941811392895e-07
3.100000000000000000e+03 1.363791904334175551e-07
3.150000000000000000e+03 9.674762779545530856e-08
3.200000000000000000e+03 7.629843027498635859e-08
3.250000000000000000e+03 8.560448530582425244e-08
3.300000000000000000e+03 9.468307971437153073e-08
3.350000000000000000e+03 6.287764162085259511e-08
3.400000000000000000e+03 -1.895516049006076638e-08
3.450000000000000000e+03 -1.098574686063087836e-07
3.500000000000000000e+03 -1.449513618010503059e-07
3.550000000000000000e+03 -8.918497600835578796e-08
3.600000000000000000e+03 2.876241052902553929e-08
3.650000000000000000e+03 1.355447473623071688e-07
3.700000000000000000e+03 1.667649979565346540e-07
3.750000000000000000e+03 1.112464134108257942e-07
3.800000000000000000e+03 1.469634233587447704e-08
3.850000000000000000e+03 -5.629806280140555764e-08
3.900000000000000000e+03 -6.412863421839406548e-08
3.950000000000000000e+03 -2.654816846397045403e-08
4.000000000000000000e+03 2.543349289183790958e-09
4.050000000000000000e+03 -1.628367202517544387e-08
4.100000000000000000e+03 -7.126711392946321430e-08
4.150000000000000000e+03 -1.108079457636620430e-07
4.200000000000000000e+03 -9.054844613799886036e-08
4.250000000000000000e+03 -1.438279014824604185e-08
4.300000000000000000e+03 6.503474742151224323e-08
4.350000000000000000e+03 8.779650471302094241e-08
4.400000000000000000e+03 3.679970087470087709e-08
4.450000000000000000e+03 -4.634426296635378907e-08
4.500000000000000000e+03 -9.185514895207324347e-08
4.550000000000000000e+03 -5.799276335343470377e-08
4.600000000000000000e+03 3.133093440943847163e-08
4.650000000000000000e+03 1.031423612618664798e-07
4.700000000000000000e+03 9.415840971561989143e-08
4.750000000000000000e+03 4.153644708729300272e-09
4.800000000000000000e+03 -1.014629200714344849e-07
4.850000000000000000e+03 -1.413009317619571073e-07
4.900000000000000000e+03 -8.002933005918219281e-08
4.950000000000000000e+03 4.257799915284990991e-08
5.000000000000000000e+03 1.393435603282578503e-07
5.050000000000000000e+03 1.412586647760511164e-07
5.100000000000000000e+03 4.982614022067268675e-08
5.150000000000000000e+03 -6.666176137658376591e-08
5.200000000000000000e+03 -1.274668739563409626e-07
5.250000000000000000e+03 -9.771117799714983117e-08
5.300000000000000000e+03 -5.934719449163099794e-09
5.350000000000000000e+03 8.464639694423117859e-08
5.400000000000000000e+03 1.222678900081062556e-07
5.450000000000000000e+03 9.859657648716881905e-08
5.500000000000000000e+03 4.721612633219771712e-08
5.550000000000000000e+03 1.151987569280375863e-08
5.600000000000000000e+03 8.196635702365015469e-09
5.650000000000000000e+03 1.632371868888238068e-08
5.700000000000000000e+03 1.498723571389466923e-09
5.750000000000000000e+03 -4.726640414557291296e-08
5.800000000000000000e+03 -1.023841330303883706e-07
5.850000000000000000e+03 -1.191877646135322209e-07
5.900000000000000000e+03 -7.388930724742287274e-08
5.950000000000000000e+03 1.380596059740667995e-08
6.000000000000000000e+03 9.024082616688598946e-08
6.050000000000000000e+03 1.056940562040875442e-07
6.100000000000000000e+03 5.378696123358540364e-08
6.150000000000000000e+03 -2.450234766838642419e-08
6.200000000000000000e+03 -7.547043598425013058e-08
6.250000000000000000e+03 -7.191275708835396249e-08
6.300000000000000000e+03 -2.801059401608601075e-08
6.350000000000000000e+03 1.725339223826058575e-08
6.400000000000000000e+03 3.087048380432818932e-08
6.450000000000000000e+03 7.470717239872388918e-09
6.500000000000000000e+03 -3.011443009081140709e-08
6.550000000000000000e+03 -5.047277983574163121e-08
6.600000000000000000e+03 -3.669652961932867304e-08
6.650000000000000000e+03 1.685601252488391344e-09
6.700000000000000000e+03 3.526262342405620412e-08
6.750000000000000000e+03 3.615533697664384077e-08
6.800000000000000000e+03 -2.413290565262877256e-10
6.850000000000000000e+03 -5.002244571491793201e-08
6.900000000000000000e+03 -7.865051249908247713e-08
6.950000000000000000e+03 -6.455234596109563682e-08
7.000000000000000000e+03 -1.250721873561458486e-08
7.050000000000000000e+03 5.218473347750518043e-08
7.100000000000000000e+03 1.030272596839261784e-07
7.150000000000000000e+03 1.250607790408733396e-07
7.200000000000000000e+03 1.161982091147561260e-07
7.250000000000000000e+03 8.128463028486993607e-08
7.300000000000000000e+03 2.799301697438762955e-08
7.350000000000000000e+03 -2.989623305540614891e-08
7.400000000000000000e+03 -7.286322932778785949e-08
7.450000000000000000e+03 -8.235230779484148731e-08
7.500000000000000000e+03 -4.991437044035209880e-08
7.550000000000000000e+03 1.584710959139884505e-08
7.600000000000000000e+03 8.927706951957655926e-08
7.650000000000000000e+03 1.374005564027201519e-07
7.700000000000000000e+03 1.341461475893183220e-07
7.750000000000000000e+03 7.325975222114859882e-08
7.800000000000000000e+03 -2.932327606965075417e-08
7.850000000000000000e+03 -1.413195528683946023e-07
7.900000000000000000e+03 -2.241505975229179080e-07
7.950000000000000000e+03 -2.473331307183404824e-07
8.000000000000000000e+03 -2.028631529107202993e-07
8.050000000000000000e+03 -1.075755337798126607e-07
8.100000000000000000e+03 4.927567050193203402e-09
8.150000000000000000e+03 9.544902634505827169e-08
8.200000000000000000e+03 1.372143989010430914e-07
8.250000000000000000e+03 1.305491850921855033e-07
8.300000000000000000e+03 9.562317281321805256e-08
8.350000000000000000e+03 5.514156387269200519e-08
8.400000000000000000e+03 2.483939222808941998e-08
8.450000000000000000e+03 1.141693200159446219e-08
8.500000000000000000e+03 1.098995175489563022e-08
8.550000000000000000e+03 7.949047167902089201e-09
8.600000000000000000e+03 -1.464880898855160824e-08
8.650000000000000000e+03 -5.830126642454881405e-08
8.700000000000000000e+03 -1.016393429586898735e-07
8.750000000000000000e+03 -1.138362375157363789e-07
8.800000000000000000e+03 -7.991010369222680562e-08
8.850000000000000000e+03 -1.274557186771109707e-08
8.900000000000000000e+03 5.744054864894551730e-08
8.950000000000000000e+03 1.041105613254053958e-07
9.000000000000000000e+03 1.138797750491768162e-07
9.050000000000000000e+03 9.346821533766453535e-08
9.100000000000000000e+03 6.736748106329392301e-08
9.150000000000000000e+03 6.056599807320539871e-08
9.200000000000000000e+03 7.346268360440731013e-08
9.250000000000000000e+03 7.771219440831484308e-08
9.300000000000000000e+03 4.262053180975180555e-08
9.350000000000000000e+03 -3.157445993581414258e-08
9.400000000000000000e+03 -1.063077439625740205e-07
9.450000000000000000e+03 -1.377003592438235963e-07
9.500000000000000000e+03 -1.099100742865829965e-07
9.550000000000000000e+03 -4.207598186037602858e-08
9.600000000000000000e+03 2.127874795248246469e-08
9.650000000000000000e+03 4.808982222895511528e-08
9.700000000000000000e+03 3.785613662163621802e-08
9.750000000000000000e+03 6.699591527900598662e-09
9.800000000000000000e+03 -3.055011586216802894e-08
9.850000000000000000e+03 -5.981942072049428767e-08
9.900000000000000000e+03 -6.869002645791079240e-08
9.950000000000000000e+03 -6.863036112388997607e-08
1.000000000000000000e+04 -4.906640841178809325e-08
