# time_fs msd_A2
0.000000000000000000e+00 0.000000000000000000e+00
5.000000000000000000e+01 4.164150094994698570e-01
1.000000000000000000e+02 8.187771793131289888e-01
1.500000000000000000e+02 1.188265132017679804e+00
2.000000000000000000e+02 1.556500274096007663e+00
2.500000000000000000e+02 1.975807896352284265e+00
3.000000000000000000e+02 2.308937728911015785e+00
3.500000000000000000e+02 2.656554323245030158e+00
4.000000000000000000e+02 3.023294635056357205e+00
4.500000000000000000e+02 3.415346524588057875e+00
5.000000000000000000e+02 3.767700234323181796e+00
5.500000000000000000e+02 4.185831896037172761e+00
6.000000000000000000e+02 4.506495773714877195e+00
6.500000000000000000e+02 5.080839386652622025e+00
7.000000000000000000e+02 5.572483706488760014e+00
7.500000000000000000e+02 5.982628252277566894e+00
8.000000000000000000e+02 6.279601136868103950e+00
8.500000000000000000e+02 6.706595191239586917e+00
9.000000000000000000e+02 7.028682342161888030e+00
9.500000000000000000e+02 7.484015599787456452e+00
1.000000000000000000e+03 7.847779700340279163e+00
1.050000000000000000e+03 8.224952466784742455e+00
1.100000000000000000e+03 8.405712550461492683e+00
1.150000000000000000e+03 8.876061902866760889e+00
1.200000000000000000e+03 9.285525437626684919e+00
1.250000000000000000e+03 9.506933246336144450e+00
1.300000000000000000e+03 9.978500881735868688e+00
1.350000000000000000e+03 1.049436449701332741e+01
1.400000000000000000e+03 1.105678206768165950e+01
1.450000000000000000e+03 1.124017734970123250e+01
1.500000000000000000e+03 1.154156413392242975e+01
1.550000000000000000e+03 1.201193034243717683e+01
1.600000000000000000e+03 1.257076011271488092e+01
1.650000000000000000e+03 1.307110390188320181e+01
1.700000000000000000e+03 1.375961453182611116e+01
1.750000000000000000e+03 1.435552901315813834e+01
1.800000000000000000e+03 1.486667055726228526e+01
1.850000000000000000e+03 1.535316517709478390e+01
1.900000000000000000e+03 1.595743719621546575e+01
1.950000000000000000e+03 1.612514003769549475e+01
2.000000000000000000e+03 1.665199834239515653e+01
2.050000000000000000e+03 1.708142525321363081e+01
2.100000000000000000e+03 1.739760753940957372e+01
2.150000000000000000e+03 1.802297716403765548e+01
2.200000000000000000e+03 1.831187432547615757e+01
2.250000000000000000e+03 1.883300497905714366e+01
2.300000000000000000e+03 1.917246841100544685e+01
2.350000000000000000e+03 1.968242407419463191e+01
2.400000000000000000e+03 2.028151794635581595e+01
2.450000000000000000e+03 2.088081006072127010e+01
2.500000000000000000e+03 2.130665872828126695e+01
2.550000000000000000e+03 2.156068803412987478e+01
2.600000000000000000e+03 2.216330879101302287e+01
2.650000000000000000e+03 2.274671180399704795e+01
2.700000000000000000e+03 2.320655026198514292e+01
2.750000000000000000e+03 2.377915884321543771e+01
2.800000000000000000e+03 2.408508841884122376e+01
2.850000000000000000e+03 2.460651843079478951e+01
2.900000000000000000e+03 2.520548407801408075e+01
2.950000000000000000e+03 2.587962284699008109e+01
3.000000000000000000e+03 2.656353689713438371e+01
3.050000000000000000e+03 2.683222228349606553e+01
3.100000000000000000e+03 2.716046951911770080e+01
3.150000000000000000e+03 2.754043414794652023e+01
3.200000000000000000e+03 2.775494081011907355e+01
3.250000000000000000e+03 2.808335272209220435e+01
3.300000000000000000e+03 2.875340038093803585e+01
3.350000000000000000e+03 2.918371170929006198e+01
3.400000000000000000e+03 2.972861797168177134e+01
3.450000000000000000e+03 3.026645932235272696e+01
3.500000000000000000e+03 3.053792345165411959e+01
3.550000000000000000e+03 3.060161034345138731e+01
3.600000000000000000e+03 3.076567181113876615e+01
3.650000000000000000e+03 3.104529046348297072e+01
3.700000000000000000e+03 3.164537564543357462e+01
3.750000000000000000e+03 3.155749535610900125e+01
3.800000000000000000e+03 3.182982567409596086e+01
3.850000000000000000e+03 3.267614256659830829e+01
3.900000000000000000e+03 3.310801020320056409e+01
3.950000000000000000e+03 3.302067020400645703e+01
4.000000000000000000e+03 3.297022386593673104e+01
4.050000000000000000e+03 3.327160218230401512e+01
4.100000000000000000e+03 3.378378366824767198e+01
4.150000000000000000e+03 3.441404826662196115e+01
4.200000000000000000e+03 3.481904628476566188e+01
4.250000000000000000e+03 3.523586268878641192e+01
4.300000000000000000e+03 3.528915461412417898e+01
4.350000000000000000e+03 3.595741817389612294e+01
4.400000000000000000e+03 3.624301142346224225e+01
4.450000000000000000e+03 3.630101493520378142e+01
4.500000000000000000e+03 3.659058257839291883e+01
4.550000000000000000e+03 3.686678628563832660e+01
4.600000000000000000e+03 3.727764861895366977e+01
4.650000000000000000e+03 3.768809409990306847e+01
4.700000000000000000e+03 3.786663857945895018e+01
4.750000000000000000e+03 3.848741647620101247e+01
4.800000000000000000e+03 3.867018505274445062e+01
4.850000000000000000e+03 3.879124154017324599e+01
4.900000000000000000e+03 3.926082479644247769e+01
4.950000000000000000e+03 3.954946979616426717e+01
5.000000000000000000e+03 3.973809761477724578e+01
5.050000000000000000e+03 3.983666894259110336e+01
5.100000000000000000e+03 4.046196530940834890e+01
5.150000000000000000e+03 4.096236916299776709e+01
5.200000000000000000e+03 4.147627416853317328e+01
5.250000000000000000e+03 4.189209869920177454e+01
5.300000000000000000e+03 4.235519256267530608e+01
5.350000000000000000e+03 4.267209055128888906e+01
5.400000000000000000e+03 4.267230201182466232e+01
5.450000000000000000e+03 4.276103655584545038e+01
5.500000000000000000e+03 4.292023975867334684e+01
5.550000000000000000e+03 4.290035288025242011e+01
5.600000000000000000e+03 4.315216351943711715e+01
5.650000000000000000e+03 4.348390103758071490e+01
5.700000000000000000e+03 4.400704478091282112e+01
5.750000000000000000e+03 4.433917864358841854e+01
5.800000000000000000e+03 4.470888768296392612e+01
5.850000000000000000e+03 4.488213283889395910e+01
5.900000000000000000e+03 4.519629708983673311e+01
5.950000000000000000e+03 4.545773155749405703e+01
6.000000000000000000e+03 4.581834141327638577e+01
6.050000000000000000e+03 4.603911731985599687e+01
6.100000000000000000e+03 4.639535379703434614e+01
6.150000000000000000e+03 4.690731303021325260e+01
6.200000000000000000e+03 4.738824640097629981e+01
6.250000000000000000e+03 4.780191772805566330e+01
6.300000000000000000e+03 4.845839052722100604e+01
6.350000000000000000e+03 4.865661693149874623e+01
6.400000000000000000e+03 4.882710762274637517e+01
6.450000000000000000e+03 4.874022778637075248e+01
6.500000000000000000e+03 4.916885771688919249e+01
6.550000000000000000e+03 4.908275601083207818e+01
6.600000000000000000e+03 4.909874376062973056e+01
6.650000000000000000e+03 4.962122810119876704e+01
6.700000000000000000e+03 5.007196992655043033e+01
6.750000000000000000e+03 5.053451837939350355e+01
6.800000000000000000e+03 5.075983825385500836e+01
6.850000000000000000e+03 5.148759354340621286e+01
6.900000000000000000e+03 5.155127695645474972e+01
6.950000000000000000e+03 5.181219027710967850e+01
7.000000000000000000e+03 5.160317463501654345e+01
7.050000000000000000e+03 5.189829152029141568e+01
7.100000000000000000e+03 5.266829996690693605e+01
7.150000000000000000e+03 5.303752294405468604e+01
7.200000000000000000e+03 5.328072724219955347e+01
7.250000000000000000e+03 5.373687121706032599e+01
7.300000000000000000e+03 5.389443216966181183e+01
7.350000000000000000e+03 5.404952466760327212e+01
7.400000000000000000e+03 5.408933479884905893e+01
7.450000000000000000e+03 5.410890347557033664e+01
7.500000000000000000e+03 5.418206231872217415e+01
7.550000000000000000e+03 5.443566591676089672e+01
7.600000000000000000e+03 5.432188461513147359e+01
7.650000000000000000e+03 5.461864893770635376e+01
7.700000000000000000e+03 5.419414489876218255e+01
7.750000000000000000e+03 5.447924699317167807e+01
7.800000000000000000e+03 5.478111032417486115e+01
7.850000000000000000e+03 5.497046697848574581e+01
7.900000000000000000e+03 5.545603055387994118e+01
7.950000000000000000e+03 5.538588938509235504e+01
8.000000000000000000e+03 5.563581508558248601e+01
8.050000000000000000e+03 5.585010744024719287e+01
8.100000000000000000e+03 5.602673635123912277e+01
8.150000000000000000e+03 5.614325931917124990e+01
8.200000000000000000e+03 5.630243276590382351e+01
8.250000000000000000e+03 5.664772895817061737e+01
8.300000000000000000e+03 5.693979282086431226e+01
8.350000000000000000e+03 5.758803532850064499e+01
8.400000000000000000e+03 5.752140948272069920e+01
8.450000000000000000e+03 5.736422720625027694e+01
8.500000000000000000e+03 5.738334342234255558e+01
8.550000000000000000e+03 5.773823109258268715e+01
8.600000000000000000e+03 5.798601141132953529e+01
8.650000000000000000e+03 5.804931634329003742e+01
8.700000000000000000e+03 5.807089184205708676e+01
8.750000000000000000e+03 5.821192532713882883e+01
8.800000000000000000e+03 5.796185387331907890e+01
8.850000000000000000e+03 5.815826514988344798e+01
8.900000000000000000e+03 5.802122062655928403e+01
8.950000000000000000e+03 5.836478590055595816e+01
9.000000000000000000e+03 5.873811334938775985e+01
9.050000000000000000e+03 5.894048642965204010e+01
9.100000000000000000e+03 5.928618050721269128e+01
9.150000000000000000e+03 5.913059940127779157e+01
9.200000000000000000e+03 5.897619923017725796e+01
9.250000000000000000e+03 5.873352183751165967e+01
9.300000000000000000e+03 5.900606348947626145e+01
9.350000000000000000e+03 5.903186441184263344e+01
9.400000000000000000e+03 5.927828826383930760e+01
9.450000000000000000e+03 5.913481140321283647e+01
9.500000000000000000e+03 5.925924800871167264e+01
9.550000000000000000e+03 5.928122689910004794e+01
9.600000000000000000e+03 5.941422831877532929e+01
9.650000000000000000e+03 5.950802355678338529e+01
9.700000000000000000e+03 5.951327074448358445e+01
9.750000000000000000e+03 5.974885144137666515e+01
9.800000000000000000e+03 5.989347329119463836e+01
9.850000000000000000e+03 5.937207048575299240e+01
9.900000000000000000e+03 5.993983442129429307e+01
9.950000000000000000e+03 6.036738114083984641e+01
1.000000000000000000e+04 6.050760691059987550e+01
