# time_fs msd_A2
0.000000000000000000e+00 0.000000000000000000e+00
5.000000000000000000e+01 8.413440042266536953e-03
1.000000000000000000e+02 2.430127118876603681e-02
1.500000000000000000e+02 3.359833879571254983e-02
2.000000000000000000e+02 3.300858236290081515e-02
2.500000000000000000e+02 3.046561780947111206e-02
3.000000000000000000e+02 2.871539830766120516e-02
3.500000000000000000e+02 2.546251570962936722e-02
4.000000000000000000e+02 2.210606736079237175e-02
4.500000000000000000e+02 2.126922587061955833e-02
5.000000000000000000e+02 2.096028859401624644e-02
5.500000000000000000e+02 1.962123956350179943e-02
6.000000000000000000e+02 1.814964320939625383e-02
6.500000000000000000e+02 1.882166286279175413e-02
7.000000000000000000e+02 2.121409246541955396e-02
7.500000000000000000e+02 2.282747642730412196e-02
8.000000000000000000e+02 2.373981689698002537e-02
8.500000000000000000e+02 2.508022725799369246e-02
9.000000000000000000e+02 2.521382038189894439e-02
9.500000000000000000e+02 2.292582833002803841e-02
1.000000000000000000e+03 2.049249313869569086e-02
1.050000000000000000e+03 1.973382411287303781e-02
1.100000000000000000e+03 1.983871053266103232e-02
1.150000000000000000e+03 2.089785349416577176e-02
1.200000000000000000e+03 2.313953903929670541e-02
1.250000000000000000e+03 2.571514463778662787e-02
1.300000000000000000e+03 2.705523407026309141e-02
1.350000000000000000e+03 2.564994711032247271e-02
1.400000000000000000e+03 2.227673987141912809e-02
1.450000000000000000e+03 1.960125124694213350e-02
1.500000000000000000e+03 1.935402032819821122e-02
1.550000000000000000e+03 2.085745809988781910e-02
1.600000000000000000e+03 2.292591258713990582e-02
1.650000000000000000e+03 2.385043343207540398e-02
1.700000000000000000e+03 2.357427526013732705e-02
1.750000000000000000e+03 2.240891754962874571e-02
1.800000000000000000e+03 2.083303101835046189e-02
1.850000000000000000e+03 1.991560200008753168e-02
1.900000000000000000e+03 2.031127470737659896e-02
1.950000000000000000e+03 2.150435778917876919e-02
2.000000000000000000e+03 2.238570729706262571e-02
2.050000000000000000e+03 2.215661163172490122e-02
2.100000000000000000e+03 2.159809949951973715e-02
2.150000000000000000e+03 2.217319750914800366e-02
2.200000000000000000e+03 2.314314682375805468e-02
2.250000000000000000e+03 2.371308596025603968e-02
2.300000000000000000e+03 2.400953126911581359e-02
2.350000000000000000e+03 2.439409338065086363e-02
2.400000000000000000e+03 2.438170020846160829e-02
2.450000000000000000e+03 2.273047093469481375e-02
2.500000000000000000e+03 2.044985318127066562e-02
2.550000000000000000e+03 1.955811298375809831e-02
2.600000000000000000e+03 1.998910214814030722e-02
2.650000000000000000e+03 2.009208388670568127e-02
2.700000000000000000e+03 1.972403141333660057e-02
2.750000000000000000e+03 2.100099529352949732e-02
2.800000000000000000e+03 2.355837545094333074e-02
2.850000000000000000e+03 2.437234304474896959e-02
2.900000000000000000e+03 2.305991407623888059e-02
2.950000000000000000e+03 2.174819578948353205e-02
3.000000000000000000e+03 2.172308287723498030e-02
3.050000000000000000e+03 2.215045334712318140e-02
3.100000000000000000e+03 2.149449449608460683e-02
3.150000000000000000e+03 2.065764262922265351e-02
3.200000000000000000e+03 2.081284855267340542e-02
3.250000000000000000e+03 2.127595579225629793e-02
3.300000000000000000e+03 2.122668868919999272e-02
3.350000000000000000e+03 2.171850856721574755e-02
3.400000000000000000e+03 2.241506913545146182e-02
3.450000000000000000e+03 2.265253542042908880e-02
3.500000000000000000e+03 2.217012283945005852e-02
3.550000000000000000e+03 2.157964375749733821e-02
3.600000000000000000e+03 2.246150756158039191e-02
3.650000000000000000e+03 2.287419344218888373e-02
3.700000000000000000e+03 2.238206317548239663e-02
3.750000000000000000e+03 2.198213936734916621e-02
3.800000000000000000e+03 2.236713212658639899e-02
3.850000000000000000e+03 2.293683856306313537e-02
3.900000000000000000e+03 2.260286504418115849e-02
3.950000000000000000e+03 2.168203613342519626e-02
4.000000000000000000e+03 2.053119249075745570e-02
4.050000000000000000e+03 2.056836485612854176e-02
4.100000000000000000e+03 2.087244855656109066e-02
4.150000000000000000e+03 2.050777217553416756e-02
4.200000000000000000e+03 2.037970258166389367e-02
4.250000000000000000e+03 2.135717370403782123e-02
4.300000000000000000e+03 2.259387424211143497e-02
4.350000000000000000e+03 2.284039352718239199e-02
4.400000000000000000e+03 2.272990736456029573e-02
4.450000000000000000e+03 2.223439885386791284e-02
4.500000000000000000e+03 2.204659023489961150e-02
4.550000000000000000e+03 2.236713358386746911e-02
4.600000000000000000e+03 2.351877965586234367e-02
4.650000000000000000e+03 2.433257939036409176e-02
4.700000000000000000e+03 2.377484435828677509e-02
4.750000000000000000e+03 2.132870260241953586e-02
4.800000000000000000e+03 1.919653842187642526e-02
4.850000000000000000e+03 1.928341932154884961e-02
4.900000000000000000e+03 2.048203690950390482e-02
4.950000000000000000e+03 2.117826408744009903e-02
5.000000000000000000e+03 2.230083234273249823e-02
5.050000000000000000e+03 2.336647254195362705e-02
5.100000000000000000e+03 2.340090955062522349e-02
5.150000000000000000e+03 2.213058318955046441e-02
5.200000000000000000e+03 2.118318066478493480e-02
5.250000000000000000e+03 2.066351915242562939e-02
5.300000000000000000e+03 2.012291172497542718e-02
5.350000000000000000e+03 2.066494562249771710e-02
5.400000000000000000e+03 2.190055975414259212e-02
5.450000000000000000e+03 2.328836069739139911e-02
5.500000000000000000e+03 2.344736289168886101e-02
5.550000000000000000e+03 2.260429184926573618e-02
5.600000000000000000e+03 2.218998499866178462e-02
5.650000000000000000e+03 2.240009424239274016e-02
5.700000000000000000e+03 2.309587141111531239e-02
5.750000000000000000e+03 2.408726056010946845e-02
5.800000000000000000e+03 2.345222940111494833e-02
5.850000000000000000e+03 2.103803225054942314e-02
5.900000000000000000e+03 1.867100785866374763e-02
5.950000000000000000e+03 1.866899671043324022e-02
6.000000000000000000e+03 2.079300172878216849e-02
6.050000000000000000e+03 2.241565144486155903e-02
6.100000000000000000e+03 2.283292293094666553e-02
6.150000000000000000e+03 2.189430158165487847e-02
6.200000000000000000e+03 2.116237661000624701e-02
6.250000000000000000e+03 2.100827377496831613e-02
6.300000000000000000e+03 2.095962250389469747e-02
6.350000000000000000e+03 2.150862073168222435e-02
6.400000000000000000e+03 2.271299254773985823e-02
6.450000000000000000e+03 2.379478316673391824e-02
6.500000000000000000e+03 2.400903013248711221e-02
6.550000000000000000e+03 2.368599533242603944e-02
6.600000000000000000e+03 2.337527846683474034e-02
6.650000000000000000e+03 2.284206372511908556e-02
6.700000000000000000e+03 2.150542640365646005e-02
6.750000000000000000e+03 2.076214930699735520e-02
6.800000000000000000e+03 2.116489194961685902e-02
6.850000000000000000e+03 2.160896640922739878e-02
6.900000000000000000e+03 2.152699478666178154e-02
6.950000000000000000e+03 2.222698773265398275e-02
7.000000000000000000e+03 2.254158247251712710e-02
7.050000000000000000e+03 2.179599625828560622e-02
7.100000000000000000e+03 2.156005079675176253e-02
7.150000000000000000e+03 2.201478001119675648e-02
7.200000000000000000e+03 2.214437589779864532e-02
7.250000000000000000e+03 2.235805961583784557e-02
7.300000000000000000e+03 2.264283079448979955e-02
7.350000000000000000e+03 2.243041568668051669e-02
7.400000000000000000e+03 2.228958846126475463e-02
7.450000000000000000e+03 2.161821670736641457e-02
7.500000000000000000e+03 2.155695197851444089e-02
7.550000000000000000e+03 2.204747903083007637e-02
7.600000000000000000e+03 2.196575699541490970e-02
7.650000000000000000e+03 2.185415696640953531e-02
7.700000000000000000e+03 2.153264122350605908e-02
7.750000000000000000e+03 2.204412258410309855e-02
7.800000000000000000e+03 2.216231023372584874e-02
7.850000000000000000e+03 2.159598776512645230e-02
7.900000000000000000e+03 2.108474498370279185e-02
7.950000000000000000e+03 2.164238269267195966e-02
8.000000000000000000e+03 2.231993644628148254e-02
8.050000000000000000e+03 2.178097698433104773e-02
8.100000000000000000e+03 2.055242858054624061e-02
8.150000000000000000e+03 1.993068575663325612e-02
8.200000000000000000e+03 2.084437920119216331e-02
8.250000000000000000e+03 2.310432294119604477e-02
8.300000000000000000e+03 2.515324470448949967e-02
8.350000000000000000e+03 2.469109114806907965e-02
8.400000000000000000e+03 2.259883447842154711e-02
8.450000000000000000e+03 2.123210849070277309e-02
8.500000000000000000e+03 2.077573726297691700e-02
8.550000000000000000e+03 2.163630146186653821e-02
8.600000000000000000e+03 2.255798258735036699e-02
8.650000000000000000e+03 2.286407889441106206e-02
8.700000000000000000e+03 2.256706729377059087e-02
8.750000000000000000e+03 2.230307690967801848e-02
8.800000000000000000e+03 2.215574719683971808e-02
8.850000000000000000e+03 2.191594753278441540e-02
8.900000000000000000e+03 2.141453787879329593e-02
8.950000000000000000e+03 2.081980633868549951e-02
9.000000000000000000e+03 2.047824563037278431e-02
9.050000000000000000e+03 2.112631420621637751e-02
9.100000000000000000e+03 2.211407687885677889e-02
9.150000000000000000e+03 2.238469876155367230e-02
9.200000000000000000e+03 2.238759978663877950e-02
9.250000000000000000e+03 2.244869338096374539e-02
9.300000000000000000e+03 2.210182581867169149e-02
9.350000000000000000e+03 2.272017453398183714e-02
9.400000000000000000e+03 2.335179535772534398e-02
9.450000000000000000e+03 2.302941191148896033e-02
9.500000000000000000e+03 2.240395128632591271e-02
9.550000000000000000e+03 2.197345551918760895e-02
9.600000000000000000e+03 2.120596906248788799e-02
9.650000000000000000e+03 2.007288376432518270e-02
9.700000000000000000e+03 2.019338668353665156e-02
9.750000000000000000e+03 2.180177077028520524e-02
9.800000000000000000e+03 2.311046535274262695e-02
9.850000000000000000e+03 2.313230714685073075e-02
9.900000000000000000e+03 2.203851349926108649e-02
9.950000000000000000e+03 2.158120187883222352e-02
1.000000000000000000e+04 2.195480268040279903e-02
