# time_fs temperature_K pressure_eV_per_A3 kinetic_energy_eV potential_energy_eV total_energy_eV
0.000000000000000000e+00 2.979429187681815847e+02 1.028512357833027101e-02 1.921753857955030398e+01 -9.077413714834965504e+02 -8.885238329039462997e+02
5.000000000000000000e+01 3.049672123665214940e+02 9.786474190464319531e-03 1.967061071087763224e+01 -9.087446071460610710e+02 -8.890739964351834033e+02
1.000000000000000000e+02 2.995762748624724736e+02 9.086322266723474012e-03 1.932289125544525277e+01 -9.097535584811573699e+02 -8.904306672257121136e+02
1.500000000000000000e+02 2.916724848586707139e+02 1.086049902056572709e-02 1.881309095560692768e+01 -9.068097826984021594e+02 -8.879966917427951785e+02
2.000000000000000000e+02 3.070925894379573151e+02 1.016919360344229611e-02 1.980769910363177999e+01 -9.078079010520489192e+02 -8.880002019484171569e+02
2.500000000000000000e+02 2.970777464754397670e+02 9.876380762525982168e-03 1.916173432690196421e+01 -9.080443931172825387e+02 -8.888826587903805603e+02
3.000000000000000000e+02 2.956920563234350539e+02 1.096094065448877976e-02 1.907235628742530409e+01 -9.061959090473120568e+02 -8.871235527598867066e+02
3.500000000000000000e+02 2.996283246267085474e+02 1.134111473491418616e-02 1.932624850372756953e+01 -9.059210742436690680e+02 -8.865948257399414842e+02
4.000000000000000000e+02 3.094717884646206016e+02 9.842708740017724542e-03 1.996115920019109780e+01 -9.086231715896331025e+02 -8.886620123894419976e+02
4.500000000000000000e+02 3.015810156447558370e+02 9.000642791006171692e-03 1.945219851834249170e+01 -9.100544390398450787e+02 -8.906022405215026083e+02
5.000000000000000000e+02 2.968913970814361392e+02 9.130920477166440744e-03 1.914971465318947352e+01 -9.097183970062336584e+02 -8.905686823530442098e+02
5.500000000000000000e+02 2.916571479986724285e+02 1.073985280804567490e-02 1.881210171679593302e+01 -9.068386324153323130e+02 -8.880265306985363623e+02
6.000000000000000000e+02 3.038862823975962328e+02 1.097922353618608488e-02 1.960088992856974599e+01 -9.066451106637659905e+02 -8.870442207351962907e+02
6.500000000000000000e+02 3.050837021431746621e+02 9.764246408758073259e-03 1.967812438761212590e+01 -9.086185307578623451e+02 -8.889404063702502299e+02
7.000000000000000000e+02 2.969447481194112584e+02 9.838545263324754986e-03 1.915315583459020843e+01 -9.084638800683720774e+02 -8.893107242337819116e+02
7.500000000000000000e+02 2.990418157269839412e+02 1.035880680463316904e-02 1.928841824599126298e+01 -9.075525703489955731e+02 -8.882641521030043350e+02
8.000000000000000000e+02 3.002387508148261190e+02 1.013308288241457356e-02 1.936562144425126775e+01 -9.078597730724100074e+02 -8.884941516281587610e+02
8.500000000000000000e+02 2.999618261638394188e+02 1.016519315100133415e-02 1.934775959948594348e+01 -9.077946992407502194e+02 -8.884469396412642936e+02
9.000000000000000000e+02 2.978222958802153926e+02 1.058071830230207164e-02 1.920975831407982071e+01 -9.072276429548975329e+02 -8.880178846408176696e+02
9.500000000000000000e+02 3.040545696227807184e+02 1.031312185461919113e-02 1.961174457903701907e+01 -9.077553474988336575e+02 -8.881436029197966491e+02
1.000000000000000000e+03 3.011856742556041127e+02 9.699968052932949475e-03 1.942669870640023433e+01 -9.087195601363581545e+02 -8.892928614299579522e+02
1.050000000000000000e+03 2.974927126001933289e+02 9.958202674830137283e-03 1.918849994880238796e+01 -9.083069433808938129e+02 -8.891184434320914534e+02
1.100000000000000000e+03 3.011774781006684520e+02 9.929466435093100077e-03 1.942617004834609418e+01 -9.083805983835727602e+02 -8.889544283352266802e+02
1.150000000000000000e+03 2.984990059207563036e+02 1.017196754986886623e-02 1.925340661209955684e+01 -9.079393039187202703e+02 -8.886858973066207454e+02
1.200000000000000000e+03 3.009611558324205589e+02 9.964918122759158434e-03 1.941221710208089490e+01 -9.082218829132767723e+02 -8.888096658111958277e+02
1.250000000000000000e+03 2.983768876638265510e+02 1.012496667033683205e-02 1.924552989422515026e+01 -9.078218631094781585e+02 -8.885763332152530438e+02
1.300000000000000000e+03 2.957167956514659295e+02 1.113674360268887900e-02 1.907395199237721783e+01 -9.059983348770921339e+02 -8.869243828847148734e+02
1.350000000000000000e+03 3.003193221509199589e+02 1.122151227077359051e-02 1.937081835500917748e+01 -9.059860731835833576e+02 -8.866152548285741659e+02
1.400000000000000000e+03 3.095654842241281131e+02 9.964605562812941728e-03 1.996720264596427086e+01 -9.084555457392306153e+02 -8.884883430932663941e+02
1.450000000000000000e+03 3.016293885635532206e+02 8.780996495024931750e-03 1.945531860737510854e+01 -9.104570841478777083e+02 -8.910017655405025607e+02
1.500000000000000000e+03 2.946604710807434344e+02 9.583648560840943298e-03 1.900581827644829147e+01 -9.090820683781691969e+02 -8.900762501017209161e+02
1.550000000000000000e+03 2.974764832931720662e+02 1.021074089529054076e-02 1.918745314649847700e+01 -9.079361574565797355e+02 -8.887487043100812798e+02
1.600000000000000000e+03 3.004424803808170168e+02 1.062378280900814001e-02 1.937876215190900453e+01 -9.071527555214523773e+02 -8.877739933695434047e+02
1.650000000000000000e+03 3.011427228828127340e+02 1.015538224290073524e-02 1.942392831109405904e+01 -9.078475088191263467e+02 -8.884235805080322734e+02
1.700000000000000000e+03 2.994719656781222170e+02 1.022904718741195901e-02 1.931616323592144369e+01 -9.077219838154619538e+02 -8.884058205795405456e+02
1.750000000000000000e+03 2.980214106574347852e+02 1.044356596763298430e-02 1.922260136444931078e+01 -9.074375123925669868e+02 -8.882149110281176263e+02
1.800000000000000000e+03 3.045534564416677199e+02 1.024293805488653980e-02 1.964392314776564774e+01 -9.079339503596460190e+02 -8.882900272118803287e+02
1.850000000000000000e+03 2.998030646269181148e+02 9.624496243054199776e-03 1.933751936295557883e+01 -9.088792855733153147e+02 -8.895417662103596967e+02
1.900000000000000000e+03 2.989216057822379184e+02 9.724524596848560173e-03 1.928066461566384149e+01 -9.086857512353030870e+02 -8.894050866196392917e+02
1.950000000000000000e+03 2.981741213424299985e+02 1.049792205259163572e-02 1.923245131655603757e+01 -9.073171504628410275e+02 -8.880846991462849473e+02
2.000000000000000000e+03 2.994676679265344887e+02 1.052297735741429367e-02 1.931588602776599117e+01 -9.073588600606478849e+02 -8.880429740328819435e+02
2.050000000000000000e+03 3.028910078020019796e+02 1.017336318634135157e-02 1.953669398118104183e+01 -9.080104792541443430e+02 -8.884737852729632550e+02
2.100000000000000000e+03 3.007636204746152089e+02 9.724555905985785703e-03 1.939947592543153831e+01 -9.087441348399743219e+02 -8.893446589145428334e+02
2.150000000000000000e+03 2.954393599098195864e+02 1.032943411796873566e-02 1.905605718188640907e+01 -9.076001914327265467e+02 -8.885441342508401021e+02
2.200000000000000000e+03 3.032622217342376416e+02 1.044175864879108399e-02 1.956063755431075180e+01 -9.075032599502873154e+02 -8.879426223959765139e+02
2.250000000000000000e+03 3.008464569014403764e+02 9.684012188585148020e-03 1.940481893621657861e+01 -9.086879344975399135e+02 -8.892831155613233705e+02
2.300000000000000000e+03 2.983190695644050834e+02 1.016696162871047471e-02 1.924180058405788074e+01 -9.079024522844595140e+02 -8.886606517004016723e+02
2.350000000000000000e+03 2.980210308881710262e+02 1.043134887836863478e-02 1.922257686905097174e+01 -9.073792227386555851e+02 -8.881566458696046311e+02
2.400000000000000000e+03 3.000387219380394299e+02 1.076070587694383414e-02 1.935271943378374360e+01 -9.069234572607250584e+02 -8.875707378269413539e+02
2.450000000000000000e+03 3.041880901022585135e+02 9.990077231828119186e-03 1.962035674869734692e+01 -9.083486508071871413e+02 -8.887282940584898370e+02
2.500000000000000000e+03 3.004216144459197722e+02 9.350762817429783894e-03 1.937741628367846047e+01 -9.093659457121623291e+02 -8.899885294284838437e+02
2.550000000000000000e+03 2.969680829081715956e+02 1.011177172144530310e-02 1.915466094572056122e+01 -9.081320397982539134e+02 -8.889773788525333202e+02
2.600000000000000000e+03 2.982044160674363980e+02 1.035670313459541997e-02 1.923440534872090524e+01 -9.076143479601798845e+02 -8.883799426114590005e+02
2.650000000000000000e+03 3.021878766637202602e+02 1.045052141818408366e-02 1.949134150281948763e+01 -9.074904512982965343e+02 -8.879991097954770112e+02
2.700000000000000000e+03 3.034009144413020067e+02 9.659466815402268508e-03 1.956958333647510528e+01 -9.087871156396430479e+02 -8.892175323031679000e+02
2.750000000000000000e+03 2.972019229613896414e+02 9.878058427355151591e-03 1.916974380207016182e+01 -9.084049102963730320e+02 -8.892351664943029164e+02
2.800000000000000000e+03 2.961536290610816877e+02 1.066543525127028672e-02 1.910212807032139182e+01 -9.071009947210890232e+02 -8.879988666507675816e+02
2.850000000000000000e+03 3.033100383373177920e+02 1.053867837837194760e-02 1.956372176056822809e+01 -9.073537741493348676e+02 -8.877900523887666395e+02
2.900000000000000000e+03 3.020616514903351231e+02 1.002027013329968852e-02 1.948319988579677542e+01 -9.081968242672049882e+02 -8.887136243814081809e+02
2.950000000000000000e+03 2.986589880445014842e+02 9.812109561271948471e-03 1.926372557738264746e+01 -9.086006972264599426e+02 -8.893369716490773271e+02
3.000000000000000000e+03 2.988009537814604641e+02 1.013524150011663183e-02 1.927288247239550145e+01 -9.080485704623088168e+02 -8.887756879899133082e+02
3.050000000000000000e+03 2.989052610796283034e+02 1.021063760966286690e-02 1.927961037025914948e+01 -9.079761299295038270e+02 -8.886965195592447344e+02
3.100000000000000000e+03 3.046380036648698137e+02 9.861255487720106683e-03 1.964937650618207954e+01 -9.085572084881578121e+02 -8.889078319819757326e+02
3.150000000000000000e+03 2.982231343902004141e+02 9.713859057101262989e-03 1.923561269438076593e+01 -9.087958516806465923e+02 -8.895602389862658583e+02
3.200000000000000000e+03 2.988244519169980435e+02 1.006560642135083741e-02 1.927439811951377635e+01 -9.081327642184941169e+02 -8.888583660989803548e+02
3.250000000000000000e+03 2.974128144829073221e+02 1.072257758493522228e-02 1.918334646115540565e+01 -9.070365919497362484e+02 -8.878532454885807965e+02
3.300000000000000000e+03 3.052368075085666987e+02 9.834448342874323526e-03 1.968799979689630320e+01 -9.085448756670530202e+02 -8.888568758701567276e+02
3.350000000000000000e+03 2.968238090336634514e+02 1.007322792857711161e-02 1.914535517412899424e+01 -9.080622852189105743e+02 -8.889169300447815658e+02
3.400000000000000000e+03 2.994617588323137056e+02 1.035597611739555966e-02 1.931550488681916633e+01 -9.075699271093026255e+02 -8.882544222224834130e+02
3.450000000000000000e+03 3.006310613870132897e+02 1.032036094487076387e-02 1.939092576625812470e+01 -9.076394805947562645e+02 -8.882485548284981860e+02
3.500000000000000000e+03 2.999566777906704829e+02 1.046781288257338585e-02 1.934742752560949342e+01 -9.075079212410358878e+02 -8.881604937154263553e+02
3.550000000000000000e+03 3.078450460434171987e+02 9.222185702735740190e-03 1.985623311110088807e+01 -9.096903003053735119e+02 -8.898340671942726203e+02
3.600000000000000000e+03 2.914825695693459124e+02 1.004225939626699447e-02 1.880084127900935798e+01 -9.081018863721394609e+02 -8.893010450931301420e+02
3.650000000000000000e+03 3.010602842361508920e+02 1.044745007859815451e-02 1.941861095742369869e+01 -9.074607464272603465e+02 -8.880421354698366940e+02
3.700000000000000000e+03 2.996908451312127113e+02 1.031329068527069015e-02 1.933028112249994734e+01 -9.076353651349863867e+02 -8.883050840124864180e+02
3.750000000000000000e+03 3.015209997590874309e+02 1.020116493272028510e-02 1.944832744933710345e+01 -9.078093689905720112e+02 -8.883610415412349539e+02
3.800000000000000000e+03 3.008773342521503196e+02 9.971673747464056270e-03 1.940681054817015649e+01 -9.082993363940655627e+02 -8.888925258458954204e+02
3.850000000000000000e+03 3.001056486667055765e+02 1.012694934871498365e-02 1.935703625727282784e+01 -9.080805020929158218e+02 -8.887234658356429691e+02
3.900000000000000000e+03 2.997200357454063351e+02 9.721803598721132783e-03 1.933216393870093697e+01 -9.086002492826785328e+02 -8.892680853439776456e+02
3.950000000000000000e+03 2.959043326702200147e+02 1.078822728815826380e-02 1.908604826876431915e+01 -9.068620710096718085e+02 -8.877760227409074787e+02
4.000000000000000000e+03 3.034088962797553677e+02 1.027118659285456218e-02 1.957009817095765314e+01 -9.077895956414732836e+02 -8.882194974705156483e+02
4.050000000000000000e+03 3.003665795648550443e+02 9.890104682074832634e-03 1.937386649315329734e+01 -9.085214700902624827e+02 -8.891476035971091960e+02
4.100000000000000000e+03 3.006216297395445167e+02 9.845856896139201092e-03 1.939031741802199704e+01 -9.085010001637390360e+02 -8.891106827457169857e+02
4.150000000000000000e+03 3.000786766734985918e+02 9.829269875199973111e-03 1.935529654376607311e+01 -9.085210456272767487e+02 -8.891657490835107183e+02
4.200000000000000000e+03 2.988699071090438224e+02 9.811690379199345183e-03 1.927733001301335136e+01 -9.085033794456761598e+02 -8.892260494326627622e+02
4.250000000000000000e+03 2.974758138946847907e+02 1.029436001301552682e-02 1.918740996980104896e+01 -9.075631609287811443e+02 -8.883757509589801202e+02
4.300000000000000000e+03 2.987643031049986462e+02 1.092942924816064400e-02 1.927051847666174211e+01 -9.066329687366007875e+02 -8.873624502599390098e+02
4.350000000000000000e+03 3.061530868145295585e+02 9.844740078514411380e-03 1.974710048968935894e+01 -9.084026406645250518e+02 -8.886555401748356644e+02
4.400000000000000000e+03 2.982639398141756146e+02 1.006070633163501198e-02 1.923824467440143948e+01 -9.081208602937265368e+02 -8.888826156193250654e+02
4.450000000000000000e+03 3.001967069993485779e+02 9.861648541097740167e-03 1.936290958706294774e+01 -9.084062561839182308e+02 -8.890433465968552582e+02
4.500000000000000000e+03 2.991328025708980363e+02 1.031839567472204663e-02 1.929428696470550619e+01 -9.077473925055228392e+02 -8.884531055408173188e+02
4.550000000000000000e+03 2.998746461529423755e+02 1.000588045622435689e-02 1.934213642431632962e+01 -9.082243299719162906e+02 -8.888821935475999680e+02
4.600000000000000000e+03 3.004297894193867364e+02 1.015162090176584958e-02 1.937794357551220159e+01 -9.081467023385181392e+02 -8.887687587630059625e+02
4.650000000000000000e+03 3.011810222477088814e+02 9.778174624882741625e-03 1.942639864845098430e+01 -9.087613446124413485e+02 -8.893349459639903216e+02
4.700000000000000000e+03 2.969834492552890879e+02 1.014765802521704410e-02 1.915565208647254636e+01 -9.079704146015159267e+02 -8.888147625150434123e+02
4.750000000000000000e+03 3.014342681643003630e+02 1.014484948707741578e-02 1.944273319733817118e+01 -9.079479401124475544e+02 -8.885052069151093974e+02
4.800000000000000000e+03 3.023316169367844282e+02 9.919840754415187520e-03 1.950061285672333966e+01 -9.083996652543763730e+02 -8.888990523976530085e+02
4.850000000000000000e+03 2.957531861409294152e+02 1.005044592053940151e-02 1.907629920585718253e+01 -9.080442999618085196e+02 -8.889680007559513797e+02
4.900000000000000000e+03 2.992072146114587099e+02 1.083916781710181181e-02 1.929908659634692825e+01 -9.068719179172853728e+02 -8.875728313209384623e+02
4.950000000000000000e+03 3.064611645471207453e+02 9.759775915646314026e-03 1.976697173125485563e+01 -9.087660033001974398e+02 -8.889990315689425415e+02
5.000000000000000000e+03 2.963259325016249477e+02 9.758311712383976877e-03 1.911324176964916788e+01 -9.086893296998883898e+02 -8.895760879302391686e+02
5.050000000000000000e+03 3.005504931801207817e+02 1.011659394019991456e-02 1.938572905733601459e+01 -9.080388850843768296e+02 -8.886531560270408363e+02
5.100000000000000000e+03 2.983182413038808249e+02 1.017266808352544107e-02 1.924174716064159441e+01 -9.079837518534309311e+02 -8.887420046927893509e+02
5.150000000000000000e+03 3.046636207947656771e+02 9.643552387317283828e-03 1.965102883000338707e+01 -9.089156447513463490e+02 -8.892646159213429655e+02
5.200000000000000000e+03 2.934262146954235959e+02 1.030613033617619814e-02 1.892620782690310222e+01 -9.076361185784373902e+02 -8.887099107515342666e+02
5.250000000000000000e+03 2.997967268661348612e+02 1.096625347128821551e-02 1.933711057269849221e+01 -9.065976658187407793e+02 -8.872605552460422587e+02
5.300000000000000000e+03 3.054028232192024461e+02 9.768800952927668424e-03 1.969870793299547174e+01 -9.086694552751744141e+02 -8.889707473421789246e+02
5.350000000000000000e+03 2.991268044550564582e+02 9.700475559733837475e-03 1.929390008179831639e+01 -9.087151674067920339e+02 -8.894212673249936643e+02
5.400000000000000000e+03 3.005557144762865391e+02 9.647847024203765054e-03 1.938606583479968393e+01 -9.086636748199482554e+02 -8.892776089851486176e+02
5.450000000000000000e+03 2.946208451110736632e+02 1.060300039503711718e-02 1.900326237210248692e+01 -9.070967664296483690e+02 -8.880935040575458288e+02
5.500000000000000000e+03 3.013608224127098083e+02 1.076619314046923376e-02 1.943799589204985878e+01 -9.068799021036317072e+02 -8.874419062115817951e+02
5.550000000000000000e+03 3.028803632627120237e+02 1.011863616184820874e-02 1.953600740052555196e+01 -9.080870593883582842e+02 -8.885510519878326932e+02
5.600000000000000000e+03 3.014641687109552777e+02 9.586765468535181703e-03 1.944466180470788430e+01 -9.089972462024261404e+02 -8.895525843977183058e+02
5.650000000000000000e+03 2.993193253938594580e+02 9.927426107962374763e-03 1.930631782471401792e+01 -9.084443025230744979e+02 -8.891379846983604693e+02
5.700000000000000000e+03 2.984755224172078556e+02 9.914636561252007652e-03 1.925189190875540390e+01 -9.083357744641749605e+02 -8.890838825554195637e+02
5.750000000000000000e+03 2.978662629422302075e+02 1.040522654185021927e-02 1.921259422209197609e+01 -9.075401169239431738e+02 -8.883275227018511941e+02
5.800000000000000000e+03 3.024110633021950321e+02 1.032061975407943914e-02 1.950573720604030115e+01 -9.076536145210839095e+02 -8.881478773150436155e+02
5.850000000000000000e+03 2.982714532521137585e+02 1.019170482613323755e-02 1.923872929670438836e+01 -9.078513689454117639e+02 -8.886126396487073862e+02
5.900000000000000000e+03 3.005494282471470342e+02 1.020670941153720319e-02 1.938566036837172391e+01 -9.079832218387172134e+02 -8.885975614703454539e+02
5.950000000000000000e+03 3.022529782600234967e+02 9.893152748360624013e-03 1.949554060392154042e+01 -9.084609765833266692e+02 -8.889654359794051288e+02
6.000000000000000000e+03 2.990502801735428307e+02 9.976856198343857923e-03 1.928896420905349274e+01 -9.084361657784249928e+02 -8.891472015693715321e+02
6.050000000000000000e+03 3.016991098323998131e+02 9.673934733117428228e-03 1.945981568077230150e+01 -9.088545064269869727e+02 -8.893946907462146783e+02
6.100000000000000000e+03 2.943447268816533438e+02 1.044912512609105608e-02 1.898545254212451283e+01 -9.074626961664879445e+02 -8.884772436243633820e+02
6.150000000000000000e+03 3.044138748383473967e+02 1.046449279307007894e-02 1.963492003113547568e+01 -9.074968308112322575e+02 -8.878619107800967640e+02
6.200000000000000000e+03 2.984074306454035082e+02 9.950766313405967622e-03 1.924749993912239532e+01 -9.083607094023163882e+02 -8.891132094631940390e+02
6.250000000000000000e+03 2.983874516019855605e+02 1.025292607724642008e-02 1.924621127604808990e+01 -9.077415036573664793e+02 -8.884952923813183361e+02
6.300000000000000000e+03 3.025281160470322561e+02 1.022518688319182245e-02 1.951328719463896277e+01 -9.078750800685660352e+02 -8.883617928739270155e+02
6.350000000000000000e+03 3.009811189441898591e+02 9.802477907419110750e-03 1.941350473755207773e+01 -9.085123470261132752e+02 -8.890988422885611726e+02
6.400000000000000000e+03 2.971638966127792401e+02 1.000632434018287713e-02 1.916729107446555602e+01 -9.080995219792631588e+02 -8.889322309047976205e+02
6.450000000000000000e+03 2.986397772294570245e+02 1.055596034170476136e-02 1.926248646560651423e+01 -9.072243842616962866e+02 -8.879618977960897155e+02
6.500000000000000000e+03 3.019120277824878258e+02 1.036299059859197534e-02 1.947354904599880854e+01 -9.076085138855983132e+02 -8.881349648395995473e+02
6.550000000000000000e+03 3.022277053516279466e+02 9.831882370660632517e-03 1.949391048264154236e+01 -9.085732352129961100e+02 -8.890793247303545286e+02
6.600000000000000000e+03 3.002149062466173746e+02 9.566780627137765752e-03 1.936408345196953107e+01 -9.089735963616711842e+02 -8.896095129097016070e+02
6.650000000000000000e+03 2.942963899647527910e+02 1.058820557575789779e-02 1.898233477524086510e+01 -9.071307107395775802e+02 -8.881483759643367648e+02
6.700000000000000000e+03 3.049930316183099421e+02 1.005360838983751330e-02 1.967227607171047765e+01 -9.082118568537181318e+02 -8.885395807820076470e+02
6.750000000000000000e+03 3.010803876453903172e+02 9.584410056556426014e-03 1.941990764218545351e+01 -9.089340610877973177e+02 -8.895141534456118961e+02
6.800000000000000000e+03 2.956682556577637797e+02 9.973363681496510980e-03 1.907082112688969744e+01 -9.082132260775408668e+02 -8.891424049506512119e+02
6.850000000000000000e+03 2.991262486084063994e+02 1.080164118280721279e-02 1.929386422927835554e+01 -9.068096708163562880e+02 -8.875158065870779183e+02
6.900000000000000000e+03 3.036364476464488575e+02 9.959757906487435100e-03 1.958477540237614534e+01 -9.082919599581443890e+02 -8.887071845557682082e+02
6.950000000000000000e+03 2.974454578264216025e+02 1.004178919654321288e-02 1.918545198095075932e+01 -9.080965150935013526e+02 -8.889110631125505506e+02
7.000000000000000000e+03 3.004827331443863159e+02 1.043188161590896668e-02 1.938135848492482083e+01 -9.074761700878962074e+02 -8.880948116029713901e+02
7.050000000000000000e+03 3.026963047164845193e+02 9.875358450172670721e-03 1.952413548818863021e+01 -9.084906392553504020e+02 -8.889665037671617256e+02
7.100000000000000000e+03 2.982368814708721061e+02 9.785183862052362902e-03 1.923649939124960540e+01 -9.085644412992276102e+02 -8.893279419079780155e+02
7.150000000000000000e+03 2.969491683179529673e+02 1.081389676276961996e-02 1.915344094066474057e+01 -9.068434307428938155e+02 -8.876899898022290927e+02
7.200000000000000000e+03 3.033599009637982817e+02 1.009100475291909230e-02 1.956693793684799587e+01 -9.080443040346463022e+02 -8.884773660977982672e+02
7.250000000000000000e+03 3.010341778167525604e+02 9.659058675407415639e-03 1.941692707406766871e+01 -9.087693333536972204e+02 -8.893524062796295766e+02
7.300000000000000000e+03 2.973778702394932338e+02 1.029098919011710821e-02 1.918109253161507866e+01 -9.077569715971937967e+02 -8.885758790655787607e+02
7.350000000000000000e+03 3.017096949729948960e+02 9.909267352776172239e-03 1.946049843016804815e+01 -9.083607692949773309e+02 -8.889002708648092721e+02
7.400000000000000000e+03 2.966088428517936677e+02 1.055877810662020182e-02 1.913148969643795994e+01 -9.072566345215474257e+02 -8.881251448251094871e+02
7.450000000000000000e+03 3.023166593786372118e+02 1.036590077851336916e-02 1.949964808316222076e+01 -9.075925392787482906e+02 -8.880928911955860485e+02
7.500000000000000000e+03 2.998534736018883109e+02 1.030953903792070948e-02 1.934077077911693721e+01 -9.077109025666394473e+02 -8.883701317875224959e+02
7.550000000000000000e+03 3.001821816893674963e+02 1.025741667914382982e-02 1.936197269382817865e+01 -9.079142451279822126e+02 -8.885522724341540197e+02
7.600000000000000000e+03 3.040844774586458925e+02 9.080166675086672953e-03 1.961367365656618489e+01 -9.098553323385633576e+02 -8.902416586819971371e+02
7.650000000000000000e+03 2.964678008364640505e+02 9.951742167078036702e-03 1.912239238215326154e+01 -9.084381817343473813e+02 -8.893157893521940878e+02
7.700000000000000000e+03 3.004987796532921038e+02 9.881590899936563629e-03 1.938239349661511213e+01 -9.083863267011566904e+02 -8.890039332045415676e+02
7.750000000000000000e+03 2.938461396079607084e+02 1.081030432164317712e-02 1.895329329428242460e+01 -9.068029683991228467e+02 -8.878496751048404576e+02
7.800000000000000000e+03 3.054246001912202928e+02 1.073250714143141570e-02 1.970011256379397935e+01 -9.069969535192847161e+02 -8.872968409554907794e+02
7.850000000000000000e+03 3.001226138896205384e+02 9.978166554491366136e-03 1.935813052669606904e+01 -9.082784063566969053e+02 -8.889202758300008327e+02
7.900000000000000000e+03 3.027544701701938834e+02 9.797087131611783434e-03 1.952788720296432601e+01 -9.085974698680959136e+02 -8.890695826651316338e+02
7.950000000000000000e+03 2.967245465511199995e+02 9.792545274671099823e-03 1.913895267060359373e+01 -9.085479974772239302e+02 -8.894090448066203862e+02
8.000000000000000000e+03 3.003504541693044985e+02 1.034841601084662659e-02 1.937282639321608713e+01 -9.076441897785853143e+02 -8.882713633853692272e+02
8.050000000000000000e+03 2.987998039950554130e+02 1.028705612045003465e-02 1.927280831032214792e+01 -9.076813251566229610e+02 -8.884085168463008131e+02
8.100000000000000000e+03 3.013016772461331811e+02 1.037303713027576575e-02 1.943418098506975866e+01 -9.076179027175364808e+02 -8.881837217324666653e+02
8.150000000000000000e+03 3.001734591071704017e+02 1.003553326255590336e-02 1.936141008082640269e+01 -9.082472740888995304e+02 -8.888858640080730993e+02
8.200000000000000000e+03 3.029446868415151357e+02 9.777876106655057631e-03 1.954015631892352545e+01 -9.086874706535433006e+02 -8.891473143346197503e+02
8.250000000000000000e+03 2.993347864481839906e+02 9.573766873953467801e-03 1.930731507415089254e+01 -9.089760812033213142e+02 -8.896687661291704217e+02
8.300000000000000000e+03 2.948594054662169128e+02 1.030048010216643925e-02 1.901864969141677264e+01 -9.075541985694408140e+02 -8.885355488780240876e+02
8.350000000000000000e+03 3.012108825919300443e+02 1.068526557005093983e-02 1.942832466273399206e+01 -9.069290847536630054e+02 -8.875007600909290204e+02
8.400000000000000000e+03 3.022360952260379463e+02 1.019009050950596754e-02 1.949445163574502260e+01 -9.077452755906289212e+02 -8.882508239548839128e+02
8.450000000000000000e+03 2.972265834145420058e+02 1.043211233655526836e-02 1.917133441953408379e+01 -9.074739374073550380e+02 -8.883026029878209329e+02
8.500000000000000000e+03 3.049604957376255356e+02 9.593660302664907408e-03 1.967017748334711769e+01 -9.088415801280739288e+02 -8.891714026447268679e+02
8.550000000000000000e+03 2.968133265834374583e+02 1.024565125375461253e-02 1.914467904833798784e+01 -9.077953872566296241e+02 -8.886507082082916895e+02
8.600000000000000000e+03 2.998537784253630321e+02 1.014824834245323104e-02 1.934079044045646256e+01 -9.079385753527988072e+02 -8.885977849123423766e+02
8.650000000000000000e+03 3.007008171565989869e+02 1.025799802542412022e-02 1.939542506497850383e+01 -9.078209478470763543e+02 -8.884255227820978007e+02
8.700000000000000000e+03 3.003335685484699979e+02 9.902355648307353819e-03 1.937173725818589887e+01 -9.084093509052128184e+02 -8.890376136470268875e+02
8.750000000000000000e+03 2.991776355908515939e+02 1.017270198149720396e-02 1.929717872764505771e+01 -9.080217252345028101e+02 -8.887245465068577914e+02
8.800000000000000000e+03 3.005853671018873001e+02 1.003485182147420031e-02 1.938797845107807660e+01 -9.081114946128708425e+02 -8.887235161617927588e+02
8.850000000000000000e+03 3.004062075771339551e+02 9.992657456635710422e-03 1.937642252924890229e+01 -9.082493818996490518e+02 -8.888729593704001672e+02
8.900000000000000000e+03 2.988377541323423543e+02 1.008347105494758478e-02 1.927525612224003382e+01 -9.080533903263470847e+02 -8.887781342041070047e+02
8.950000000000000000e+03 2.992977755382891019e+02 1.043298672646430190e-02 1.930492784309432253e+01 -9.074660624540086928e+02 -8.881611346109143597e+02
9.000000000000000000e+03 3.010235490457444030e+02 1.002861320663442010e-02 1.941624151047801305e+01 -9.081665402619238421e+02 -8.887502987514458255e+02
9.050000000000000000e+03 2.999360002855047469e+02 1.012937897103313896e-02 1.934609381123596705e+01 -9.080718954609698130e+02 -8.887258016497338531e+02
9.100000000000000000e+03 2.983325190640262008e+02 1.015952441946349830e-02 1.924266808672890505e+01 -9.079607883415095557e+02 -8.887181202547806151e+02
9.150000000000000000e+03 3.027048694235668904e+02 1.014995129983506904e-02 1.952468791812876248e+01 -9.080560934571266216e+02 -8.885314055389978876e+02
9.200000000000000000e+03 2.997276958648549794e+02 9.808200745019575104e-03 1.933265802206977924e+01 -9.084546285645528769e+02 -8.891219705424830408e+02
9.250000000000000000e+03 2.983078563584770677e+02 1.040510294319685856e-02 1.924107732398372406e+01 -9.076121336639032506e+02 -8.883710563399195053e+02
9.300000000000000000e+03 3.045201253910921082e+02 9.395040444827007162e-03 1.964177327035630327e+01 -9.093133112640122135e+02 -8.896715379936558747e+02
9.350000000000000000e+03 2.945708833825417514e+02 1.025381150402513569e-02 1.900003980366712142e+01 -9.077079979515136756e+02 -8.887079581478465116e+02
9.400000000000000000e+03 2.993528873785944597e+02 1.072078072243650045e-02 1.930848259754741392e+01 -9.069942892089183033e+02 -8.876858066113709356e+02
9.450000000000000000e+03 3.045751809217800314e+02 1.017487059478599208e-02 1.964532439279743059e+01 -9.079301254040035474e+02 -8.882848010112061274e+02
9.500000000000000000e+03 3.003930416434647555e+02 9.579394135659273501e-03 1.937557331679145989e+01 -9.089211337389251639e+02 -8.895455604221336898e+02
9.550000000000000000e+03 2.970895761939185036e+02 1.011948739772174435e-02 1.916249735249153119e+01 -9.080079427032900412e+02 -8.888454453507985136e+02
9.600000000000000000e+03 2.987543382518454678e+02 1.050721487548238881e-02 1.926987573626468375e+01 -9.073547684921115888e+02 -8.880848927558469086e+02
9.650000000000000000e+03 3.043194429952724818e+02 9.945953843521855228e-03 1.962882910742789733e+01 -9.084461452111800099e+02 -8.888173161037520913e+02
9.700000000000000000e+03 2.989638387184457429e+02 9.430467919751862882e-03 1.928338867127911271e+01 -9.092422628339490984e+02 -8.899588741626699857e+02
9.750000000000000000e+03 2.982483300045562373e+02 1.020984998390090347e-02 1.923723783013804578e+01 -9.079347529161714192e+02 -8.886975150860333770e+02
9.800000000000000000e+03 2.998072023013573926e+02 1.012314755178668653e-02 1.933778624601658436e+01 -9.079300763723564387e+02 -8.885922901263398899e+02
9.850000000000000000e+03 2.985016891107531478e+02 1.057323248760913027e-02 1.925357967983848440e+01 -9.072448972870727175e+02 -8.879913176072342367e+02
9.900000000000000000e+03 3.016674433806653610e+02 1.024995620465030295e-02 1.945777317121912731e+01 -9.077777080951876769e+02 -8.883199349239685034e+02
9.950000000000000000e+03 3.019256163407140434e+02 9.810637931714908874e-03 1.947442551805269417e+01 -9.086260912693952605e+02 -8.891516657513425343e+02
1.000000000000000000e+04 3.001869918872744165e+02 9.590429552485686682e-03 1.936228295515015674e+01 -9.088252388082528341e+02 -8.894629558531026987e+02
