# time_fs vacf
0.000000000000000000e+00 3.791586375467558864e-06
5.000000000000000000e+01 1.449278815793355577e-06
1.000000000000000000e+02 -1.911972280161416845e-06
1.500000000000000000e+02 -1.976802959489933710e-06
2.000000000000000000e+02 -1.875096014377980295e-07
2.500000000000000000e+02 3.594743237227217438e-07
3.000000000000000000e+02 2.850088339304064492e-09
3.500000000000000000e+02 2.852134653687773072e-07
4.000000000000000000e+02 5.236143223322120621e-07
4.500000000000000000e+02 -1.492060509986714479e-07
5.000000000000000000e+02 -6.024290892417587733e-07
5.500000000000000000e+02 -1.550740481277837328e-08
6.000000000000000000e+02 4.511480765234010558e-07
6.500000000000000000e+02 3.099400020615730867e-09
7.000000000000000000e+02 -3.550110411035860065e-07
7.500000000000000000e+02 2.687427459727874898e-08
8.000000000000000000e+02 2.976536343518972659e-07
8.500000000000000000e+02 -3.556613737553147778e-08
9.000000000000000000e+02 -2.479568916378692284e-07
9.500000000000000000e+02 2.384136831494626509e-08
1.000000000000000000e+03 1.947660066808389755e-07
1.050000000000000000e+03 3.870553521431478405e-08
1.100000000000000000e+03 1.210676700445158231e-08
1.150000000000000000e+03 1.694980122503910032e-07
1.200000000000000000e+03 8.644732220990144449e-08
1.250000000000000000e+03 -2.078973101503716001e-07
1.300000000000000000e+03 -2.897936156339087512e-07
1.350000000000000000e+03 -1.237985131172224142e-07
1.400000000000000000e+03 4.717952353303817758e-08
1.450000000000000000e+03 2.112283911989181763e-07
1.500000000000000000e+03 3.502380195703576872e-07
1.550000000000000000e+03 1.943159138806172012e-07
1.600000000000000000e+03 -2.518042062628542046e-07
1.650000000000000000e+03 -4.969398323612875315e-07
1.700000000000000000e+03 -2.801197183405820276e-07
1.750000000000000000e+03 5.145528335923846594e-08
1.800000000000000000e+03 1.754188799664329103e-07
1.850000000000000000e+03 2.154956626605868120e-07
1.900000000000000000e+03 2.602007441174622538e-07
1.950000000000000000e+03 1.020128496169782924e-07
2.000000000000000000e+03 -2.116286444252221607e-07
2.050000000000000000e+03 -2.319528689685202724e-07
2.100000000000000000e+03 1.121644565440788130e-07
2.150000000000000000e+03 2.788896219447153075e-07
2.200000000000000000e+03 1.834642256609172927e-08
2.250000000000000000e+03 -2.005193578104041143e-07
2.300000000000000000e+03 -6.949164595788005335e-08
2.350000000000000000e+03 5.008475751849859269e-08
2.400000000000000000e+03 -8.385011875829285660e-08
2.450000000000000000e+03 -1.249394414065537550e-07
2.500000000000000000e+03 9.884278166019408233e-08
2.550000000000000000e+03 1.684979418403097313e-07
2.600000000000000000e+03 -8.290632569633306960e-08
2.650000000000000000e+03 -1.741600953755856779e-07
2.700000000000000000e+03 9.142775064358435137e-08
2.750000000000000000e+03 1.950370258966771904e-07
2.800000000000000000e+03 -1.126356973494861278e-07
2.850000000000000000e+03 -2.834577645652758683e-07
2.900000000000000000e+03 3.068505643238071094e-08
2.950000000000000000e+03 3.293853604728077197e-07
3.000000000000000000e+03 1.587764308417973207e-07
3.050000000000000000e+03 -1.429529335769920589e-07
3.100000000000000000e+03 -1.381906181775155142e-07
3.150000000000000000e+03 7.753652153936301344e-09
3.200000000000000000e+03 1.033156561376503148e-08
3.250000000000000000e+03 -1.836064598301974334e-08
3.300000000000000000e+03 5.126457882413370330e-08
3.350000000000000000e+03 5.657672733061393304e-08
3.400000000000000000e+03 -4.061838797744468200e-08
3.450000000000000000e+03 -1.843839827303686239e-08
3.500000000000000000e+03 1.004953356796458681e-07
3.550000000000000000e+03 2.555350253130428330e-08
3.600000000000000000e+03 -1.967666121050097976e-07
3.650000000000000000e+03 -1.851571978009398708e-07
3.700000000000000000e+03 8.426616400133209924e-08
3.750000000000000000e+03 2.034041445205007194e-07
3.800000000000000000e+03 3.735902610404809016e-08
3.850000000000000000e+03 -1.019844248996880073e-07
3.900000000000000000e+03 -4.832738636382086435e-08
3.950000000000000000e+03 1.497521144890166180e-08
4.000000000000000000e+03 -2.823107914867472536e-08
4.050000000000000000e+03 -6.047553856692675834e-08
4.100000000000000000e+03 8.814976783042152973e-09
4.150000000000000000e+03 1.268010446402040178e-07
4.200000000000000000e+03 1.938731564438949367e-07
4.250000000000000000e+03 9.565375717857824506e-08
4.300000000000000000e+03 -1.614152150992502440e-07
4.350000000000000000e+03 -2.965407395474050091e-07
4.400000000000000000e+03 -6.041804635365117141e-08
4.450000000000000000e+03 3.088312263008735081e-07
4.500000000000000000e+03 3.302136343361700561e-07
4.550000000000000000e+03 -3.178866319900865991e-08
4.600000000000000000e+03 -3.406316787210765530e-07
4.650000000000000000e+03 -3.150795949671883255e-07
4.700000000000000000e+03 -9.661228998058986773e-08
4.750000000000000000e+03 7.854331735990689572e-08
4.800000000000000000e+03 1.541937781331968834e-07
4.850000000000000000e+03 1.609368725683559239e-07
4.900000000000000000e+03 1.073481465385958551e-07
4.950000000000000000e+03 1.013701755740364022e-08
5.000000000000000000e+03 -7.161430911486448805e-08
5.050000000000000000e+03 -8.340146697235662330e-08
5.100000000000000000e+03 -3.812097923835922475e-08
5.150000000000000000e+03 -7.207372416428721041e-09
5.200000000000000000e+03 -8.494691624294074819e-09
5.250000000000000000e+03 4.026423884751963934e-08
5.300000000000000000e+03 1.332322578820363363e-07
5.350000000000000000e+03 1.273517144556614891e-07
5.400000000000000000e+03 -1.449807696011179237e-08
5.450000000000000000e+03 -1.385693873708302857e-07
5.500000000000000000e+03 -1.417374614377467581e-07
5.550000000000000000e+03 -6.710631081551083290e-08
5.600000000000000000e+03 5.679589922779457433e-08
5.650000000000000000e+03 1.779250745881249164e-07
5.700000000000000000e+03 9.780221000335334916e-08
5.750000000000000000e+03 -2.220074982762681773e-07
5.800000000000000000e+03 -3.791095327807051929e-07
5.850000000000000000e+03 -3.939524882004548761e-08
5.900000000000000000e+03 4.265500605381338723e-07
5.950000000000000000e+03 3.908025795516129655e-07
6.000000000000000000e+03 -7.838738161167637725e-08
6.050000000000000000e+03 -3.562444428902975229e-07
6.100000000000000000e+03 -2.125011839332310502e-07
6.150000000000000000e+03 3.522019777405880924e-08
6.200000000000000000e+03 1.520652187043824896e-07
6.250000000000000000e+03 1.745572899877832561e-07
6.300000000000000000e+03 1.168190293370699401e-07
6.350000000000000000e+03 -9.236308005845714867e-09
6.400000000000000000e+03 -4.825698834897157497e-08
6.450000000000000000e+03 3.100572803387793554e-08
6.500000000000000000e+03 1.047165659892183868e-08
6.550000000000000000e+03 -1.593105891190787580e-07
6.600000000000000000e+03 -2.138907687817361020e-07
6.650000000000000000e+03 -5.640556182027899934e-08
6.700000000000000000e+03 6.305639852411970847e-08
6.750000000000000000e+03 3.494511177784049857e-08
6.800000000000000000e+03 5.630947935885400027e-08
6.850000000000000000e+03 1.506335959454461691e-07
6.900000000000000000e+03 6.785938253157561169e-08
6.950000000000000000e+03 -1.687459312284485534e-07
7.000000000000000000e+03 -1.943406311050461850e-07
7.050000000000000000e+03 6.974037954856638236e-08
7.100000000000000000e+03 2.478147551441281457e-07
7.150000000000000000e+03 1.244699685290477182e-07
7.200000000000000000e+03 -6.373341334230827008e-08
7.250000000000000000e+03 -1.061465597412245752e-07
7.300000000000000000e+03 -7.126697526706983318e-08
7.350000000000000000e+03 -1.573086501556179885e-08
7.400000000000000000e+03 9.813484503176211277e-08
7.450000000000000000e+03 1.518693092819826721e-07
7.500000000000000000e+03 -1.151444457616007325e-08
7.550000000000000000e+03 -2.165273639177171689e-07
7.600000000000000000e+03 -1.792976034529449238e-07
7.650000000000000000e+03 1.496908045020194778e-08
7.700000000000000000e+03 7.729786159191480972e-08
7.750000000000000000e+03 1.323593069179709929e-08
7.800000000000000000e+03 4.271018098811961986e-08
7.850000000000000000e+03 1.426479170088271003e-07
7.900000000000000000e+03 9.258247606363550181e-08
7.950000000000000000e+03 -1.045693782548012446e-07
8.000000000000000000e+03 -2.116774169710428824e-07
8.050000000000000000e+03 -1.153606762325147386e-07
8.100000000000000000e+03 7.503011710801477145e-08
8.150000000000000000e+03 2.082301693208680548e-07
8.200000000000000000e+03 1.890240790645270570e-07
8.250000000000000000e+03 4.645916629109420234e-09
8.300000000000000000e+03 -1.835410246255168610e-07
8.350000000000000000e+03 -1.534530760026944933e-07
8.400000000000000000e+03 6.050314120515530180e-08
8.450000000000000000e+03 1.669246563193202413e-07
8.500000000000000000e+03 3.528953752834402213e-08
8.550000000000000000e+03 -1.179672505121226253e-07
8.600000000000000000e+03 -8.808928873367650126e-08
8.650000000000000000e+03 3.453359729866876438e-08
8.700000000000000000e+03 6.197167585930867112e-08
8.750000000000000000e+03 -4.289109368056475803e-08
8.800000000000000000e+03 -1.526618718672798432e-07
8.850000000000000000e+03 -1.228231336724192957e-07
8.900000000000000000e+03 5.028655285082858299e-08
8.950000000000000000e+03 1.950174181240396498e-07
9.000000000000000000e+03 1.423576598819953873e-07
9.050000000000000000e+03 -2.055978706351539593e-08
9.100000000000000000e+03 -6.058226884561603204e-08
9.150000000000000000e+03 2.767652832766586999e-08
9.200000000000000000e+03 5.196367210437075387e-08
9.250000000000000000e+03 -2.061576941263229871e-08
9.300000000000000000e+03 -4.635623660900946028e-08
9.350000000000000000e+03 2.541080499414879557e-09
9.400000000000000000e+03 2.303292955008963500e-08
9.450000000000000000e+03 -3.060877106525761801e-08
9.500000000000000000e+03 -1.096830006413559340e-07
9.550000000000000000e+03 -1.272078121576638967e-07
9.600000000000000000e+03 -2.526832440812531494e-08
9.650000000000000000e+03 1.502061512999340559e-07
9.700000000000000000e+03 2.013168068409638897e-07
9.750000000000000000e+03 5.044622627582769624e-08
9.800000000000000000e+03 -1.079255679641201254e-07
9.850000000000000000e+03 -7.024046551377329187e-08
9.900000000000000000e+03 -1.521903805642565667e-08
9.950000000000000000e+03 -6.215574065130094506e-08
1.000000000000000000e+04 3.591301667642466671e-08
