# time_fs msd_A2
0.000000000000000000e+00 0.000000000000000000e+00
5.000000000000000000e+01 1.423245108306162368e-02
1.000000000000000000e+02 3.245754309934464205e-02
1.500000000000000000e+02 3.386772147215155043e-02
2.000000000000000000e+02 3.077109710313124386e-02
2.500000000000000000e+02 2.934463995760783206e-02
3.000000000000000000e+02 2.711657285686953217e-02
3.500000000000000000e+02 2.679911881850307459e-02
4.000000000000000000e+02 2.652765301712735335e-02
4.500000000000000000e+02 2.326096951167101051e-02
5.000000000000000000e+02 2.228420042347142513e-02
5.500000000000000000e+02 2.401091046970515661e-02
6.000000000000000000e+02 2.364901577125675877e-02
6.500000000000000000e+02 2.417383891733871498e-02
7.000000000000000000e+02 2.536368446022604570e-02
7.500000000000000000e+02 2.305955019296006617e-02
8.000000000000000000e+02 2.127172150860611594e-02
8.500000000000000000e+02 2.261394639381918842e-02
9.000000000000000000e+02 2.495913863640738389e-02
9.500000000000000000e+02 2.664314042964881571e-02
1.000000000000000000e+03 2.811689443764449695e-02
1.050000000000000000e+03 2.848763822088100361e-02
1.100000000000000000e+03 2.700029473570036975e-02
1.150000000000000000e+03 2.535506867344980431e-02
1.200000000000000000e+03 2.369563482660696704e-02
1.250000000000000000e+03 2.285171894465832382e-02
1.300000000000000000e+03 2.432660652416765087e-02
1.350000000000000000e+03 2.539639301386113768e-02
1.400000000000000000e+03 2.394378820086032894e-02
1.450000000000000000e+03 2.334001826769955407e-02
1.500000000000000000e+03 2.408676219446508754e-02
1.550000000000000000e+03 2.476973899399480608e-02
1.600000000000000000e+03 2.483782819687666357e-02
1.650000000000000000e+03 2.482529044836411306e-02
1.700000000000000000e+03 2.387619836089395139e-02
1.750000000000000000e+03 2.342271487376282671e-02
1.800000000000000000e+03 2.412846542398116093e-02
1.850000000000000000e+03 2.581804967928005151e-02
1.900000000000000000e+03 2.636379077061613493e-02
1.950000000000000000e+03 2.607621012112784978e-02
2.000000000000000000e+03 2.533046805732480991e-02
2.050000000000000000e+03 2.463391073158658490e-02
2.100000000000000000e+03 2.386263654501642739e-02
2.150000000000000000e+03 2.282355800055162545e-02
2.200000000000000000e+03 2.311516078842650729e-02
2.250000000000000000e+03 2.458230808067930415e-02
2.300000000000000000e+03 2.565226652554112100e-02
2.350000000000000000e+03 2.452680114391798255e-02
2.400000000000000000e+03 2.295558913861888914e-02
2.450000000000000000e+03 2.243861867728448936e-02
2.500000000000000000e+03 2.328753430526244589e-02
2.550000000000000000e+03 2.437168081046096196e-02
2.600000000000000000e+03 2.485380656385097545e-02
2.650000000000000000e+03 2.387910430801477163e-02
2.700000000000000000e+03 2.389529552061512782e-02
2.750000000000000000e+03 2.589548049208530503e-02
2.800000000000000000e+03 2.724554745122241550e-02
2.850000000000000000e+03 2.550712960424957043e-02
2.900000000000000000e+03 2.478231003598735382e-02
2.950000000000000000e+03 2.446634929924620949e-02
3.000000000000000000e+03 2.399552950047659922e-02
3.050000000000000000e+03 2.344911764446664867e-02
3.100000000000000000e+03 2.361342479366201896e-02
3.150000000000000000e+03 2.494093897023567930e-02
3.200000000000000000e+03 2.547156645918611725e-02
3.250000000000000000e+03 2.511227523636691203e-02
3.300000000000000000e+03 2.382455344902185621e-02
3.350000000000000000e+03 2.120539796647884223e-02
3.400000000000000000e+03 2.090986899154918116e-02
3.450000000000000000e+03 2.335141742745059160e-02
3.500000000000000000e+03 2.531232087833669778e-02
3.550000000000000000e+03 2.539285077885624492e-02
3.600000000000000000e+03 2.488832838497710004e-02
3.650000000000000000e+03 2.609058047576747960e-02
3.700000000000000000e+03 2.789928402573992050e-02
3.750000000000000000e+03 2.777741769820571069e-02
3.800000000000000000e+03 2.706394616054621713e-02
3.850000000000000000e+03 2.429901659944731437e-02
3.900000000000000000e+03 2.212468210386126996e-02
3.950000000000000000e+03 2.184032924683415242e-02
4.000000000000000000e+03 2.343507865100148690e-02
4.050000000000000000e+03 2.435050904845417058e-02
4.100000000000000000e+03 2.383624709357613780e-02
4.150000000000000000e+03 2.351297282246184173e-02
4.200000000000000000e+03 2.414398668231160228e-02
4.250000000000000000e+03 2.480534719862912893e-02
4.300000000000000000e+03 2.477411353006735498e-02
4.350000000000000000e+03 2.626727233822560847e-02
4.400000000000000000e+03 2.720341894137274716e-02
4.450000000000000000e+03 2.658768302930512861e-02
4.500000000000000000e+03 2.590824003871880152e-02
4.550000000000000000e+03 2.458357686839401576e-02
4.600000000000000000e+03 2.382209566395562111e-02
4.650000000000000000e+03 2.487970154838302361e-02
4.700000000000000000e+03 2.377421666888344942e-02
4.750000000000000000e+03 2.255456564096468275e-02
4.800000000000000000e+03 2.364842666563234108e-02
4.850000000000000000e+03 2.562857310085931220e-02
4.900000000000000000e+03 2.503477125909621057e-02
4.950000000000000000e+03 2.277213507743277437e-02
5.000000000000000000e+03 2.178444609794870368e-02
5.050000000000000000e+03 2.211573382327068626e-02
5.100000000000000000e+03 2.337329747375630623e-02
5.150000000000000000e+03 2.504479699555072630e-02
5.200000000000000000e+03 2.589532550125541246e-02
5.250000000000000000e+03 2.662227631544605844e-02
5.300000000000000000e+03 2.658391991618480957e-02
5.350000000000000000e+03 2.648987548201262032e-02
5.400000000000000000e+03 2.506132208702459285e-02
5.450000000000000000e+03 2.380029399888018704e-02
5.500000000000000000e+03 2.391975680262338130e-02
5.550000000000000000e+03 2.365392328008741885e-02
5.600000000000000000e+03 2.351840547770048598e-02
5.650000000000000000e+03 2.307463669128584707e-02
5.700000000000000000e+03 2.189163129145745360e-02
5.750000000000000000e+03 2.187892993267599381e-02
5.800000000000000000e+03 2.386083291090427064e-02
5.850000000000000000e+03 2.610958753770064103e-02
5.900000000000000000e+03 2.646393381269696032e-02
5.950000000000000000e+03 2.501535553335330550e-02
6.000000000000000000e+03 2.397160372849040794e-02
6.050000000000000000e+03 2.456313726934683528e-02
6.100000000000000000e+03 2.533466289812789582e-02
6.150000000000000000e+03 2.566991559194631289e-02
6.200000000000000000e+03 2.553783327520076779e-02
6.250000000000000000e+03 2.444150435664589269e-02
6.300000000000000000e+03 2.383449211283776570e-02
6.350000000000000000e+03 2.443238422493853104e-02
6.400000000000000000e+03 2.655202905051857326e-02
6.450000000000000000e+03 2.700735586462313376e-02
6.500000000000000000e+03 2.552173533665438518e-02
6.550000000000000000e+03 2.434513312187131309e-02
6.600000000000000000e+03 2.380005058815287330e-02
6.650000000000000000e+03 2.351720433347841838e-02
6.700000000000000000e+03 2.377533869015983903e-02
6.750000000000000000e+03 2.379468312853561668e-02
6.800000000000000000e+03 2.324102865159485137e-02
6.850000000000000000e+03 2.410137039365722531e-02
6.900000000000000000e+03 2.622729393223868777e-02
6.950000000000000000e+03 2.696680306500039148e-02
7.000000000000000000e+03 2.612058386686961012e-02
7.050000000000000000e+03 2.568593488383331958e-02
7.100000000000000000e+03 2.562508460425094378e-02
7.150000000000000000e+03 2.556230457697229036e-02
7.200000000000000000e+03 2.453820892901350734e-02
7.250000000000000000e+03 2.354413721977037868e-02
7.300000000000000000e+03 2.295110212463318672e-02
7.350000000000000000e+03 2.327619368108658354e-02
7.400000000000000000e+03 2.427622604916542318e-02
7.450000000000000000e+03 2.502710823980135862e-02
7.500000000000000000e+03 2.373044949990627678e-02
7.550000000000000000e+03 2.344681795487977422e-02
7.600000000000000000e+03 2.345846032422294752e-02
7.650000000000000000e+03 2.499687800175736524e-02
7.700000000000000000e+03 2.582472818741067891e-02
7.750000000000000000e+03 2.408798728616604046e-02
7.800000000000000000e+03 2.375420958965085774e-02
7.850000000000000000e+03 2.459582620440886602e-02
7.900000000000000000e+03 2.546652903900599799e-02
7.950000000000000000e+03 2.647182167724941582e-02
8.000000000000000000e+03 2.700136131859176558e-02
8.050000000000000000e+03 2.553427149327333612e-02
8.100000000000000000e+03 2.347819025377994792e-02
8.150000000000000000e+03 2.308519155621866978e-02
8.200000000000000000e+03 2.283377870455364361e-02
8.250000000000000000e+03 2.300438541256569214e-02
8.300000000000000000e+03 2.306595672282208201e-02
8.350000000000000000e+03 2.310885690403945147e-02
8.400000000000000000e+03 2.381311597551010947e-02
8.450000000000000000e+03 2.484054747255778905e-02
8.500000000000000000e+03 2.407226727460317142e-02
8.550000000000000000e+03 2.360036936394998772e-02
8.600000000000000000e+03 2.500503590422761824e-02
8.650000000000000000e+03 2.595872458625679904e-02
8.700000000000000000e+03 2.615293304991599468e-02
8.750000000000000000e+03 2.577343412612579168e-02
8.800000000000000000e+03 2.484362189345592359e-02
8.850000000000000000e+03 2.377325001906660171e-02
8.900000000000000000e+03 2.398475302216691862e-02
8.950000000000000000e+03 2.476714664432760893e-02
9.000000000000000000e+03 2.422208744149971504e-02
9.050000000000000000e+03 2.365095430574332483e-02
9.100000000000000000e+03 2.351006726075282466e-02
9.150000000000000000e+03 2.347907163826323459e-02
9.200000000000000000e+03 2.342317598244154572e-02
9.250000000000000000e+03 2.424127588751430473e-02
9.300000000000000000e+03 2.455042889755448821e-02
9.350000000000000000e+03 2.429747004008573491e-02
9.400000000000000000e+03 2.430965247059899484e-02
9.450000000000000000e+03 2.520186754223583889e-02
9.500000000000000000e+03 2.474394530154702329e-02
9.550000000000000000e+03 2.432930963883506506e-02
9.600000000000000000e+03 2.464812532924363225e-02
9.650000000000000000e+03 2.453450266806296923e-02
9.700000000000000000e+03 2.421908523530426349e-02
9.750000000000000000e+03 2.431356793016488035e-02
9.800000000000000000e+03 2.413154208520843641e-02
9.850000000000000000e+03 2.277560129377333847e-02
9.900000000000000000e+03 2.202390328087257612e-02
9.950000000000000000e+03 2.259777415266042699e-02
1.000000000000000000e+04 2.487525138179491960e-02
