# time_fs temperature_K pressure_eV_per_A3 kinetic_energy_eV potential_energy_eV total_energy_eV
0.000000000000000000e+00 3.009753479454575427e+02 7.245367900586648612e-03 1.941313250386638245e+01 -7.812180042571610556e+02 -7.618048717532947194e+02
5.000000000000000000e+01 2.920160665907923772e+02 8.542364724890932209e-03 1.883525223139617921e+01 -7.788858139253073887e+02 -7.600505616939111633e+02
1.000000000000000000e+02 3.044781329413804656e+02 8.620082142047812146e-03 1.963906472629786748e+01 -7.789651519322471813e+02 -7.593260872059493067e+02
1.500000000000000000e+02 3.026675815321456753e+02 7.820437137142574602e-03 1.952228282155892103e+01 -7.802471286946562259e+02 -7.607248458730972516e+02
2.000000000000000000e+02 2.979841764632109289e+02 8.371339799154164929e-03 1.922019973138840854e+01 -7.792283387153211152e+02 -7.600081389839326675e+02
2.500000000000000000e+02 3.007033534247406692e+02 8.290423776150563848e-03 1.939558865614912975e+01 -7.792754658431277903e+02 -7.598798771869786606e+02
3.000000000000000000e+02 2.998856851938401178e+02 8.322948164661671602e-03 1.934284845061724312e+01 -7.791931908400121074e+02 -7.598503423893948820e+02
3.500000000000000000e+02 2.977316025707226004e+02 8.970270910249832780e-03 1.920390852855281238e+01 -7.782606137421876156e+02 -7.590567052136348138e+02
4.000000000000000000e+02 3.023785308125060283e+02 8.156229841613555839e-03 1.950363883639865037e+01 -7.795985451195018641e+02 -7.600949062831032279e+02
4.500000000000000000e+02 2.988330032546576831e+02 7.971767353551196394e-03 1.927494968711625489e+01 -7.799762566180302201e+02 -7.607013069309139155e+02
5.000000000000000000e+02 3.002063679312547606e+02 8.030207607692969873e-03 1.936353272431483674e+01 -7.798718964777181100e+02 -7.605083637534032732e+02
5.500000000000000000e+02 3.013929607537514244e+02 8.157737353563444122e-03 1.944006883881229086e+01 -7.796595742653961452e+02 -7.602195054265838507e+02
6.000000000000000000e+02 2.996811540297588863e+02 8.156897775310322646e-03 1.932965603928992593e+01 -7.794708368763069757e+02 -7.601411808370170320e+02
6.500000000000000000e+02 2.951631598468933930e+02 9.086938659824884967e-03 1.903824207358679388e+01 -7.777946899629018844e+02 -7.587564478893150408e+02
7.000000000000000000e+02 2.976724311013796296e+02 9.362795376047295878e-03 1.920009192502483231e+01 -7.773982586333335121e+02 -7.581981667083086904e+02
7.500000000000000000e+02 3.091286004238114060e+02 7.739362447683320601e-03 1.993902331778262393e+01 -7.804653421763568986e+02 -7.605263188585743137e+02
8.000000000000000000e+02 2.979390536821235287e+02 7.416005495201848097e-03 1.921728927864145575e+01 -7.809387476990463028e+02 -7.617214584204048151e+02
8.500000000000000000e+02 2.975492380835918311e+02 8.230211676457911685e-03 1.919214588428032897e+01 -7.795732225668911042e+02 -7.603810766826107965e+02
9.000000000000000000e+02 3.004399177300568908e+02 8.633610848209311711e-03 1.937859685903998042e+01 -7.788292569651694066e+02 -7.594506601061294759e+02
9.500000000000000000e+02 3.008075515591579574e+02 8.170686085973526830e-03 1.940230951287013994e+01 -7.794938631680778371e+02 -7.600915536552076901e+02
1.000000000000000000e+03 2.982508843468335158e+02 8.386540922618151636e-03 1.923740258710378370e+01 -7.791583584777188207e+02 -7.599209558906150050e+02
1.050000000000000000e+03 3.016583517839133037e+02 8.821473737807099952e-03 1.945718675650568485e+01 -7.785309492167052667e+02 -7.590737624601995321e+02
1.100000000000000000e+03 3.004481525963421973e+02 7.832689672289698188e-03 1.937912801400479523e+01 -7.802030443511735029e+02 -7.608239163371687255e+02
1.150000000000000000e+03 2.973557258581710698e+02 8.131837909547622381e-03 1.917966420264475502e+01 -7.796161384145249258e+02 -7.604364742118801814e+02
1.200000000000000000e+03 2.990054380578249038e+02 8.616677972686708625e-03 1.928607185943041458e+01 -7.787958592197070402e+02 -7.595097873602766185e+02
1.250000000000000000e+03 3.030310791727516175e+02 8.393800541589129319e-03 1.954572868817257003e+01 -7.792371780046183858e+02 -7.596914493164458690e+02
1.300000000000000000e+03 2.995473534420765418e+02 8.146694316285202353e-03 1.932102580244327328e+01 -7.796333278726225444e+02 -7.603123020701792711e+02
1.350000000000000000e+03 2.976399726545693625e+02 8.515918938430542401e-03 1.919799833120361399e+01 -7.789713984669020874e+02 -7.597734001356984663e+02
1.400000000000000000e+03 3.015251301591152355e+02 8.111742611765811531e-03 1.944859386319319228e+01 -7.796153819510798257e+02 -7.601667880878866299e+02
1.450000000000000000e+03 3.006601085651146832e+02 8.264129393553735006e-03 1.939279933072509721e+01 -7.793761288990237972e+02 -7.599833295682987000e+02
1.500000000000000000e+03 2.955839374246260718e+02 8.422226875454493292e-03 1.906538253850175124e+01 -7.789960854367952834e+02 -7.599307028982934753e+02
1.550000000000000000e+03 3.005918901822433895e+02 8.942146643277646204e-03 1.938839919458464678e+01 -7.782549164868443086e+02 -7.588665172922596867e+02
1.600000000000000000e+03 3.047743920556268904e+02 7.973289287169881348e-03 1.965817365824064566e+01 -7.799985874320282164e+02 -7.603404137737875317e+02
1.650000000000000000e+03 2.977892041848270992e+02 8.041256309706054303e-03 1.920762387525705606e+01 -7.798916571910143603e+02 -7.606840333157573468e+02
1.700000000000000000e+03 2.975990694481173477e+02 8.440525924408545308e-03 1.919536004414088382e+01 -7.791768049015664701e+02 -7.599814448574255721e+02
1.750000000000000000e+03 3.032286411885821167e+02 8.344819356631156745e-03 1.955847158428425914e+01 -7.792902750468813338e+02 -7.597318034625970995e+02
1.800000000000000000e+03 3.021484071329386438e+02 7.750169851743642958e-03 1.948879568889765324e+01 -7.803248428352180781e+02 -7.608360471463204249e+02
1.850000000000000000e+03 2.956761408804617304e+02 8.441384092025149347e-03 1.907132972958457628e+01 -7.790983516745385487e+02 -7.600270219449539582e+02
1.900000000000000000e+03 3.034851428291513002e+02 8.565318986328276582e-03 1.957501612977551275e+01 -7.790075801959433193e+02 -7.594325640661678563e+02
1.950000000000000000e+03 3.021903163692271050e+02 8.177765316486489827e-03 1.949149886562876333e+01 -7.795372478421097640e+02 -7.600457489764810362e+02
2.000000000000000000e+03 2.976478721734511055e+02 8.281402298851535740e-03 1.919850785601292387e+01 -7.793976981563536128e+02 -7.601991903003406605e+02
2.050000000000000000e+03 3.007308609706979610e+02 8.346078491688941128e-03 1.939736291320430084e+01 -7.793134047487546923e+02 -7.599160418355503452e+02
2.100000000000000000e+03 3.049329284798548088e+02 8.096030018555758212e-03 1.966839937483582545e+01 -7.798529400366459186e+02 -7.601845406618100469e+02
2.150000000000000000e+03 2.984307125782951289e+02 7.953471372196917535e-03 1.924900164101012834e+01 -7.800968450588742371e+02 -7.608478434178640555e+02
2.200000000000000000e+03 2.970737030465626276e+02 8.361093424057325710e-03 1.916147352274940374e+01 -7.793034788564455084e+02 -7.601420053336961473e+02
2.250000000000000000e+03 3.058568328256960172e+02 8.221502961411558327e-03 1.972799188833950268e+01 -7.796022296737330635e+02 -7.598742377853935750e+02
2.300000000000000000e+03 2.965253195812273361e+02 8.205353660411869587e-03 1.912610238372371896e+01 -7.795049510425202470e+02 -7.603788486587965281e+02
2.350000000000000000e+03 2.989151444314171044e+02 8.533178697610870750e-03 1.928024785375794181e+01 -7.789147985700521986e+02 -7.596345507162942567e+02
2.400000000000000000e+03 2.971575053558685795e+02 8.740651507835423342e-03 1.916687883366869372e+01 -7.785695838391585539e+02 -7.594027050054899064e+02
2.450000000000000000e+03 3.077342691185272656e+02 8.249534586469339445e-03 1.984908791752959090e+01 -7.795279908572283603e+02 -7.596789029396987871e+02
2.500000000000000000e+03 2.945590681677093698e+02 7.869978887759197447e-03 1.899927771357346984e+01 -7.800554975278250822e+02 -7.610562198142515626e+02
2.550000000000000000e+03 3.019912209085630366e+02 8.202090134201645011e-03 1.947865706119137741e+01 -7.795090857957868593e+02 -7.600304287345954890e+02
2.600000000000000000e+03 2.980216309985429461e+02 8.617006988809289628e-03 1.922261557661371967e+01 -7.787392103152611753e+02 -7.595165947386474272e+02
2.650000000000000000e+03 3.028148368943790842e+02 8.199778682839838073e-03 1.953178090131348199e+01 -7.794695447704118578e+02 -7.599377638690983758e+02
2.700000000000000000e+03 2.978054010506157283e+02 8.267164719516271673e-03 1.920866858507747210e+01 -7.794484075003242651e+02 -7.602397389152467895e+02
2.750000000000000000e+03 3.010150614718062343e+02 7.917992306721166260e-03 1.941569405568272089e+01 -7.799514566828902389e+02 -7.605357626272075322e+02
2.800000000000000000e+03 2.978860869869320140e+02 9.137100730084621661e-03 1.921387288763447287e+01 -7.779561497198495772e+02 -7.587422768322151114e+02
2.850000000000000000e+03 3.047019652000270185e+02 8.044007940533001028e-03 1.965350207249717229e+01 -7.798546601840408812e+02 -7.602011581115436911e+02
2.900000000000000000e+03 2.995873536312813599e+02 7.984128536878611071e-03 1.932360584422580985e+01 -7.798918054961819735e+02 -7.605681996519562063e+02
2.950000000000000000e+03 3.017146878107028556e+02 7.766237201726911704e-03 1.946082047189225150e+01 -7.803864274880127141e+02 -7.609256070161204661e+02
3.000000000000000000e+03 2.938742064249236705e+02 8.422729480338774291e-03 1.895510362473102717e+01 -7.791203282897891995e+02 -7.601652246650581901e+02
3.050000000000000000e+03 3.000869803691443281e+02 8.720755032748189750e-03 1.935583213827553450e+01 -7.786102164752765020e+02 -7.592543843370009427e+02
3.100000000000000000e+03 3.047942891486775920e+02 8.265913177771314763e-03 1.965945703545566303e+01 -7.793882247149374507e+02 -7.597287676794817344e+02
3.150000000000000000e+03 2.985002321588503378e+02 8.306092651520229422e-03 1.925348570536338499e+01 -7.793994837715896438e+02 -7.601459980662262979e+02
3.200000000000000000e+03 2.983194239664223915e+02 8.288105434363443255e-03 1.924182344325006255e+01 -7.793438315367243376e+02 -7.601020080934742964e+02
3.250000000000000000e+03 3.008281933035206634e+02 8.359791184234860104e-03 1.940364092064542945e+01 -7.793347485395631793e+02 -7.599311076189177356e+02
3.300000000000000000e+03 2.993286862583828452e+02 8.096679299404415178e-03 1.930692160739782892e+01 -7.798487436337237568e+02 -7.605418220263259172e+02
3.350000000000000000e+03 3.041907396025283106e+02 8.094448958693042234e-03 1.962052764342396927e+01 -7.799062581577392166e+02 -7.602857305143152189e+02
3.400000000000000000e+03 2.959734331200447741e+02 8.335799018776299599e-03 1.909050529887553083e+01 -7.793423092105375645e+02 -7.602518039116620230e+02
3.450000000000000000e+03 3.005271147843580479e+02 8.148603294434767289e-03 1.938422113352176268e+01 -7.796505524171028583e+02 -7.602663312835810530e+02
3.500000000000000000e+03 3.012124358347057864e+02 8.411387635889729097e-03 1.942842484804160108e+01 -7.792603544068259680e+02 -7.598319295587843953e+02
3.550000000000000000e+03 2.979739020616873404e+02 8.499249217031464368e-03 1.921953702489255278e+01 -7.790911710444752316e+02 -7.598716340195826433e+02
3.600000000000000000e+03 3.008787055056837403e+02 8.141025508827358370e-03 1.940689899503706073e+01 -7.796923175435653093e+02 -7.602854185485282414e+02
3.650000000000000000e+03 2.990219133080643701e+02 8.073589430132218844e-03 1.928713452525376582e+01 -7.797149772965681223e+02 -7.604278427713143174e+02
3.700000000000000000e+03 2.979116653970248763e+02 8.425084171004579639e-03 1.921552271399985656e+01 -7.792257404042755979e+02 -7.600102176902757947e+02
3.750000000000000000e+03 3.063864950534285185e+02 7.955952079121470302e-03 1.976215549369606705e+01 -7.800223524374252975e+02 -7.602601969437292837e+02
3.800000000000000000e+03 2.945241681896086448e+02 8.566383459970077982e-03 1.899702663917858558e+01 -7.788575630438823509e+02 -7.598605364047037938e+02
3.850000000000000000e+03 3.071086843545544411e+02 8.686685931962171911e-03 1.980873723765395766e+01 -7.787537683918091034e+02 -7.589450311541551173e+02
3.900000000000000000e+03 2.952005439129495699e+02 7.937967764210842811e-03 1.904065337349170761e+01 -7.799409644336961946e+02 -7.609003110602044444e+02
3.950000000000000000e+03 3.045697606909632782e+02 7.811990981105260828e-03 1.964497478390167018e+01 -7.800411781222427408e+02 -7.603962033383410244e+02
4.000000000000000000e+03 2.957659731582963332e+02 8.825271884485114474e-03 1.907712397793292780e+01 -7.784209084016140423e+02 -7.593437844236810861e+02
4.050000000000000000e+03 3.007429293057800237e+02 8.633068165784549969e-03 1.939814132974123240e+01 -7.787735145338850771e+02 -7.593753732041438980e+02
4.100000000000000000e+03 3.017264363493096084e+02 8.164386652782431447e-03 1.946157826132004587e+01 -7.796301676015566500e+02 -7.601685893402366219e+02
4.150000000000000000e+03 2.999748454282102443e+02 8.208331243984077000e-03 1.934859935166517886e+01 -7.796359769307882743e+02 -7.602873775791231310e+02
4.200000000000000000e+03 2.982326631989874386e+02 8.019366392725078146e-03 1.923622730959377236e+01 -7.798722617532641834e+02 -7.606360344436703826e+02
4.250000000000000000e+03 2.979793684973100767e+02 8.578314168010905613e-03 1.921988961403247131e+01 -7.789566552975359173e+02 -7.597367656835034495e+02
4.300000000000000000e+03 3.047382911322735026e+02 8.052489795279834522e-03 1.965584512198890366e+01 -7.797253308311701403e+02 -7.600694857091812082e+02
4.350000000000000000e+03 2.980800139879157769e+02 8.414990469418400648e-03 1.922638132260057020e+01 -7.792317963884456731e+02 -7.600054150658451135e+02
4.400000000000000000e+03 3.010385176082679095e+02 8.261196896622127403e-03 1.941720699382954152e+01 -7.795042723060711296e+02 -7.600870653122416343e+02
4.450000000000000000e+03 2.996090369743335486e+02 8.255673551367017846e-03 1.932500443588679673e+01 -7.795917063244228302e+02 -7.602667018885360903e+02
4.500000000000000000e+03 2.975849216830742421e+02 8.421691225830238436e-03 1.919444750283379619e+01 -7.791712552631998960e+02 -7.599768077603661141e+02
4.550000000000000000e+03 3.057624469602611157e+02 8.729230643592635064e-03 1.972190393022370358e+01 -7.788109544007196519e+02 -7.590890504704959767e+02
4.600000000000000000e+03 2.994727631740097422e+02 7.591991589578842535e-03 1.931621467499591205e+01 -7.806263945937250810e+02 -7.613101799187292045e+02
4.650000000000000000e+03 2.972961549358578281e+02 8.515308741956783417e-03 1.917582183410480923e+01 -7.790908928303789480e+02 -7.599150709962741530e+02
4.700000000000000000e+03 3.041166550310713319e+02 7.719318878082808040e-03 1.961574913378188612e+01 -7.804723722406657771e+02 -7.608566231068839443e+02
4.750000000000000000e+03 2.984827110121883607e+02 8.224799559392566642e-03 1.925235557844737500e+01 -7.796060850780269220e+02 -7.603537294995795719e+02
4.800000000000000000e+03 2.995492643770350583e+02 8.505946229081443391e-03 1.932114905916117209e+01 -7.789961333751439270e+02 -7.596749843159827833e+02
4.850000000000000000e+03 3.022249429445432725e+02 8.478659332504415863e-03 1.949373230534186874e+01 -7.790685660169273206e+02 -7.595748337115854838e+02
4.900000000000000000e+03 3.000455303803110496e+02 8.149215269672629297e-03 1.935315858334488226e+01 -7.796445066089760303e+02 -7.602913480256311232e+02
4.950000000000000000e+03 2.971415637229019353e+02 8.448627438353693841e-03 1.916585058655403273e+01 -7.790946070111957624e+02 -7.599287564246417332e+02
5.000000000000000000e+03 2.995758755379450804e+02 8.074335257168602578e-03 1.932286549871794534e+01 -7.797792641644655305e+02 -7.604563986657475425e+02
5.050000000000000000e+03 3.038644203192569080e+02 8.134727371806097646e-03 1.959947980835056924e+01 -7.796951803606006024e+02 -7.600957005522500367e+02
5.100000000000000000e+03 2.962000969898467133e+02 8.230586928987570702e-03 1.910512528608824212e+01 -7.795384701232809448e+02 -7.604333448371927489e+02
5.150000000000000000e+03 2.996155083941247881e+02 8.579735219237003344e-03 1.932542184724873380e+01 -7.789037883109849645e+02 -7.595783664637361881e+02
5.200000000000000000e+03 3.027102640878052284e+02 8.038834646769400100e-03 1.952503587796131157e+01 -7.799146548984507490e+02 -7.603896190204894765e+02
5.250000000000000000e+03 2.975890634090114304e+02 8.378306751497578003e-03 1.919471464721941345e+01 -7.792538878721127276e+02 -7.600591732248933567e+02
5.300000000000000000e+03 3.039255516817316334e+02 7.852020498027700163e-03 1.960342282643482292e+01 -7.801146888194177791e+02 -7.605112659929829988e+02
5.350000000000000000e+03 2.956776936072924968e+02 8.505240336886080513e-03 1.907142988161335140e+01 -7.790326521908705217e+02 -7.599612223092572094e+02
5.400000000000000000e+03 3.024080894023747987e+02 8.510944992084967450e-03 1.950554538730279219e+01 -7.790550360005579478e+02 -7.595494906132551023e+02
5.450000000000000000e+03 3.022931876393550965e+02 7.743446687923117092e-03 1.949813413862194267e+01 -7.803530999512590824e+02 -7.608549658126371469e+02
5.500000000000000000e+03 2.992066024069712284e+02 8.376648432543305420e-03 1.929904710870478368e+01 -7.793495724192391663e+02 -7.600505253105343400e+02
5.550000000000000000e+03 2.982772897477669858e+02 8.210520484619412973e-03 1.923910575498991804e+01 -7.795363665909018209e+02 -7.602972608359118567e+02
5.600000000000000000e+03 3.002369025719086153e+02 8.387099053717829086e-03 1.936550223121637515e+01 -7.792074556070941753e+02 -7.598419533758777789e+02
5.650000000000000000e+03 3.000590423111881933e+02 8.485596638418623286e-03 1.935403011287808894e+01 -7.790005714592073218e+02 -7.596465413463292862e+02
5.700000000000000000e+03 3.022777321462906457e+02 8.321911820362137141e-03 1.949713724789045699e+01 -7.793187642696696003e+02 -7.598216270217791362e+02
5.750000000000000000e+03 3.005359736046224839e+02 7.815069061741787906e-03 1.938479253397962765e+01 -7.802424026694764052e+02 -7.608576101354967705e+02
5.800000000000000000e+03 3.001935235855108886e+02 8.061224924884148949e-03 1.936270425451638744e+01 -7.798177551765442104e+02 -7.604550509220277945e+02
5.850000000000000000e+03 2.969374359835671271e+02 8.233527980092575707e-03 1.915268419642117692e+01 -7.793653112934887304e+02 -7.602126270970675250e+02
5.900000000000000000e+03 2.964978193594657796e+02 9.152608507573507107e-03 1.912432859908458482e+01 -7.776898154883091365e+02 -7.585654868892245304e+02
5.950000000000000000e+03 3.051733253106730217e+02 8.502979651737572683e-03 1.968390514818916159e+01 -7.791041666087337489e+02 -7.594202614605445660e+02
6.000000000000000000e+03 3.010482674145856663e+02 7.454793167294376625e-03 1.941783586354669566e+01 -7.807212735659035161e+02 -7.613034377023568595e+02
6.050000000000000000e+03 2.991263782843067247e+02 8.294618980743531655e-03 1.929387259346981764e+01 -7.793308820066208682e+02 -7.600370094131510541e+02
6.100000000000000000e+03 2.974720303560286538e+02 8.538394793754070650e-03 1.918716592875992433e+01 -7.788034965280127153e+02 -7.596163305992528194e+02
6.150000000000000000e+03 3.027584760750800115e+02 8.494454148202183405e-03 1.952814558679171597e+01 -7.789529747484419886e+02 -7.594248291616502229e+02
6.200000000000000000e+03 2.978208596737376297e+02 8.397318121558160209e-03 1.920966567769997724e+01 -7.791813706342761634e+02 -7.599717049565762181e+02
6.250000000000000000e+03 3.006793565982486029e+02 8.033295925652444644e-03 1.939404084309552445e+01 -7.797486833695876385e+02 -7.603546425264921709e+02
6.300000000000000000e+03 2.993298556690389773e+02 8.767673728692859658e-03 1.930699703524988919e+01 -7.785862881974159109e+02 -7.592792911621660323e+02
6.350000000000000000e+03 3.004260571187951427e+02 7.866997401103357698e-03 1.937770283936413307e+01 -7.800623700862906844e+02 -7.606846672469265513e+02
6.400000000000000000e+03 2.999222662016149457e+02 8.307135273979818213e-03 1.934520795266917048e+01 -7.792855797323926481e+02 -7.599403717797234776e+02
6.450000000000000000e+03 2.983903371040933052e+02 8.058634637000622672e-03 1.924639739306777386e+01 -7.797672213449147876e+02 -7.605208239518469782e+02
6.500000000000000000e+03 3.009216771739082787e+02 7.870184859526611898e-03 1.940967069941368095e+01 -7.800590379912345043e+02 -7.606493672918207949e+02
6.550000000000000000e+03 2.982525541812616439e+02 8.909470948155086625e-03 1.923751029265918788e+01 -7.782308910538780538e+02 -7.589933807612188730e+02
6.600000000000000000e+03 3.020395555620378332e+02 8.535282245576484433e-03 1.948177468208238849e+01 -7.789709962916808763e+02 -7.594892216095985304e+02
6.650000000000000000e+03 3.037620561594492301e+02 7.817967752519335359e-03 1.959287724434804190e+01 -7.802088166820495871e+02 -7.606159394377015133e+02
6.700000000000000000e+03 2.962497503965821011e+02 8.001492932221540219e-03 1.910832796753973994e+01 -7.798076375245086638e+02 -7.606993095569689558e+02
6.750000000000000000e+03 2.962402166528265752e+02 8.903030402883090749e-03 1.910771303401761756e+01 -7.782472382926177943e+02 -7.591395252586002016e+02
6.800000000000000000e+03 3.024869738793564693e+02 8.448536028321674413e-03 1.951063349440059014e+01 -7.790594558242008816e+02 -7.595488223298002595e+02
6.850000000000000000e+03 2.993605066939905441e+02 7.664697712195841194e-03 1.930897404902469461e+01 -7.804196398346430215e+02 -7.611106657856183801e+02
6.900000000000000000e+03 2.979190100632421832e+02 8.115974154616090522e-03 1.921599645040200954e+01 -7.796409828083600360e+02 -7.604249863579580051e+02
6.950000000000000000e+03 2.989616749305075700e+02 8.731076186812744902e-03 1.928324910535705072e+01 -7.785737435232643975e+02 -7.592904944179073254e+02
7.000000000000000000e+03 3.027507775500374692e+02 8.694887506024805493e-03 1.952764902623366439e+01 -7.786646400454626473e+02 -7.591369910192289581e+02
7.050000000000000000e+03 3.015127897308173601e+02 7.973436946421941229e-03 1.944779789644263701e+01 -7.799506165878498223e+02 -7.605028186914071284e+02
7.100000000000000000e+03 3.006667208753814293e+02 7.624254703097100953e-03 1.939322582962688912e+01 -7.805925359068077114e+02 -7.611993100771808258e+02
7.150000000000000000e+03 2.975910066399433163e+02 8.587060456376959319e-03 1.919483998705147698e+01 -7.789007436042353447e+02 -7.597059036171838216e+02
7.200000000000000000e+03 3.015360050211745602e+02 8.311919945298314530e-03 1.944929529983762251e+01 -7.793220533928667919e+02 -7.598727580930291197e+02
7.250000000000000000e+03 3.008413099894231664e+02 8.145332654492982299e-03 1.940448695658549738e+01 -7.796281486076801457e+02 -7.602236616510946305e+02
7.300000000000000000e+03 3.002477426758664478e+02 8.162212952473033023e-03 1.936620142593755745e+01 -7.796792153103459668e+02 -7.603130138844084058e+02
7.350000000000000000e+03 2.998589405803823524e+02 8.368175366170554214e-03 1.934112340327245150e+01 -7.792461484677119188e+02 -7.599050250644394282e+02
7.400000000000000000e+03 3.013015811762566614e+02 7.901208134349748183e-03 1.943417478849168489e+01 -7.799626652789327181e+02 -7.605284904904410723e+02
7.450000000000000000e+03 2.940725057791157155e+02 9.089222489338829106e-03 1.896789407971227348e+01 -7.781027981397763824e+02 -7.591349040600640592e+02
7.500000000000000000e+03 3.046668116952284322e+02 7.478134289444276703e-03 1.965123464544280196e+01 -7.806526443092037653e+02 -7.610014096637609100e+02
7.550000000000000000e+03 2.983769995451103796e+02 8.633399751050215010e-03 1.924553711065068740e+01 -7.788556191781560756e+02 -7.596100820675053455e+02
7.600000000000000000e+03 2.993617538469464421e+02 8.375470526000983532e-03 1.930905449131257612e+01 -7.791641387487248949e+02 -7.598550842574122726e+02
7.650000000000000000e+03 3.010219133862885315e+02 8.163784801661249854e-03 1.941613600923359328e+01 -7.795040098294417703e+02 -7.600878738202081877e+02
7.700000000000000000e+03 3.000517697826532526e+02 8.762895706301213408e-03 1.935356102940978928e+01 -7.786508499953498585e+02 -7.592972889659400835e+02
7.750000000000000000e+03 3.008278075533008860e+02 7.716623542818519012e-03 1.940361603947100377e+01 -7.804293194755895229e+02 -7.610257034361185333e+02
7.800000000000000000e+03 2.979043214139945803e+02 8.106394279425470015e-03 1.921504902166376638e+01 -7.797452047911974660e+02 -7.605301557695337351e+02
7.850000000000000000e+03 2.990723983919379521e+02 8.325991266472642163e-03 1.929039085049567603e+01 -7.793129590654988306e+02 -7.600225682150031616e+02
7.900000000000000000e+03 3.015062991455307611e+02 8.300742370889327773e-03 1.944737924889207648e+01 -7.793421105905164268e+02 -7.598947313416243787e+02
7.950000000000000000e+03 2.985235803772171153e+02 8.156559562983745418e-03 1.925499168271328543e+01 -7.796597500480398821e+02 -7.604047583653266429e+02
8.000000000000000000e+03 3.006085882633591950e+02 8.183932516962437800e-03 1.938947623316429869e+01 -7.796145270049335068e+02 -7.602250507717692471e+02
8.050000000000000000e+03 2.955207669455445512e+02 8.584491720359360353e-03 1.906130799588849811e+01 -7.788131538566084373e+02 -7.597518458607199818e+02
8.100000000000000000e+03 3.030503605917376717e+02 8.413931378492682869e-03 1.954697235395514809e+01 -7.792550614765307273e+02 -7.597080891225755295e+02
8.150000000000000000e+03 3.027135151071712471e+02 8.221113246947351835e-03 1.952524557111444281e+01 -7.794769732242363034e+02 -7.599517276531219068e+02
8.200000000000000000e+03 3.013013427036676148e+02 7.751144052833050177e-03 1.943415940683334853e+01 -7.802824165903954281e+02 -7.608482571835620547e+02
8.250000000000000000e+03 2.971716830469281945e+02 8.311253774002399716e-03 1.916779330522597746e+01 -7.794179172339726165e+02 -7.602501239287466888e+02
8.300000000000000000e+03 3.025070305120962644e+02 8.404994018706190076e-03 1.951192716204353061e+01 -7.792507382154338984e+02 -7.597388110533903500e+02
8.350000000000000000e+03 2.995611848587364534e+02 8.517487700197232461e-03 1.932191793904571497e+01 -7.789867395874689464e+02 -7.596648216484231853e+02
8.400000000000000000e+03 2.975519353782192411e+02 7.870170722375580477e-03 1.919231986177835836e+01 -7.800758897990393734e+02 -7.608835699372609724e+02
8.450000000000000000e+03 2.976041320393001115e+02 8.662786995338135274e-03 1.919568658501578895e+01 -7.787069878629667983e+02 -7.595113012779510200e+02
8.500000000000000000e+03 3.014579260452777021e+02 8.393614668414128496e-03 1.944425914815543521e+01 -7.792750382910184044e+02 -7.598307791428629798e+02
8.550000000000000000e+03 3.024153901890388170e+02 8.078899183350828073e-03 1.950601629344131638e+01 -7.797969406012746276e+02 -7.602909243078332793e+02
8.600000000000000000e+03 2.989102347881932928e+02 8.227715141747631022e-03 1.927993117813948487e+01 -7.795643440643661961e+02 -7.602844128862267326e+02
8.650000000000000000e+03 3.015310852154729560e+02 8.128631751704810254e-03 1.944897796873183182e+01 -7.797402808676441737e+02 -7.602913028989123632e+02
8.700000000000000000e+03 2.980393919784919490e+02 8.245794991348981071e-03 1.922376117295409159e+01 -7.794710143515462732e+02 -7.602472531785921319e+02
8.750000000000000000e+03 3.009690003993118239e+02 8.383818882773307057e-03 1.941272308244618117e+01 -7.791941823099027715e+02 -7.597814592274565939e+02
8.800000000000000000e+03 3.004194003467257517e+02 8.708951191161534017e-03 1.937727347264319278e+01 -7.786645060332458570e+02 -7.592872325606026607e+02
8.850000000000000000e+03 3.041834166010709168e+02 8.006683997522998780e-03 1.962005530441484780e+01 -7.799780014013987284e+02 -7.603579460969838237e+02
8.900000000000000000e+03 2.986052369152453707e+02 7.656920111475490516e-03 1.926025858979843619e+01 -7.804770569001789227e+02 -7.612167983103804545e+02
8.950000000000000000e+03 2.969003652639814845e+02 8.999054320852272956e-03 1.915029310759532422e+01 -7.780669497746868046e+02 -7.589166566670915017e+02
9.000000000000000000e+03 2.999890131087325926e+02 8.404659419954300589e-03 1.934951317753540678e+01 -7.792797801760648326e+02 -7.599302669985294187e+02
9.050000000000000000e+03 3.038656819627159393e+02 7.988525273488474715e-03 1.959956118528662117e+01 -7.801157763317370382e+02 -7.605162151464504632e+02
9.100000000000000000e+03 2.987069850302005420e+02 8.238534828123596221e-03 1.926682141845243379e+01 -7.795636130302108313e+02 -7.602967916117584082e+02
9.150000000000000000e+03 2.967537972578290919e+02 8.443513149674359425e-03 1.914083936281626919e+01 -7.791747070049400463e+02 -7.600338676421238233e+02
9.200000000000000000e+03 3.069076626368143366e+02 7.932571612815094916e-03 1.979577118821076454e+01 -7.801250851384663747e+02 -7.603293139502555960e+02
9.250000000000000000e+03 2.936672691122744823e+02 8.430157907346106858e-03 1.894175601504180761e+01 -7.791355324742204402e+02 -7.601937764591785935e+02
9.300000000000000000e+03 3.001772294061149182e+02 8.373539354314351452e-03 1.936165326789633667e+01 -7.791637782890148856e+02 -7.598021250211185134e+02
9.350000000000000000e+03 3.012580786568236704e+02 8.688912203030193376e-03 1.943136884381956975e+01 -7.789294703841460432e+02 -7.594981015403265019e+02
9.400000000000000000e+03 3.032201875664424051e+02 7.602669106914329220e-03 1.955792631940507320e+01 -7.806897375837440904e+02 -7.611318112643390350e+02
9.450000000000000000e+03 2.989221669428282553e+02 8.403010660976017662e-03 1.928070081093687804e+01 -7.794216806445177781e+02 -7.601409798335809000e+02
9.500000000000000000e+03 3.027358972528623440e+02 7.955285837436548366e-03 1.952668923606237783e+01 -7.800696522464689906e+02 -7.605429630104066518e+02
9.550000000000000000e+03 2.976914710007487201e+02 8.336510557186737821e-03 1.920132001261351817e+01 -7.793539702186973273e+02 -7.601526502060837629e+02
9.600000000000000000e+03 2.973059079488039629e+02 8.822813364613138823e-03 1.917645091065186946e+01 -7.785230774049256297e+02 -7.593466264942737780e+02
9.650000000000000000e+03 3.016935628880163449e+02 8.204657147914013252e-03 1.945945789875778331e+01 -7.795787199268997938e+02 -7.601192620281419750e+02
9.700000000000000000e+03 3.003484493536174114e+02 7.926115931895653596e-03 1.937269708112177469e+01 -7.800959449304368718e+02 -7.607232478493150438e+02
9.750000000000000000e+03 3.010614136014825135e+02 8.395717901484855972e-03 1.941868380232271818e+01 -7.793445908604196575e+02 -7.599259070580969819e+02
9.800000000000000000e+03 2.960418699784707997e+02 8.443116597852478103e-03 1.909491952685081984e+01 -7.791615017569068868e+02 -7.600665822300560421e+02
9.850000000000000000e+03 3.012933901335367750e+02 8.349572533877275271e-03 1.943364646017924358e+01 -7.793631296926889718e+02 -7.599294832325097104e+02
9.900000000000000000e+03 2.968971463403137818e+02 8.107643013432079548e-03 1.915008548463846694e+01 -7.797168597927478686e+02 -7.605667743081094159e+02
9.950000000000000000e+03 3.080435796179614272e+02 7.691100182853841637e-03 1.986903867346805086e+01 -7.805491234688975055e+02 -7.606800847954294795e+02
1.000000000000000000e+04 2.905125429583848700e+02 8.552530105816653211e-03 1.873827384529955253e+01 -7.788823216142474166e+02 -7.601440477689478712e+02
