# time_fs vacf
0.000000000000000000e+00 6.923545061011383863e-06
5.000000000000000000e+01 8.329788030133862810e-07
1.000000000000000000e+02 -4.346374754307526444e-06
1.500000000000000000e+02 -1.073764058497422908e-06
2.000000000000000000e+02 6.516712366073844517e-07
2.500000000000000000e+02 -5.299302967375143628e-08
3.000000000000000000e+02 9.097718817156254408e-07
3.500000000000000000e+02 1.998731345507301704e-07
4.000000000000000000e+02 -1.104072313824719332e-06
4.500000000000000000e+02 2.571955504069507900e-07
5.000000000000000000e+02 6.056168899008814095e-07
5.500000000000000000e+02 -6.172763429590524700e-07
6.000000000000000000e+02 -2.692080960362535281e-08
6.500000000000000000e+02 5.100076974362528408e-07
7.000000000000000000e+02 -3.696650957118443140e-07
7.500000000000000000e+02 -2.202541916450262958e-07
8.000000000000000000e+02 4.133594406233724918e-07
8.500000000000000000e+02 1.388294046559241445e-07
9.000000000000000000e+02 1.421733681892162782e-07
9.500000000000000000e+02 2.477067676119108528e-07
1.000000000000000000e+03 -3.362442206625946535e-07
1.050000000000000000e+03 -5.737189310873377441e-07
1.100000000000000000e+03 -1.533479865003634914e-07
1.150000000000000000e+03 3.117148774580886920e-07
1.200000000000000000e+03 6.490665442601447141e-07
1.250000000000000000e+03 2.819056453470380732e-07
1.300000000000000000e+03 -6.488122674420468701e-07
1.350000000000000000e+03 -7.529420656579329915e-07
1.400000000000000000e+03 -1.533207220406191781e-08
1.450000000000000000e+03 4.065877241630459996e-07
1.500000000000000000e+03 4.042175762548999516e-07
1.550000000000000000e+03 1.945691754152741015e-07
1.600000000000000000e+03 -2.697502496974187054e-07
1.650000000000000000e+03 -2.344512011820593036e-07
1.700000000000000000e+03 3.430796158756683307e-07
1.750000000000000000e+03 2.143213873850009109e-07
1.800000000000000000e+03 -2.857114137982168760e-07
1.850000000000000000e+03 -8.501934118495744733e-08
1.900000000000000000e+03 2.222675163652525316e-08
1.950000000000000000e+03 -2.412566935644674668e-07
2.000000000000000000e+03 9.948819986415060081e-08
2.050000000000000000e+03 2.923169224078233532e-07
2.100000000000000000e+03 -2.822026051238054580e-07
2.150000000000000000e+03 -1.585815347847193411e-07
2.200000000000000000e+03 4.159803887999981353e-07
2.250000000000000000e+03 -6.733294621242453491e-08
2.300000000000000000e+03 -4.167461470249292604e-07
2.350000000000000000e+03 2.754814952634640918e-07
2.400000000000000000e+03 3.534295009655053231e-07
2.450000000000000000e+03 -2.523391894965594777e-07
2.500000000000000000e+03 -1.953786953793932014e-07
2.550000000000000000e+03 4.993205400501498831e-08
2.600000000000000000e+03 2.692135742735088637e-09
2.650000000000000000e+03 1.400009042483600458e-07
2.700000000000000000e+03 1.322315027639218719e-07
2.750000000000000000e+03 -7.673079497956039171e-08
2.800000000000000000e+03 6.273814040172144966e-08
2.850000000000000000e+03 2.286024046249800317e-08
2.900000000000000000e+03 -3.653045706945830869e-07
2.950000000000000000e+03 -1.333460791961953336e-07
3.000000000000000000e+03 3.592901229904032286e-07
3.050000000000000000e+03 1.326046092000341358e-07
3.100000000000000000e+03 -2.043985295313623643e-07
3.150000000000000000e+03 -6.945834120053246135e-08
3.200000000000000000e+03 -2.304956015680093922e-08
3.250000000000000000e+03 -1.484412482421009672e-07
3.300000000000000000e+03 1.710962951736581492e-08
3.350000000000000000e+03 3.070750569494710272e-07
3.400000000000000000e+03 2.546507688313217042e-07
3.450000000000000000e+03 -1.125556772905361375e-07
3.500000000000000000e+03 -3.088708648561868288e-07
3.550000000000000000e+03 3.792087080103733517e-08
3.600000000000000000e+03 4.016659447773248624e-07
3.650000000000000000e+03 9.579087230297933046e-08
3.700000000000000000e+03 -3.954111514466021031e-07
3.750000000000000000e+03 -3.644089799120043654e-07
3.800000000000000000e+03 -3.610877503750858463e-08
3.850000000000000000e+03 1.679129731097993300e-07
3.900000000000000000e+03 2.551681247058937519e-07
3.950000000000000000e+03 1.596959174331842623e-07
4.000000000000000000e+03 -1.415136713153927743e-07
4.050000000000000000e+03 -2.524802203488603121e-07
4.100000000000000000e+03 -5.925883504860820176e-08
4.150000000000000000e+03 5.449450470447349718e-08
4.200000000000000000e+03 1.057541769791236045e-07
4.250000000000000000e+03 2.799109465099954805e-07
4.300000000000000000e+03 2.304803395586043804e-07
4.350000000000000000e+03 -9.844243696891260638e-08
4.400000000000000000e+03 -3.242081724584731551e-07
4.450000000000000000e+03 -2.850552736252716664e-07
4.500000000000000000e+03 1.277216602739414347e-07
4.550000000000000000e+03 4.858544192905484098e-07
4.600000000000000000e+03 -3.076671427468288672e-08
4.650000000000000000e+03 -7.203053785053735639e-07
4.700000000000000000e+03 -2.437720149394072554e-07
4.750000000000000000e+03 6.429053543517264732e-07
4.800000000000000000e+03 4.508723967014913220e-07
4.850000000000000000e+03 -2.927295824152961980e-07
4.900000000000000000e+03 -4.293401032788648008e-07
4.950000000000000000e+03 -5.966377412088401410e-08
5.000000000000000000e+03 2.404136533893180311e-07
5.050000000000000000e+03 2.380921360376283294e-07
5.100000000000000000e+03 1.187104838439420188e-07
5.150000000000000000e+03 9.341260797651577152e-08
5.200000000000000000e+03 -1.321018535965865468e-08
5.250000000000000000e+03 -2.766567394978199705e-07
5.300000000000000000e+03 -2.680603081078365968e-07
5.350000000000000000e+03 3.116134715166566801e-08
5.400000000000000000e+03 6.617024329426874617e-08
5.450000000000000000e+03 -1.054748760084990988e-08
5.500000000000000000e+03 1.825048692774857502e-07
5.550000000000000000e+03 9.390321395440184664e-08
5.600000000000000000e+03 -3.435599599051062118e-07
5.650000000000000000e+03 -2.150001043580482776e-07
5.700000000000000000e+03 3.405252874193445145e-07
5.750000000000000000e+03 3.420627190138833434e-07
5.800000000000000000e+03 -7.102577936834598438e-08
5.850000000000000000e+03 -2.016785098113102934e-07
5.900000000000000000e+03 -5.469297822047626227e-08
5.950000000000000000e+03 1.396103916284731480e-07
6.000000000000000000e+03 1.618870505460259938e-07
6.050000000000000000e+03 -1.475807930599593646e-07
6.100000000000000000e+03 -3.219687750295375944e-07
6.150000000000000000e+03 1.438808331154088804e-08
6.200000000000000000e+03 2.175511774192706090e-07
6.250000000000000000e+03 -1.323408199327590762e-08
6.300000000000000000e+03 -3.959348266258953183e-09
6.350000000000000000e+03 2.098557569341845493e-07
6.400000000000000000e+03 -7.377461186262935393e-08
6.450000000000000000e+03 -4.149596416158217247e-07
6.500000000000000000e+03 -9.269912988298668332e-08
6.550000000000000000e+03 3.469436794165603875e-07
6.600000000000000000e+03 2.586376475610549634e-07
6.650000000000000000e+03 -8.538333045797575613e-08
6.700000000000000000e+03 -2.322436517753744922e-07
6.750000000000000000e+03 -5.054477628814707105e-08
6.800000000000000000e+03 2.213874680157444360e-07
6.850000000000000000e+03 1.615741529342761863e-07
6.900000000000000000e+03 -1.371591288213869389e-07
6.950000000000000000e+03 -1.012838578094837977e-07
7.000000000000000000e+03 1.092027758359367425e-07
7.050000000000000000e+03 -8.212625622391523008e-08
7.100000000000000000e+03 -2.632077072664383753e-07
7.150000000000000000e+03 6.829259309752237980e-09
7.200000000000000000e+03 1.992126844746840568e-07
7.250000000000000000e+03 3.706205933184993964e-08
7.300000000000000000e+03 -6.243416050265122798e-08
7.350000000000000000e+03 7.625721547472276344e-09
7.400000000000000000e+03 5.911545447175772247e-08
7.450000000000000000e+03 -5.743821990409228269e-09
7.500000000000000000e+03 2.992134612193474274e-09
7.550000000000000000e+03 1.622682791837128838e-07
7.600000000000000000e+03 4.287732931119025300e-08
7.650000000000000000e+03 -3.560222323743311542e-07
7.700000000000000000e+03 -2.050806189452344259e-07
7.750000000000000000e+03 3.420141567384884987e-07
7.800000000000000000e+03 2.900821345862719746e-07
7.850000000000000000e+03 -7.667701676767831895e-08
7.900000000000000000e+03 -1.331552663566906189e-07
7.950000000000000000e+03 -1.677118984741110623e-07
8.000000000000000000e+03 -1.765435813347038097e-07
8.050000000000000000e+03 1.414763532265811801e-07
8.100000000000000000e+03 2.302333641643719493e-07
8.150000000000000000e+03 -8.346512587458241933e-08
8.200000000000000000e+03 -1.865750842775893480e-07
8.250000000000000000e+03 -3.755798476124353071e-08
8.300000000000000000e+03 1.109812259006447349e-07
8.350000000000000000e+03 2.004758274230942897e-07
8.400000000000000000e+03 8.584361774608842900e-08
8.450000000000000000e+03 -1.093902476545125474e-07
8.500000000000000000e+03 -1.754459919685907004e-08
8.550000000000000000e+03 1.192963769486006141e-07
8.600000000000000000e+03 -6.678631587677451514e-08
8.650000000000000000e+03 -2.428074130139316018e-07
8.700000000000000000e+03 -4.275225810200976019e-08
8.750000000000000000e+03 1.533713919825843904e-07
8.800000000000000000e+03 -1.514196018370769986e-08
8.850000000000000000e+03 -1.142741404058868590e-07
8.900000000000000000e+03 2.199890122379673115e-08
8.950000000000000000e+03 1.171438851872423899e-07
9.000000000000000000e+03 9.709543205645588642e-08
9.050000000000000000e+03 5.893268889490857177e-09
9.100000000000000000e+03 -1.640526603895187458e-07
9.150000000000000000e+03 -7.798248180701093254e-08
9.200000000000000000e+03 1.854828597155896982e-07
9.250000000000000000e+03 1.521074642817205931e-10
9.300000000000000000e+03 -1.612091805673491157e-07
9.350000000000000000e+03 1.807703552558369719e-07
9.400000000000000000e+03 2.426197218139260608e-07
9.450000000000000000e+03 -1.971617858842826669e-07
9.500000000000000000e+03 -1.247138440541342768e-07
9.550000000000000000e+03 1.671335029816051873e-07
9.600000000000000000e+03 -1.726633308006776084e-07
9.650000000000000000e+03 -3.446177551379147322e-07
9.700000000000000000e+03 1.033561440445505933e-07
9.750000000000000000e+03 1.779192259739144747e-07
9.800000000000000000e+03 -6.148738008343057675e-08
9.850000000000000000e+03 9.128207914711962242e-08
9.900000000000000000e+03 2.705372564709498270e-07
9.950000000000000000e+03 8.808520315864489637e-08
1.000000000000000000e+04 -1.786571664298739353e-07
