# time_fs msd_A2
0.000000000000000000e+00 0.000000000000000000e+00
5.000000000000000000e+01 2.830570065305521021e-01
1.000000000000000000e+02 5.399987147460583170e-01
1.500000000000000000e+02 7.399098277799268653e-01
2.000000000000000000e+02 9.583428863946684695e-01
2.500000000000000000e+02 1.173513557851924460e+00
3.000000000000000000e+02 1.341792436130341715e+00
3.500000000000000000e+02 1.592117387073946677e+00
4.000000000000000000e+02 1.882192632190036186e+00
4.500000000000000000e+02 2.172403213441442826e+00
5.000000000000000000e+02 2.452581539272534972e+00
5.500000000000000000e+02 2.692415291136870170e+00
6.000000000000000000e+02 2.944315001854537428e+00
6.500000000000000000e+02 3.254825212454560024e+00
7.000000000000000000e+02 3.428143378862975155e+00
7.500000000000000000e+02 3.666076616538193722e+00
8.000000000000000000e+02 3.913465132707903749e+00
8.500000000000000000e+02 4.162689574375449730e+00
9.000000000000000000e+02 4.342974173670209659e+00
9.500000000000000000e+02 4.580815812947878207e+00
1.000000000000000000e+03 4.735329587597434831e+00
1.050000000000000000e+03 5.054479304071057832e+00
1.100000000000000000e+03 5.292067256859388280e+00
1.150000000000000000e+03 5.503876268889134948e+00
1.200000000000000000e+03 5.811661884761376129e+00
1.250000000000000000e+03 6.035682092705512147e+00
1.300000000000000000e+03 6.187936588802026350e+00
1.350000000000000000e+03 6.472806047682186481e+00
1.400000000000000000e+03 6.666761164258638850e+00
1.450000000000000000e+03 6.787612717217640146e+00
1.500000000000000000e+03 6.875473170526460009e+00
1.550000000000000000e+03 7.147430168454927291e+00
1.600000000000000000e+03 7.389991494261919591e+00
1.650000000000000000e+03 7.516072250993467208e+00
1.700000000000000000e+03 7.814654754705033568e+00
1.750000000000000000e+03 8.028235810992516264e+00
1.800000000000000000e+03 8.152736547800456535e+00
1.850000000000000000e+03 8.442611409408998568e+00
1.900000000000000000e+03 8.474959537862330805e+00
1.950000000000000000e+03 8.751195225694756274e+00
2.000000000000000000e+03 8.986606674972664521e+00
2.050000000000000000e+03 9.202403860348121967e+00
2.100000000000000000e+03 9.456593847201235192e+00
2.150000000000000000e+03 9.595582965532399200e+00
2.200000000000000000e+03 9.790563136226282381e+00
2.250000000000000000e+03 1.004233579354167638e+01
2.300000000000000000e+03 1.013481030526660476e+01
2.350000000000000000e+03 1.046426484627728115e+01
2.400000000000000000e+03 1.068774249843019497e+01
2.450000000000000000e+03 1.098412709253714681e+01
2.500000000000000000e+03 1.135102500330847874e+01
2.550000000000000000e+03 1.163927290744825704e+01
2.600000000000000000e+03 1.196555330599499989e+01
2.650000000000000000e+03 1.223080805185557907e+01
2.700000000000000000e+03 1.233842830615468600e+01
2.750000000000000000e+03 1.256545144773244971e+01
2.800000000000000000e+03 1.272866012060043062e+01
2.850000000000000000e+03 1.275257814053513172e+01
2.900000000000000000e+03 1.295145394419542129e+01
2.950000000000000000e+03 1.306765209861201171e+01
3.000000000000000000e+03 1.315630617336634600e+01
3.050000000000000000e+03 1.352045653678759862e+01
3.100000000000000000e+03 1.383885080428478531e+01
3.150000000000000000e+03 1.398616811622824052e+01
3.200000000000000000e+03 1.416767398079371176e+01
3.250000000000000000e+03 1.423624004194387105e+01
3.300000000000000000e+03 1.447168601236861640e+01
3.350000000000000000e+03 1.481903821169734137e+01
3.400000000000000000e+03 1.513904449751354697e+01
3.450000000000000000e+03 1.549966557356402319e+01
3.500000000000000000e+03 1.561973993553468354e+01
3.550000000000000000e+03 1.582283793757418167e+01
3.600000000000000000e+03 1.619914851635737563e+01
3.650000000000000000e+03 1.632593910861662323e+01
3.700000000000000000e+03 1.639717658301382741e+01
3.750000000000000000e+03 1.657287637662669866e+01
3.800000000000000000e+03 1.661744310038433881e+01
3.850000000000000000e+03 1.641883446719693040e+01
3.900000000000000000e+03 1.647886368884536523e+01
3.950000000000000000e+03 1.664894506244113259e+01
4.000000000000000000e+03 1.673054717450336781e+01
4.050000000000000000e+03 1.709005905700479744e+01
4.100000000000000000e+03 1.727460778985201273e+01
4.150000000000000000e+03 1.743832098235220585e+01
4.200000000000000000e+03 1.764995708619193238e+01
4.250000000000000000e+03 1.788604455449944197e+01
4.300000000000000000e+03 1.821287177472418861e+01
4.350000000000000000e+03 1.821160853454819772e+01
4.400000000000000000e+03 1.823891960274244184e+01
4.450000000000000000e+03 1.838029913239397217e+01
4.500000000000000000e+03 1.859228320139907709e+01
4.550000000000000000e+03 1.887517201364453001e+01
4.600000000000000000e+03 1.919634171539780709e+01
4.650000000000000000e+03 1.938090417257821230e+01
4.700000000000000000e+03 1.962241832855759327e+01
4.750000000000000000e+03 1.976645335635314282e+01
4.800000000000000000e+03 1.990567689405038720e+01
4.850000000000000000e+03 2.025626746205262307e+01
4.900000000000000000e+03 2.039038072325956108e+01
4.950000000000000000e+03 2.077038836792302590e+01
5.000000000000000000e+03 2.110084000870434195e+01
5.050000000000000000e+03 2.148140898107322627e+01
5.100000000000000000e+03 2.181896995653570315e+01
5.150000000000000000e+03 2.201574508975813771e+01
5.200000000000000000e+03 2.234710815496427116e+01
5.250000000000000000e+03 2.236380729765216913e+01
5.300000000000000000e+03 2.270175110390287188e+01
5.350000000000000000e+03 2.271726453152343339e+01
5.400000000000000000e+03 2.286473082891794917e+01
5.450000000000000000e+03 2.312008347584616885e+01
5.500000000000000000e+03 2.318890958259850521e+01
5.550000000000000000e+03 2.307893616864861386e+01
5.600000000000000000e+03 2.359232589957502313e+01
5.650000000000000000e+03 2.384231691529081232e+01
5.700000000000000000e+03 2.418286162303282794e+01
5.750000000000000000e+03 2.453577322016566953e+01
5.800000000000000000e+03 2.491639099083496589e+01
5.850000000000000000e+03 2.523308233859112448e+01
5.900000000000000000e+03 2.527272243294293119e+01
5.950000000000000000e+03 2.532960227977626744e+01
6.000000000000000000e+03 2.559950070606867811e+01
6.050000000000000000e+03 2.580365617519561994e+01
6.100000000000000000e+03 2.586942915607841798e+01
6.150000000000000000e+03 2.633261747037341749e+01
6.200000000000000000e+03 2.668847618527241039e+01
6.250000000000000000e+03 2.689687095006992479e+01
6.300000000000000000e+03 2.716914981191001388e+01
6.350000000000000000e+03 2.717250889910712530e+01
6.400000000000000000e+03 2.709686575033505207e+01
6.450000000000000000e+03 2.731681495453025477e+01
6.500000000000000000e+03 2.754140340804891451e+01
6.550000000000000000e+03 2.782873594171597631e+01
6.600000000000000000e+03 2.792300107780570428e+01
6.650000000000000000e+03 2.799711915350170699e+01
6.700000000000000000e+03 2.802087966215576387e+01
6.750000000000000000e+03 2.834651102196206196e+01
6.800000000000000000e+03 2.846305412054071482e+01
6.850000000000000000e+03 2.884103690051809821e+01
6.900000000000000000e+03 2.929119833953901875e+01
6.950000000000000000e+03 2.955043948815006161e+01
7.000000000000000000e+03 2.961512616037762058e+01
7.050000000000000000e+03 2.975810287370011764e+01
7.100000000000000000e+03 2.973578181735685888e+01
7.150000000000000000e+03 2.996575613874724553e+01
7.200000000000000000e+03 3.024478458729798902e+01
7.250000000000000000e+03 3.029625336642836331e+01
7.300000000000000000e+03 3.076725828307638366e+01
7.350000000000000000e+03 3.082869299941240726e+01
7.400000000000000000e+03 3.136261450975571563e+01
7.450000000000000000e+03 3.147611203220515819e+01
7.500000000000000000e+03 3.175982451300798104e+01
7.550000000000000000e+03 3.196644292981774882e+01
7.600000000000000000e+03 3.216069526849351945e+01
7.650000000000000000e+03 3.238244200972847153e+01
7.700000000000000000e+03 3.271749729986191824e+01
7.750000000000000000e+03 3.290598739499001368e+01
7.800000000000000000e+03 3.298486694151819165e+01
7.850000000000000000e+03 3.336181716772421879e+01
7.900000000000000000e+03 3.362524402385201938e+01
7.950000000000000000e+03 3.399765260842276859e+01
8.000000000000000000e+03 3.442265108990945066e+01
8.050000000000000000e+03 3.478609827366793184e+01
8.100000000000000000e+03 3.519806852783263906e+01
8.150000000000000000e+03 3.535596385372328143e+01
8.200000000000000000e+03 3.552955755043046082e+01
8.250000000000000000e+03 3.576948177902622916e+01
8.300000000000000000e+03 3.598669986587138681e+01
8.350000000000000000e+03 3.647482843994703927e+01
8.400000000000000000e+03 3.669076796628947790e+01
8.450000000000000000e+03 3.704242165842508427e+01
8.500000000000000000e+03 3.719356413802865546e+01
8.550000000000000000e+03 3.754268449092158733e+01
8.600000000000000000e+03 3.755543503545718664e+01
8.650000000000000000e+03 3.761119705080815123e+01
8.700000000000000000e+03 3.772839772924232449e+01
8.750000000000000000e+03 3.774427603472674519e+01
8.800000000000000000e+03 3.773104760290033255e+01
8.850000000000000000e+03 3.787105058730365670e+01
8.900000000000000000e+03 3.826097515734340249e+01
8.950000000000000000e+03 3.862617251775745331e+01
9.000000000000000000e+03 3.858552893618405477e+01
9.050000000000000000e+03 3.881299680962889198e+01
9.100000000000000000e+03 3.920718672438866292e+01
9.150000000000000000e+03 3.946161346026505612e+01
9.200000000000000000e+03 3.950968599934658698e+01
9.250000000000000000e+03 3.992368625845021768e+01
9.300000000000000000e+03 4.013947385991380656e+01
9.350000000000000000e+03 4.021884080361922997e+01
9.400000000000000000e+03 4.070177958608790192e+01
9.450000000000000000e+03 4.087639565746014370e+01
9.500000000000000000e+03 4.111650164021469323e+01
9.550000000000000000e+03 4.112324928051000228e+01
9.600000000000000000e+03 4.120226179377675635e+01
9.650000000000000000e+03 4.105965759973177853e+01
9.700000000000000000e+03 4.144910972910599156e+01
9.750000000000000000e+03 4.119644318479983269e+01
9.800000000000000000e+03 4.133008751352692656e+01
9.850000000000000000e+03 4.139257202458400542e+01
9.900000000000000000e+03 4.153946891426735988e+01
9.950000000000000000e+03 4.156154582736756709e+01
1.000000000000000000e+04 4.184322430987329966e+01
