# k_1_per_A S_k
1.000000000000000056e-01 3.242777949152626960e+00
1.397993311036789255e-01 2.860065455879872154e+00
1.795986622073578731e-01 2.391977823318204521e+00
2.193979933110368208e-01 1.869626024311241475e+00
2.591973244147157684e-01 1.326785473687396966e+00
2.989966555183947161e-01 7.972086221189146338e-01
3.387959866220736083e-01 3.120066025447115754e-01
3.785953177257525004e-01 -1.026724627197024287e-01
4.183946488294314481e-01 -4.274725371274215036e-01
4.581939799331103957e-01 -6.510197094285086195e-01
4.979933110367893434e-01 -7.703890945289100234e-01
5.377926421404682911e-01 -7.908332836932878696e-01
5.775919732441472387e-01 -7.248254690335373951e-01
6.173913043478260754e-01 -5.905317904168854160e-01
6.571906354515050230e-01 -4.098760472238867081e-01
6.969899665551839707e-01 -2.063912873736160059e-01
7.367892976588629184e-01 -3.064374083874055188e-03
7.765886287625418660e-01 1.796290635510370270e-01
8.163879598662208137e-01 3.253293093358570198e-01
8.561872909698997614e-01 4.229096233503332192e-01
8.959866220735787090e-01 4.670316649463813752e-01
9.357859531772575457e-01 4.581232025042432099e-01
9.755852842809364933e-01 4.018186995688481922e-01
1.015384615384615552e+00 3.079530773588101678e-01
1.055183946488294389e+00 1.892369892905114703e-01
1.094983277591973447e+00 5.976498510673144970e-02
1.134782608695652284e+00 -6.648562473276609097e-02
1.174581939799331343e+00 -1.770173725094117412e-01
1.214381270903010179e+00 -2.619133440283176739e-01
1.254180602006689238e+00 -3.145882320083610573e-01
1.293979933110368075e+00 -3.321442921664765624e-01
1.333779264214047133e+00 -3.153309126602932277e-01
1.373578595317725970e+00 -2.681476302798537770e-01
1.413377926421404807e+00 -1.971642500290453626e-01
1.453177257525083865e+00 -1.106550078077936927e-01
1.492976588628762702e+00 -1.765456668340448232e-02
1.532775919732441761e+00 7.295833328055423284e-02
1.572575250836120597e+00 1.532574507448060119e-01
1.612374581939799656e+00 2.168767663987607452e-01
1.652173913043478493e+00 2.593893177599888578e-01
1.691973244147157551e+00 2.784482768226823612e-01
1.731772575250836388e+00 2.737107721631253376e-01
1.771571906354515225e+00 2.465890276927497071e-01
1.811371237458194283e+00 1.998894845185046343e-01
1.851170568561873120e+00 1.374071349479450976e-01
1.890969899665552179e+00 6.353904732834503299e-02
1.930769230769231015e+00 -1.703101478077284625e-02
1.970568561872910074e+00 -9.954377719445184347e-02
2.010367892976588688e+00 -1.792609521975709885e-01
2.050167224080267747e+00 -2.514596273616387379e-01
2.089966555183946806e+00 -3.113573090762247197e-01
2.129765886287625865e+00 -3.540147665694943768e-01
2.169565217391304479e+00 -3.742702940897697506e-01
2.209364548494983538e+00 -3.667565348352233023e-01
2.249163879598662596e+00 -3.260397659177733942e-01
2.288963210702341655e+00 -2.469029012509653676e-01
2.328762541806020270e+00 -1.247698337803644364e-01
2.368561872909699328e+00 4.375674522698191904e-02
2.408361204013378387e+00 2.602957473100040442e-01
2.448160535117057002e+00 5.240967805611652652e-01
2.487959866220736060e+00 8.315392286102876174e-01
2.527759197324415119e+00 1.175803475772421613e+00
2.567558528428094178e+00 1.546786530458700959e+00
2.607357859531772792e+00 1.931314101711622655e+00
2.647157190635451851e+00 2.313672487074101003e+00
2.686956521739130910e+00 2.676449354102302003e+00
2.726755852842809524e+00 3.001636386369224585e+00
2.766555183946488583e+00 3.271912972017728016e+00
2.806354515050167642e+00 3.472002731177508128e+00
2.846153846153846700e+00 3.589977259776225171e+00
2.885953177257525315e+00 3.618376592953754134e+00
2.925752508361204374e+00 3.555024841249450951e+00
2.965551839464883432e+00 3.403442012188907295e+00
3.005351170568562047e+00 3.172787459576654090e+00
3.045150501672241106e+00 2.877313578906872227e+00
3.084949832775920164e+00 2.535356079281636532e+00
3.124749163879599223e+00 2.167934538614258777e+00
3.164548494983277838e+00 1.797078966928802313e+00
3.204347826086956896e+00 1.444030127341622949e+00
3.244147157190635955e+00 1.127479659295603120e+00
3.283946488294315014e+00 8.620182015771571393e-01
3.323745819397993628e+00 6.569449294414294593e-01
3.363545150501672687e+00 5.155611525055402433e-01
3.403344481605351746e+00 4.350265106529848103e-01
3.443143812709030360e+00 4.068029531000945109e-01
3.482943143812709419e+00 4.176542539680708765e-01
3.522742474916388478e+00 4.511130216352757794e-01
3.562541806020067536e+00 4.892786883780672058e-01
3.602341137123746151e+00 5.147738991175799805e-01
3.642140468227425210e+00 5.126669868864772717e-01
3.681939799331104268e+00 4.721671935526184916e-01
3.721739130434782883e+00 3.879174959673510337e-01
3.761538461538461942e+00 2.607459357956853907e-01
3.801337792642141000e+00 9.778701718857973901e-02
3.841137123745820059e+00 -8.805469937864551788e-02
3.880936454849498674e+00 -2.792620163699872649e-01
3.920735785953177732e+00 -4.553842874763613935e-01
3.960535117056856791e+00 -5.950850810796353141e-01
4.000334448160534961e+00 -6.783648453940369638e-01
4.040133779264214020e+00 -6.887429820104959965e-01
4.079933110367893079e+00 -6.151821602167804048e-01
4.119732441471572137e+00 -4.535571937995681591e-01
4.159531772575251196e+00 -2.075098340320002954e-01
4.199331103678930255e+00 1.114140262196756659e-01
4.239130434782608425e+00 4.843820237532839856e-01
4.278929765886287484e+00 8.866140216277560437e-01
4.318729096989966543e+00 1.289338631248753586e+00
4.358528428093645601e+00 1.662203409086426831e+00
4.398327759197324660e+00 1.975927913208285203e+00
4.438127090301003719e+00 2.204961027570128351e+00
4.477926421404682777e+00 2.329897938799147639e+00
4.517725752508360948e+00 2.339428735161355632e+00
4.557525083612040007e+00 2.231628540109416470e+00
4.597324414715719065e+00 2.014455144620235671e+00
4.637123745819398124e+00 1.705389310201105957e+00
4.676923076923077183e+00 1.330229072911697230e+00
4.716722408026756241e+00 9.211256003928589564e-01
4.756521739130435300e+00 5.140175008246268273e-01
4.796321070234113471e+00 1.456766033532906901e-01
4.836120401337792529e+00 -1.493840594380748676e-01
4.875919732441471588e+00 -3.418735756058393083e-01
4.915719063545150647e+00 -4.102990566746282930e-01
4.955518394648829705e+00 -3.429261429891330426e-01
4.995317725752508764e+00 -1.389472746763980027e-01
5.035117056856187823e+00 1.912520123731166199e-01
5.074916387959865993e+00 6.267613169701510278e-01
5.114715719063545052e+00 1.137700172321711278e+00
5.154515050167224111e+00 1.687534707879886131e+00
5.194314381270903169e+00 2.235965229611724503e+00
5.234113712374582228e+00 2.742143883766248180e+00
5.273913043478261287e+00 3.167952419298240674e+00
5.313712374581940345e+00 3.481064229281388034e+00
5.353511705685618516e+00 3.657532860210166881e+00
5.393311036789297575e+00 3.683689470071881633e+00
5.433110367892976633e+00 3.557190783940368917e+00
5.472909698996655692e+00 3.287131795481060603e+00
5.512709030100334751e+00 2.893217466613843047e+00
5.552508361204013809e+00 2.404068029881955670e+00
5.592307692307692868e+00 1.854806223286019851e+00
5.632107023411371038e+00 1.284135498779098494e+00
5.671906354515050097e+00 7.311607013380787556e-01
5.711705685618729156e+00 2.322232733941853589e-01
5.751505016722408214e+00 -1.819800279082444128e-01
5.791304347826087273e+00 -4.887522703037436855e-01
5.831103678929766332e+00 -6.750299933797592189e-01
5.870903010033445391e+00 -7.381640298512730514e-01
5.910702341137123561e+00 -6.857912772577776650e-01
5.950501672240802620e+00 -5.348207953305914586e-01
5.990301003344481678e+00 -3.096347086878155075e-01
6.030100334448160737e+00 -3.967225007993691044e-02
6.069899665551839796e+00 2.433820446917470681e-01
6.109698996655518854e+00 5.085520688525673183e-01
6.149498327759197913e+00 7.284015747716640066e-01
6.189297658862876084e+00 8.814922046321944649e-01
6.229096989966555142e+00 9.542523554263757646e-01
6.268896321070234201e+00 9.420954358648144789e-01
6.308695652173913260e+00 8.496944966556430057e-01
6.348494983277592318e+00 6.903965950764943127e-01
6.388294314381271377e+00 4.848377399016371436e-01
6.428093645484950436e+00 2.588909097184307617e-01
6.467892976588629494e+00 4.113903117596229286e-02
6.507692307692307665e+00 -1.398933654262743964e-01
6.547491638795986724e+00 -2.584955502455097420e-01
6.587290969899665782e+00 -2.942613314946069814e-01
6.627090301003344841e+00 -2.340887246398255517e-01
6.666889632107023900e+00 -7.350789993225781416e-02
6.706688963210702958e+00 1.827812917275469795e-01
6.746488294314382017e+00 5.212084500736415826e-01
6.786287625418060188e+00 9.204383211215620975e-01
6.826086956521739246e+00 1.353179764475866742e+00
6.865886287625418305e+00 1.788531320984038775e+00
6.905685618729097364e+00 2.194648927473963340e+00
6.945484949832776422e+00 2.541493462422054872e+00
6.985284280936455481e+00 2.803410330293456987e+00
7.025083612040134540e+00 2.961310586519724453e+00
7.064882943143812710e+00 3.004261434319982715e+00
7.104682274247491769e+00 2.930349599216861556e+00
7.144481605351170828e+00 2.746748812510670490e+00
7.184280936454849886e+00 2.468996013216123497e+00
7.224080267558528945e+00 2.119553014823270853e+00
7.263879598662208004e+00 1.725794542927126196e+00
7.303678929765887062e+00 1.317613794603823552e+00
7.343478260869565233e+00 9.248684238744880881e-01
7.383277591973244292e+00 5.749003360921358663e-01
7.423076923076923350e+00 2.903511452686871053e-01
7.462876254180602409e+00 8.746299059160456135e-02
7.502675585284281468e+00 -2.499503476708042626e-02
7.542474916387960526e+00 -4.609634561183195700e-02
7.582274247491639585e+00 1.758831708222075019e-02
7.622073578595317755e+00 1.529937151974049003e-01
7.661872909698996814e+00 3.421030085036932400e-01
7.701672240802675873e+00 5.638652507542392112e-01
7.741471571906354932e+00 7.962912736572891337e-01
7.781270903010033990e+00 1.018520821835876777e+00
7.821070234113713049e+00 1.212663397377715446e+00
7.860869565217392108e+00 1.365244039160501854e+00
7.900668896321070278e+00 1.468129965610492915e+00
7.940468227424749337e+00 1.518869874532089659e+00
7.980267558528428395e+00 1.520438901080549687e+00
8.020066889632108342e+00 1.480442521000873812e+00
8.059866220735786513e+00 1.409885981111181685e+00
8.099665551839466460e+00 1.321656880235900111e+00
8.139464882943144630e+00 1.228893381651981587e+00
8.179264214046822801e+00 1.143416999526181144e+00
8.219063545150502748e+00 1.074396674508864002e+00
8.258862876254180918e+00 1.027381570643030928e+00
8.298662207357860865e+00 1.003797051386138506e+00
8.338461538461539035e+00 1.000946351600167317e+00
8.378260869565217206e+00 1.012505132307990330e+00
8.418060200668897153e+00 1.029443225439042209e+00
8.457859531772575323e+00 1.041262937405652567e+00
8.497658862876255270e+00 1.037410857615671533e+00
8.537458193979933441e+00 1.008703404432027551e+00
8.577257525083613388e+00 9.486068349312123393e-01
8.617056856187291558e+00 8.542298168891981902e-01
8.656856187290969729e+00 7.269188166691532560e-01
8.696655518394649675e+00 5.723898810298566620e-01
8.736454849498327846e+00 4.003801550309170620e-01
8.776254180602007793e+00 2.238533536552838044e-01
8.816053511705685963e+00 5.784003564537765207e-02
8.855852842809365910e+00 -8.196890264280742855e-02
8.895652173913044081e+00 -1.807323658388553245e-01
8.935451505016722251e+00 -2.259201504890762102e-01
8.975250836120402198e+00 -2.085786861223319910e-01
9.015050167224080369e+00 -1.242764376837917073e-01
9.054849498327760315e+00 2.636229670636947020e-02
9.094648829431438486e+00 2.375841032002733444e-01
9.134448160535118433e+00 4.988962045385871846e-01
9.174247491638796603e+00 7.958762499539877577e-01
9.214046822742474774e+00 1.111319191427345254e+00
9.253846153846154721e+00 1.426607876297379951e+00
9.293645484949832891e+00 1.723175950306866877e+00
9.333444816053512838e+00 1.983927459450816055e+00
9.373244147157191009e+00 2.194487094313251063e+00
9.413043478260870955e+00 2.344176804096758104e+00
9.452842809364549126e+00 2.426645735139109750e+00
9.492642140468227296e+00 2.440117429848797315e+00
9.532441471571907243e+00 2.387256795609261850e+00
9.572240802675585414e+00 2.274695363621034083e+00
9.612040133779265361e+00 2.112283116003761840e+00
9.651839464882943531e+00 1.912155838755512649e+00
9.691638795986623478e+00 1.687716878473842996e+00
9.731438127090301649e+00 1.452630954770162575e+00
9.771237458193979819e+00 1.219916205544196552e+00
9.811036789297659766e+00 1.001200944526985603e+00
9.850836120401337936e+00 8.061865603300824024e-01
9.890635451505017883e+00 6.423309246135451289e-01
9.930434782608696054e+00 5.147409961364109998e-01
9.970234113712376001e+00 4.262420378301736701e-01
1.001003344481605417e+01 3.775763165846245384e-01
1.004983277591973234e+01 3.676776612085683738e-01
1.008963210702341229e+01 3.939700310005762596e-01
1.012943143812709046e+01 4.526474086679013187e-01
1.016923076923077041e+01 5.389070319532079933e-01
1.020903010033444858e+01 6.471256805382767929e-01
1.024882943143812852e+01 7.709865582499011438e-01
1.028862876254180669e+01 9.035794228880753565e-01
1.032842809364548486e+01 1.037506614569831287e+00
1.036822742474916481e+01 1.165030870896901272e+00
1.040802675585284298e+01 1.278296628764720833e+00
1.044782608695652293e+01 1.369645316818906000e+00
1.048762541806020110e+01 1.432028401406407747e+00
1.052742474916388105e+01 1.459501990756780332e+00
1.056722408026755922e+01 1.447766528460824542e+00
1.060702341137123739e+01 1.394697617813658752e+00
1.064682274247491733e+01 1.300802201113361756e+00
1.068662207357859550e+01 1.169530453691181249e+00
1.072642140468227545e+01 1.007379186084446099e+00
1.076622073578595362e+01 8.237374662625965849e-01
1.080602006688963357e+01 6.304485233313923409e-01
1.084581939799331174e+01 4.410915501514230952e-01
1.088561872909698991e+01 2.700196087561973490e-01
1.092541806020066986e+01 1.312216778584769372e-01
1.096521739130434803e+01 3.710401428224463505e-02
1.100501672240802797e+01 -2.695217843052377660e-03
1.104481605351170614e+01 1.766344957842447272e-02
1.108461538461538609e+01 9.946102492962871633e-02
1.112441471571906426e+01 2.390284812626495281e-01
1.116421404682274243e+01 4.277898986848654994e-01
1.120401337792642238e+01 6.527666036693882123e-01
1.124381270903010055e+01 8.975227864643695597e-01
1.128361204013378050e+01 1.143486455027782123e+00
1.132341137123745867e+01 1.371537194532282067e+00
1.136321070234113861e+01 1.563718883587108532e+00
1.140301003344481678e+01 1.704915337027258282e+00
1.144280936454849495e+01 1.784322606999390048e+00
1.148260869565217490e+01 1.796564565895451882e+00
1.152240802675585307e+01 1.742327790939512511e+00
1.156220735785953302e+01 1.628435235999912578e+00
1.160200668896321119e+01 1.467331670598396087e+00
1.164180602006689114e+01 1.276012129144918905e+00
1.168160535117056931e+01 1.074481698275457697e+00
1.172140468227424748e+01 8.838848654230169188e-01
1.176120401337792742e+01 7.244799276247710917e-01
1.180100334448160559e+01 6.136543672685629280e-01
1.184080267558528554e+01 5.641780591134004652e-01
1.188060200668896371e+01 5.828720823057440548e-01
1.192040133779264366e+01 6.698332675261627900e-01
1.196020066889632183e+01 8.183018881778367781e-01
1.200000000000000000e+01 1.015197232746027911e+00
