# time_fs temperature_K pressure_eV_per_A3 kinetic_energy_eV potential_energy_eV total_energy_eV
0.000000000000000000e+00 3.070629679127765712e+02 2.497152209370165007e-02 1.980578849335347869e+01 -1.348399682738124511e+03 -1.328593894244771036e+03
5.000000000000000000e+01 3.300335384778609296e+02 2.407610307869161026e-02 2.128740728078389211e+01 -1.349908902085953059e+03 -1.328621494805169277e+03
1.000000000000000000e+02 2.960061800656321793e+02 2.541727426657603567e-02 1.909261750108120737e+01 -1.347609246508716978e+03 -1.328516629007635856e+03
1.500000000000000000e+02 3.232272543608227124e+02 2.430059456567546655e-02 2.084839692221137142e+01 -1.349591303932076016e+03 -1.328742907009864666e+03
2.000000000000000000e+02 3.009385875164585968e+02 2.513009793267275555e-02 1.941076142901281898e+01 -1.348087434122423247e+03 -1.328676672693410410e+03
2.500000000000000000e+02 3.306561413404985501e+02 2.407123862494535416e-02 2.132756562581838722e+01 -1.350059434937348897e+03 -1.328731869311530545e+03
3.000000000000000000e+02 3.065405214867801078e+02 2.502823668543771238e-02 1.977209031254473359e+01 -1.348266641222975750e+03 -1.328494550910430917e+03
3.500000000000000000e+02 3.121494471085653117e+02 2.474652248233811386e-02 2.013387016276615427e+01 -1.348744320969887667e+03 -1.328610450807121424e+03
4.000000000000000000e+02 3.181756072869349623e+02 2.450258797885522533e-02 2.052256195041852038e+01 -1.349215788466076447e+03 -1.328693226515657898e+03
4.500000000000000000e+02 3.174207663635986592e+02 2.450760527968239358e-02 2.047387415268325839e+01 -1.349084307910776033e+03 -1.328610433758092768e+03
5.000000000000000000e+02 3.007230402118091774e+02 2.526173753504638853e-02 1.939685846847277872e+01 -1.347720301747946451e+03 -1.328323443279473622e+03
5.500000000000000000e+02 3.012928585707502407e+02 2.521944086047094719e-02 1.943361217398643959e+01 -1.347895035295076241e+03 -1.328461423121089865e+03
6.000000000000000000e+02 3.346699454647579159e+02 2.388565022933952439e-02 2.158645895990943231e+01 -1.350533557229327243e+03 -1.328947098269417893e+03
6.500000000000000000e+02 3.221597351958579338e+02 2.426109210628225529e-02 2.077954114667578267e+01 -1.349676970083277411e+03 -1.328897428936601727e+03
7.000000000000000000e+02 2.995012985769839702e+02 2.524532394989277909e-02 1.931805522958874377e+01 -1.347956088479429809e+03 -1.328638033249841101e+03
7.500000000000000000e+02 3.173308628008111327e+02 2.456134010644168628e-02 2.046807530640273143e+01 -1.349089547227428966e+03 -1.328621471921026341e+03
8.000000000000000000e+02 3.053760952943549682e+02 2.503893019274764514e-02 1.969698396207838798e+01 -1.348213595885632458e+03 -1.328516611923554137e+03
8.500000000000000000e+02 3.162470481616970233e+02 2.461315947693410236e-02 2.039816846073454215e+01 -1.349014139054824454e+03 -1.328615970594089958e+03
9.000000000000000000e+02 3.140630085438504011e+02 2.466177034011555677e-02 2.025729629035787482e+01 -1.348911898039249536e+03 -1.328654601748891764e+03
9.500000000000000000e+02 3.156896835682103983e+02 2.458948981623840235e-02 2.036221803230184690e+01 -1.349121686262612911e+03 -1.328759468230311086e+03
1.000000000000000000e+03 3.142962136215184614e+02 2.468163445819605145e-02 2.027233819031495798e+01 -1.348910385541453479e+03 -1.328638047351138539e+03
1.050000000000000000e+03 3.137181151070200258e+02 2.474884985517045166e-02 2.023505040864494475e+01 -1.348779282859663454e+03 -1.328544232451018615e+03
1.100000000000000000e+03 3.093524649179198036e+02 2.489357939108584328e-02 1.995346274319305380e+01 -1.348585995579013797e+03 -1.328632532835820712e+03
1.150000000000000000e+03 3.231315786858365868e+02 2.429184067247167414e-02 2.084222577042574898e+01 -1.349524435894533099e+03 -1.328682210124107314e+03
1.200000000000000000e+03 2.900437808004605245e+02 2.567824328925777735e-02 1.870803833947921291e+01 -1.347152925997744433e+03 -1.328444887658265316e+03
1.250000000000000000e+03 3.393910073504424076e+02 2.364499007535957389e-02 2.189097094260628396e+01 -1.350584217881291579e+03 -1.328693246938685206e+03
1.300000000000000000e+03 2.994148853393205627e+02 2.530690246935898835e-02 1.931248151185970130e+01 -1.347939493741941760e+03 -1.328627012230082073e+03
1.350000000000000000e+03 3.152092673590551613e+02 2.458958659152160262e-02 2.033123083155932420e+01 -1.348980318677112336e+03 -1.328649087845552913e+03
1.400000000000000000e+03 3.167959778745307062e+02 2.456485748042025116e-02 2.043357483312781042e+01 -1.349248239444780438e+03 -1.328814664611652688e+03
1.450000000000000000e+03 3.189526843613818414e+02 2.444320781342380899e-02 2.057268399634331857e+01 -1.349381827409095649e+03 -1.328809143412752292e+03
1.500000000000000000e+03 3.137322226071980253e+02 2.472957399976665263e-02 2.023596035283846106e+01 -1.348802259852675434e+03 -1.328566299499836987e+03
1.550000000000000000e+03 2.981160519010660437e+02 2.533220536552655000e-02 1.922870579464761676e+01 -1.347712220605002585e+03 -1.328483514810355018e+03
1.600000000000000000e+03 3.170167567706299678e+02 2.452970206676762313e-02 2.044781523518495447e+01 -1.349185210519913653e+03 -1.328737395284728791e+03
1.650000000000000000e+03 3.231580425701027934e+02 2.431115044455809532e-02 2.084393271053009045e+01 -1.349575804446253414e+03 -1.328731871735723416e+03
1.700000000000000000e+03 3.079754417250475740e+02 2.492730587315977048e-02 1.986464372898937114e+01 -1.348535808972887025e+03 -1.328671165243897576e+03
1.750000000000000000e+03 3.131174366042635029e+02 2.469686483714362765e-02 2.019630620103512442e+01 -1.348817791069337318e+03 -1.328621484868302105e+03
1.800000000000000000e+03 3.139952815398856956e+02 2.471021723620017013e-02 2.025292784852025463e+01 -1.348951670103491779e+03 -1.328698742254971421e+03
1.850000000000000000e+03 3.192401796789435480e+02 2.445871807166751302e-02 2.059122765691939350e+01 -1.349383797219159078e+03 -1.328792569562239578e+03
1.900000000000000000e+03 3.065365368048799724e+02 2.487507851677641518e-02 1.977183329761563257e+01 -1.348454018586633538e+03 -1.328682185289017980e+03
1.950000000000000000e+03 3.161641255195833651e+02 2.466985575538183789e-02 2.039281988899964304e+01 -1.348981182294746304e+03 -1.328588362405746693e+03
2.000000000000000000e+03 3.174761337106980932e+02 2.452962444081367016e-02 2.047744538751350873e+01 -1.349126519203434782e+03 -1.328649073815921383e+03
2.050000000000000000e+03 3.065418321720640051e+02 2.496856166612933248e-02 1.977217485271475539e+01 -1.348448845042329140e+03 -1.328676670189614470e+03
2.100000000000000000e+03 3.206043211648677698e+02 2.437869917507455228e-02 2.067921579149932754e+01 -1.349455231096620309e+03 -1.328776015305121064e+03
2.150000000000000000e+03 3.115153720511344204e+02 2.475733550355526530e-02 2.009297185268418318e+01 -1.348775161134886503e+03 -1.328682189282202216e+03
2.200000000000000000e+03 3.189094305477420903e+02 2.447129397247465796e-02 2.056989409337877817e+01 -1.349340390612146393e+03 -1.328770496518767686e+03
2.250000000000000000e+03 3.175399237650922259e+02 2.450780061623982625e-02 2.048155989319257841e+01 -1.349229981302313718e+03 -1.328748421409121192e+03
2.300000000000000000e+03 2.988383658686996682e+02 2.534189236486902863e-02 1.927529557968744101e+01 -1.347714646341201615e+03 -1.328439350761514106e+03
2.350000000000000000e+03 3.124119921998520226e+02 2.473032257786894617e-02 2.015080451529761874e+01 -1.348656387868901220e+03 -1.328505583353603697e+03
2.400000000000000000e+03 3.182281656823088838e+02 2.446171043801792164e-02 2.052595200578534573e+01 -1.349208147550948524e+03 -1.328682195545163268e+03
2.450000000000000000e+03 3.109433295834464275e+02 2.479989544409599150e-02 2.005607469051168934e+01 -1.348876234500599821e+03 -1.328820159810088171e+03
2.500000000000000000e+03 3.295348908218077213e+02 2.401798898697343754e-02 2.125524413823489667e+01 -1.350053328525886855e+03 -1.328798084387651897e+03
2.550000000000000000e+03 2.984978849077610334e+02 2.531664519057911719e-02 1.925333430593241246e+01 -1.347808582007474342e+03 -1.328555247701541930e+03
2.600000000000000000e+03 3.123491903755466979e+02 2.475759729187998123e-02 2.014675375119003675e+01 -1.348652324823807476e+03 -1.328505571072617386e+03
2.650000000000000000e+03 3.177840022061084255e+02 2.449542334200738997e-02 2.049730313312611329e+01 -1.349256744257962055e+03 -1.328759441124836030e+03
2.700000000000000000e+03 3.192999991678855736e+02 2.441317577614695797e-02 2.059508605819070226e+01 -1.349304858826122654e+03 -1.328709772767932009e+03
2.750000000000000000e+03 3.108833624810196170e+02 2.482473838719796363e-02 2.005220676806145974e+01 -1.348607438447909999e+03 -1.328555231679848475e+03
2.800000000000000000e+03 3.066199715614883985e+02 2.499677561304240389e-02 1.977721490111413871e+01 -1.348332438095583711e+03 -1.328555223194469590e+03
2.850000000000000000e+03 3.148523674170020286e+02 2.456104740107001999e-02 2.030821052138111327e+01 -1.349150423154095279e+03 -1.328842212632714109e+03
2.900000000000000000e+03 3.181574354337276986e+02 2.449931039478162043e-02 2.052138985244916469e+01 -1.349319452303448088e+03 -1.328798062450998941e+03
2.950000000000000000e+03 3.145346272705177739e+02 2.463577232027669428e-02 2.028771604697447728e+01 -1.348920206228740881e+03 -1.328632490181766343e+03
3.000000000000000000e+03 3.116200254908274587e+02 2.480855773137297798e-02 2.009972207693216362e+01 -1.348737725644979719e+03 -1.328638003568047452e+03
3.050000000000000000e+03 3.118257598520905844e+02 2.478230379267467795e-02 2.011299209536743859e+01 -1.348789636299121639e+03 -1.328676644203754222e+03
3.100000000000000000e+03 3.121670934207665482e+02 2.477616568172317721e-02 2.013500836295200003e+01 -1.348701272652369653e+03 -1.328566264289417632e+03
3.150000000000000000e+03 3.143735759857642051e+02 2.463060063488530654e-02 2.027732812001573492e+01 -1.348860143602443031e+03 -1.328582815482427350e+03
3.200000000000000000e+03 3.071237706266850864e+02 2.498372158313530086e-02 1.980971031336218857e+01 -1.348536024379124683e+03 -1.328726314065762381e+03
3.250000000000000000e+03 3.269653863449807432e+02 2.413027404899107178e-02 2.108950919941538871e+01 -1.350009001113349541e+03 -1.328919491913934053e+03
3.300000000000000000e+03 3.085373749816285454e+02 2.485871037444281270e-02 1.990088883957003318e+01 -1.348754141888683080e+03 -1.328853253049112936e+03
3.350000000000000000e+03 3.216564164889924768e+02 2.440201777934400754e-02 2.074707671789531105e+01 -1.349495464955805119e+03 -1.328748388237909694e+03
3.400000000000000000e+03 3.063294600638417364e+02 2.494666124681927527e-02 1.975847669469222012e+01 -1.348357852862550317e+03 -1.328599376167858054e+03
3.450000000000000000e+03 3.113773737064550460e+02 2.485543001462418161e-02 2.008407085740712006e+01 -1.348639299304462384e+03 -1.328555228447055242e+03
3.500000000000000000e+03 3.226916079336279495e+02 2.432192886085531025e-02 2.081384733156437150e+01 -1.349457376884328596e+03 -1.328643529552764221e+03
3.550000000000000000e+03 2.936390003759984779e+02 2.551949207762931049e-02 1.893993266064820347e+01 -1.347566889876918140e+03 -1.328626957216269830e+03
3.600000000000000000e+03 3.329690979326919091e+02 2.390437170979826248e-02 2.147675303637029032e+01 -1.350329991647593943e+03 -1.328853238611223560e+03
3.650000000000000000e+03 3.124038378759733519e+02 2.469887303950194651e-02 2.015027855537758938e+01 -1.348871052118436864e+03 -1.328720773563059311e+03
3.700000000000000000e+03 3.096008413026777362e+02 2.487606157214254307e-02 1.996948320367611984e+01 -1.348745433749104450e+03 -1.328775950545428259e+03
3.750000000000000000e+03 3.188653561881067162e+02 2.453845139649506527e-02 2.056705126459075572e+01 -1.349331962206460958e+03 -1.328764910941870312e+03
3.800000000000000000e+03 3.081521075195837511e+02 2.490978952322547846e-02 1.987603880337550777e+01 -1.348425695930530537e+03 -1.328549657127155115e+03
3.850000000000000000e+03 3.102933688605407383e+02 2.486158790226637369e-02 2.001415174325966717e+01 -1.348674182000595692e+03 -1.328660030257336075e+03
3.900000000000000000e+03 3.252428452344103675e+02 2.421522076683869582e-02 2.097840402402102455e+01 -1.349759839892848731e+03 -1.328781435868827657e+03
3.950000000000000000e+03 2.965972359901023196e+02 2.539468722686950147e-02 1.913074104527597541e+01 -1.347719010522890585e+03 -1.328588269477614631e+03
4.000000000000000000e+03 3.172268551790975266e+02 2.461388536761495438e-02 2.046136673789198568e+01 -1.349115866170388244e+03 -1.328654499432496323e+03
4.050000000000000000e+03 3.223550688005769302e+02 2.436363708457313371e-02 2.079214030862294393e+01 -1.349661873583602301e+03 -1.328869733274979353e+03
4.100000000000000000e+03 3.092618642620475384e+02 2.486958178210081291e-02 1.994761893389308582e+01 -1.348673860636064092e+03 -1.328726241702170910e+03
4.150000000000000000e+03 3.185399357657738051e+02 2.450854455171262714e-02 2.054606140671257108e+01 -1.349217106155369720e+03 -1.328671044748657096e+03
4.200000000000000000e+03 3.027918080081982453e+02 2.515040318057461949e-02 1.953029552112571210e+01 -1.348195818596082518e+03 -1.328665523074956809e+03
4.250000000000000000e+03 3.195910555631264742e+02 2.449186060647277202e-02 2.061385941091038276e+01 -1.349196596947930402e+03 -1.328582737537019966e+03
4.300000000000000000e+03 3.108097335290707406e+02 2.483822260319893532e-02 2.004745764621456416e+01 -1.348707468532267512e+03 -1.328660010886052987e+03
4.350000000000000000e+03 3.181552568443181599e+02 2.446873234820861123e-02 2.052124933182125233e+01 -1.349495839872605984e+03 -1.328974590540784675e+03
4.400000000000000000e+03 3.094472788620088295e+02 2.485562425475285400e-02 1.995957831269859284e+01 -1.348680293583088769e+03 -1.328720715270390201e+03
4.450000000000000000e+03 3.155118133955882058e+02 2.467152022183129872e-02 2.035074527463856242e+01 -1.348972117261430412e+03 -1.328621371986791928e+03
4.500000000000000000e+03 3.107051043457381638e+02 2.486981274639641845e-02 2.004070898651976762e+01 -1.348711747513904584e+03 -1.328671038527384781e+03
4.550000000000000000e+03 3.186654310075736589e+02 2.448330882328617411e-02 2.055415594260826850e+01 -1.349258310383453363e+03 -1.328704154440845059e+03
4.600000000000000000e+03 3.137605651021452786e+02 2.467718572587250872e-02 2.023778846472090009e+01 -1.348886745791783142e+03 -1.328648957327062135e+03
4.650000000000000000e+03 3.006565196253501995e+02 2.521590139642580428e-02 1.939256784145638690e+01 -1.347875954243784690e+03 -1.328483386402328279e+03
4.700000000000000000e+03 3.257017504685852600e+02 2.420591539984842666e-02 2.100800375097065498e+01 -1.349728715923976551e+03 -1.328720712173005950e+03
4.750000000000000000e+03 3.045104678701929402e+02 2.508097825460443506e-02 1.964115035311688828e+01 -1.348273558152409123e+03 -1.328632407799292196e+03
4.800000000000000000e+03 3.111268238555254584e+02 2.476848678488238059e-02 2.006791020674877402e+01 -1.348788625508097084e+03 -1.328720715301348264e+03
4.850000000000000000e+03 3.264431347639289811e+02 2.415101796824518574e-02 2.105582358624965877e+01 -1.349875879393252944e+03 -1.328820055807003200e+03
4.900000000000000000e+03 3.136667045975004271e+02 2.469371963373938328e-02 2.023173439276454744e+01 -1.348919331130492992e+03 -1.328687596737728427e+03
4.950000000000000000e+03 3.079666014803992198e+02 2.501056173165935176e-02 1.986407352667248460e+01 -1.348297801657210357e+03 -1.328433728130537929e+03
5.000000000000000000e+03 3.064625381324678983e+02 2.510227274817928081e-02 1.976706032852546713e+01 -1.347946909461817086e+03 -1.328179849133291555e+03
5.050000000000000000e+03 3.123188876858870913e+02 2.476339659785127198e-02 2.014479920529915091e+01 -1.348705466676320839e+03 -1.328560667471021588e+03
5.100000000000000000e+03 3.193954954313313692e+02 2.447594442988621985e-02 2.060124563779930540e+01 -1.349404738516670932e+03 -1.328803492878871566e+03
5.150000000000000000e+03 3.231101084835406709e+02 2.426819440265667524e-02 2.084084092650115139e+01 -1.349633290206858646e+03 -1.328792449280357459e+03
5.200000000000000000e+03 3.040353446988530663e+02 2.510724868774893634e-02 1.961050455722748609e+01 -1.348209788954991609e+03 -1.328599284397764222e+03
5.250000000000000000e+03 3.133609062814192612e+02 2.475916998769157190e-02 2.021201017524950316e+01 -1.348866491948107068e+03 -1.328654481772857480e+03
5.300000000000000000e+03 3.209665126633910859e+02 2.440191244875071844e-02 2.070257741098280135e+01 -1.349329466950076949e+03 -1.328626889539094236e+03
5.350000000000000000e+03 3.095507877033886075e+02 2.486457139250245266e-02 1.996625470950897707e+01 -1.348504833335434569e+03 -1.328538578625925538e+03
5.400000000000000000e+03 3.009975493604358689e+02 2.527040487667886470e-02 1.941456451154969898e+01 -1.347853806159955866e+03 -1.328439241648406096e+03
5.450000000000000000e+03 3.219122207924811505e+02 2.432717330441109410e-02 2.076357628462920957e+01 -1.349412540042693990e+03 -1.328648963758064838e+03
5.500000000000000000e+03 3.178632915897343310e+02 2.454393074526598634e-02 2.050241735700188173e+01 -1.349129308489183586e+03 -1.328626891132181754e+03
5.550000000000000000e+03 3.042415496066659557e+02 2.505116240794917973e-02 1.962380492626317618e+01 -1.348272770277457084e+03 -1.328648965351193965e+03
5.600000000000000000e+03 3.208070627365109431e+02 2.436325063952940462e-02 2.069229277279104906e+01 -1.349457165549941465e+03 -1.328764872777150458e+03
5.650000000000000000e+03 3.222927694212660867e+02 2.435933544983760399e-02 2.078812195258905149e+01 -1.349398460458752197e+03 -1.328610338506163089e+03
5.700000000000000000e+03 3.009496118200591468e+02 2.522842671471304046e-02 1.941147250474716657e+01 -1.347823110586901294e+03 -1.328411638082154241e+03
5.750000000000000000e+03 3.064841968568691186e+02 2.503479675107027000e-02 1.976845733226526036e+01 -1.348180103411420305e+03 -1.328411646079154934e+03
5.800000000000000000e+03 3.236835536318827167e+02 2.426795616752957380e-02 2.087782856261306463e+01 -1.349432965609951680e+03 -1.328555137047338576e+03
5.850000000000000000e+03 3.070206875453366138e+02 2.499394522606805322e-02 1.980306137838865865e+01 -1.348374747417005210e+03 -1.328571686038616463e+03
5.900000000000000000e+03 3.167868886194833635e+02 2.455767722067064493e-02 2.043298856945605024e+01 -1.349081943027262469e+03 -1.328648954457806440e+03
5.950000000000000000e+03 3.152897166896107137e+02 2.460286125431032297e-02 2.033641987286979713e+01 -1.348990896237303332e+03 -1.328654476364433549e+03
6.000000000000000000e+03 3.170336272532667863e+02 2.455828842971496950e-02 2.044890339379019650e+01 -1.349175135134596303e+03 -1.328726231740806043e+03
6.050000000000000000e+03 3.032370418949208783e+02 2.506935678199143439e-02 1.955901343605515663e+01 -1.348114157317163517e+03 -1.328555143881108279e+03
6.100000000000000000e+03 3.215564294701965764e+02 2.432059520973418529e-02 2.074062748124585909e+01 -1.349301301230379295e+03 -1.328560673749133457e+03
6.150000000000000000e+03 3.021316463479375898e+02 2.521370887355272455e-02 1.948771460587103377e+01 -1.347910416840394646e+03 -1.328422702234523513e+03
6.200000000000000000e+03 3.252987667206992342e+02 2.424396474205807797e-02 2.098201100123876017e+01 -1.349575802980558592e+03 -1.328593791979319803e+03
6.250000000000000000e+03 2.996633567328038339e+02 2.522966517747978268e-02 1.932850810047580836e+01 -1.347861589134006408e+03 -1.328533081033530607e+03
6.300000000000000000e+03 3.182730975774330773e+02 2.443513091950852770e-02 2.052885014624651561e+01 -1.349227504593521417e+03 -1.328698654447274976e+03
6.350000000000000000e+03 3.197412005109663369e+02 2.442870759828337859e-02 2.062354387107331277e+01 -1.349349796078753798e+03 -1.328726252207680545e+03
6.400000000000000000e+03 3.127121507895267882e+02 2.471303193509482091e-02 2.017016496628905742e+01 -1.348714290235053568e+03 -1.328544125268764446e+03
6.450000000000000000e+03 3.043828747146442311e+02 2.513323997789745912e-02 1.963292050023304824e+01 -1.347928687907215590e+03 -1.328295767406982577e+03
6.500000000000000000e+03 3.163761076610676355e+02 2.461081659893441312e-02 2.040649289387921073e+01 -1.348812641933936220e+03 -1.328406149040057016e+03
6.550000000000000000e+03 3.166267452982984878e+02 2.451183705257754114e-02 2.042265920681889924e+01 -1.349088198272564114e+03 -1.328665539065745179e+03
6.600000000000000000e+03 3.124514164533845815e+02 2.473664679963119908e-02 2.015334740880340902e+01 -1.348736091295991173e+03 -1.328582743887187689e+03
6.650000000000000000e+03 3.140244868550504407e+02 2.473282227933685032e-02 2.025481161294475285e+01 -1.348832046645110040e+03 -1.328577235032165390e+03
6.700000000000000000e+03 3.159257245822674918e+02 2.459509581361299033e-02 2.037744285225310392e+01 -1.349026423519313312e+03 -1.328648980667060187e+03
6.750000000000000000e+03 3.132376227096873436e+02 2.474614023982250541e-02 2.020405829370864126e+01 -1.348864067889788885e+03 -1.328660009596080272e+03
6.800000000000000000e+03 3.194568539735169566e+02 2.443802824716599306e-02 2.060520330914290099e+01 -1.349259704916700684e+03 -1.328654501607557677e+03
6.850000000000000000e+03 3.122251689735728633e+02 2.472603221172104196e-02 2.013875427905297144e+01 -1.348715992894428837e+03 -1.328577238615375791e+03
6.900000000000000000e+03 3.034689637041060450e+02 2.510963093145374830e-02 1.957397256424616216e+01 -1.348096020241745464e+03 -1.328522047677499359e+03
6.950000000000000000e+03 3.134827024754901572e+02 2.472912386509057772e-02 2.021986611983135873e+01 -1.348791580475797218e+03 -1.328571714355965923e+03
7.000000000000000000e+03 3.232256971576925935e+02 2.428010849264599161e-02 2.084829648145797876e+01 -1.349695966087552961e+03 -1.328847669606094996e+03
7.050000000000000000e+03 3.091206869838264311e+02 2.481425719701749535e-02 1.993851289505186131e+01 -1.348664766602317513e+03 -1.328726253707265641e+03
7.100000000000000000e+03 3.111525547306229669e+02 2.479228895315490136e-02 2.006956986721970182e+01 -1.348762695642811650e+03 -1.328693125775591852e+03
7.150000000000000000e+03 3.167126570361778022e+02 2.459740117798085712e-02 2.042820057744102513e+01 -1.349066136177638100e+03 -1.328637935600197125e+03
7.200000000000000000e+03 3.132868819232244277e+02 2.471899791392401929e-02 2.020723554940735411e+01 -1.348707198470854337e+03 -1.328499962921446922e+03
7.250000000000000000e+03 3.067482354090402055e+02 2.497979274611744627e-02 1.978548801412813418e+01 -1.348230252463801207e+03 -1.328444764449673130e+03
7.300000000000000000e+03 3.238572103051998852e+02 2.429129205857759322e-02 2.088902954645542920e+01 -1.349460734971563170e+03 -1.328571705425107666e+03
7.350000000000000000e+03 3.175172472227345111e+02 2.450175296258974220e-02 2.048009723944194960e+01 -1.349129067685888231e+03 -1.328648970446446356e+03
7.400000000000000000e+03 2.960799481911305975e+02 2.541359822184397974e-02 1.909737559972496257e+01 -1.347702179504194874e+03 -1.328604803904469918e+03
7.450000000000000000e+03 3.242372701858227515e+02 2.428224534988781408e-02 2.091354368979740386e+01 -1.349584586248257665e+03 -1.328671042558460158e+03
7.500000000000000000e+03 3.152208520032950219e+02 2.458057125995500788e-02 2.033197804967926103e+01 -1.349080279828962830e+03 -1.328748301779283565e+03
7.550000000000000000e+03 3.148885010578788979e+02 2.467544876818825866e-02 2.031054116793731268e+01 -1.348926401639199185e+03 -1.328615860471261840e+03
7.600000000000000000e+03 3.094991057115501008e+02 2.482602882477097372e-02 1.996292118281825978e+01 -1.348468403538164466e+03 -1.328505482355346203e+03
7.650000000000000000e+03 3.090718762228275409e+02 2.490934000027575021e-02 1.993536456487347763e+01 -1.348473957692476915e+03 -1.328538593127603463e+03
7.700000000000000000e+03 3.159304501496025068e+02 2.465962694913493430e-02 2.037774765484061490e+01 -1.348833566002535918e+03 -1.328455818347695413e+03
7.750000000000000000e+03 3.121094559223104170e+02 2.474106989244267973e-02 2.013129070168054469e+01 -1.348703019489209510e+03 -1.328571728787528855e+03
7.800000000000000000e+03 3.227194170233969430e+02 2.426500234630632469e-02 2.081564103841837721e+01 -1.349624683927236219e+03 -1.328809042888817885e+03
7.850000000000000000e+03 3.090462425297987465e+02 2.483573074454138371e-02 1.993371117271784954e+01 -1.348682037114053855e+03 -1.328748325941335906e+03
7.900000000000000000e+03 3.133799373925713212e+02 2.475485365264534776e-02 2.021323769599169040e+01 -1.348646990785911839e+03 -1.328433753089920174e+03
7.950000000000000000e+03 3.037436579987591472e+02 2.511453705798495986e-02 1.959169054937869348e+01 -1.348025434327406174e+03 -1.328433743778027520e+03
8.000000000000000000e+03 3.223593686797200348e+02 2.432583100737124512e-02 2.079241765400729491e+01 -1.349402772646870972e+03 -1.328610354992863677e+03
8.050000000000000000e+03 3.092376822012043363e+02 2.484342578037328914e-02 1.994605917308685861e+01 -1.348595042884450095e+03 -1.328648983711363144e+03
8.100000000000000000e+03 3.142704226613907394e+02 2.463526993843910551e-02 2.027067465431515103e+01 -1.348847910797033592e+03 -1.328577236142718448e+03
8.150000000000000000e+03 3.165337336831529456e+02 2.456852406455842242e-02 2.041665988886297711e+01 -1.349038052565675571e+03 -1.328621392676812548e+03
8.200000000000000000e+03 3.086330343642115395e+02 2.491444866589617377e-02 1.990705894048360491e+01 -1.348589168764529177e+03 -1.328682109824045483e+03
8.250000000000000000e+03 3.238974439799429206e+02 2.416617751622408827e-02 2.089162464822783605e+01 -1.349750347688811644e+03 -1.328858723040583754e+03
8.300000000000000000e+03 3.037291282192887252e+02 2.509208871193378820e-02 1.959075336785855725e+01 -1.348101784545797273e+03 -1.328511031177938776e+03
8.350000000000000000e+03 3.133468855471949155e+02 2.473982657040358843e-02 2.021110582752415752e+01 -1.348777326678962254e+03 -1.328566220851438175e+03
8.400000000000000000e+03 3.234905416415050468e+02 2.432464601038033386e-02 2.086537914650767789e+01 -1.349442640131156622e+03 -1.328577260984649001e+03
8.450000000000000000e+03 3.005210104468982308e+02 2.521645242309891038e-02 1.938382739924164611e+01 -1.347983152687691700e+03 -1.328599325288450018e+03
8.500000000000000000e+03 3.205501844093489012e+02 2.436267078454264906e-02 2.067572393073600878e+01 -1.349352330319453586e+03 -1.328676606388717573e+03
8.550000000000000000e+03 3.140277763383931529e+02 2.465478589201011705e-02 2.025502378705282069e+01 -1.349025445548501239e+03 -1.328770421761448461e+03
8.600000000000000000e+03 3.134695984564033893e+02 2.467875090832596582e-02 2.021902090091027304e+01 -1.348939775037519439e+03 -1.328720754136609230e+03
8.650000000000000000e+03 3.168680679909014088e+02 2.460936727713538413e-02 2.043822469894199401e+01 -1.348987891287562888e+03 -1.328549666588620994e+03
8.700000000000000000e+03 3.091257623350734320e+02 2.488586236965458984e-02 1.993884025896035084e+01 -1.348510574417856560e+03 -1.328571734158896106e+03
8.750000000000000000e+03 3.182911565318501630e+02 2.452778611506186215e-02 2.053001496216042199e+01 -1.349035521747550774e+03 -1.328505506785390253e+03
8.800000000000000000e+03 3.058033890668555728e+02 2.503396081424875963e-02 1.972454472637438627e+01 -1.348213482097778979e+03 -1.328488937371404518e+03
8.850000000000000000e+03 3.183111608043556657e+02 2.452032133893481888e-02 2.053130525252953120e+01 -1.349180292058426630e+03 -1.328648986805897039e+03
8.900000000000000000e+03 3.161791757037030948e+02 2.461987817064878459e-02 2.039379063700448214e+01 -1.348860646568278298e+03 -1.328466855931273813e+03
8.950000000000000000e+03 3.036888672290955924e+02 2.512367687315395989e-02 1.958815650421941967e+01 -1.348270248442192496e+03 -1.328682091937973155e+03
9.000000000000000000e+03 3.293996147395845355e+02 2.400195307022588015e-02 2.124651873089928245e+01 -1.349967256030474346e+03 -1.328720737299575148e+03
9.050000000000000000e+03 3.074804049532490353e+02 2.491775563515060549e-02 1.983271349114493276e+01 -1.348586563433955916e+03 -1.328753849942811030e+03
9.100000000000000000e+03 3.042992774253004313e+02 2.505239259057355852e-02 1.962752841325292508e+01 -1.348282032060038318e+03 -1.328654503646785315e+03
9.150000000000000000e+03 3.229174713845703764e+02 2.433750704078248978e-02 2.082841569116876101e+01 -1.349482910454691591e+03 -1.328654494763522735e+03
9.200000000000000000e+03 3.059453736665967654e+02 2.497888931269883969e-02 1.973370283805064318e+01 -1.348360599186549507e+03 -1.328626896348498803e+03
9.250000000000000000e+03 3.105564498233071049e+02 2.483370862992399439e-02 2.003112065989782664e+01 -1.348525560990814483e+03 -1.328494440330916632e+03
9.300000000000000000e+03 3.191191416719065614e+02 2.450013847224351976e-02 2.058342061596187733e+01 -1.349155132881810459e+03 -1.328571712265848646e+03
9.350000000000000000e+03 3.078280874330644679e+02 2.490926868089235816e-02 1.985513926819280428e+01 -1.348493068485523281e+03 -1.328637929217330566e+03
9.400000000000000000e+03 3.168231667314624360e+02 2.458307799476669442e-02 2.043532853450517095e+01 -1.349095331368325333e+03 -1.328660002833820272e+03
9.450000000000000000e+03 3.106714308514818867e+02 2.485065918870310933e-02 2.003853702123979730e+01 -1.348549533255548567e+03 -1.328510996234308777e+03
9.500000000000000000e+03 3.188857544425429751e+02 2.445969646661873970e-02 2.056836696708573342e+01 -1.349206309002020816e+03 -1.328637942034935122e+03
9.550000000000000000e+03 3.089473177833899058e+02 2.487407737779174371e-02 1.992733045342287568e+01 -1.348460408184000698e+03 -1.328533077730577816e+03
9.600000000000000000e+03 3.138851777946874790e+02 2.471592082598789153e-02 2.024582607553686486e+01 -1.348883762637811742e+03 -1.328637936562274945e+03
9.650000000000000000e+03 3.121391194555366724e+02 2.473365504582797011e-02 2.013320402150884547e+01 -1.348815298759258667e+03 -1.328682094737749821e+03
9.700000000000000000e+03 3.159915574123036777e+02 2.458154281372572011e-02 2.038168911847165532e+01 -1.349113457085274604e+03 -1.328731767966802863e+03
9.750000000000000000e+03 3.163008463808792499e+02 2.460539796331620219e-02 2.040163848565381244e+01 -1.348940240882782291e+03 -1.328538602397128443e+03
9.800000000000000000e+03 3.026415333986367955e+02 2.510984607914969885e-02 1.952060269768585954e+01 -1.348103352466631350e+03 -1.328582749768945405e+03
9.850000000000000000e+03 3.294005730397721550e+02 2.408382504196001847e-02 2.124658054197001533e+01 -1.349923151614044400e+03 -1.328676571072074466e+03
9.900000000000000000e+03 2.987894575236391006e+02 2.529007179628230476e-02 1.927214095526491988e+01 -1.347816255640717372e+03 -1.328544114685452541e+03
9.950000000000000000e+03 3.163037619357931476e+02 2.460429685724027996e-02 2.040182654110171612e+01 -1.348868681944247101e+03 -1.328466855403145473e+03
1.000000000000000000e+04 3.149103441561289856e+02 2.465164955265012822e-02 2.031195006392669811e+01 -1.348800877840338444e+03 -1.328488927776411856e+03
