# time_fs vacf
0.000000000000000000e+00 3.999954979528934895e-06
5.000000000000000000e+01 2.971033851123197226e-07
1.000000000000000000e+02 -2.509428147008582766e-06
1.500000000000000000e+02 -3.115104176024034185e-07
2.000000000000000000e+02 2.846703115473550568e-07
2.500000000000000000e+02 -3.024749553624311401e-08
3.000000000000000000e+02 6.101930621408995135e-07
3.500000000000000000e+02 -2.187252367945430870e-07
4.000000000000000000e+02 -5.121779347141649712e-07
4.500000000000000000e+02 4.527571283473055809e-07
5.000000000000000000e+02 -4.992097235408640401e-09
5.500000000000000000e+02 -3.223214873536187171e-07
6.000000000000000000e+02 3.229044837245659815e-07
6.500000000000000000e+02 -4.800907944532177216e-09
7.000000000000000000e+02 -2.427456899954609712e-07
7.500000000000000000e+02 1.939177117617293579e-07
8.000000000000000000e+02 4.840577675227215359e-08
8.500000000000000000e+02 2.036704233737931738e-08
9.000000000000000000e+02 2.253778626892291447e-07
9.500000000000000000e+02 -1.701552565055257068e-07
1.000000000000000000e+03 -2.992635938854679191e-07
1.050000000000000000e+03 1.301994237324556600e-08
1.100000000000000000e+03 1.115863888261324179e-07
1.150000000000000000e+03 3.054897591028808241e-07
1.200000000000000000e+03 1.627962900360576538e-07
1.250000000000000000e+03 -5.148611487244964243e-07
1.300000000000000000e+03 -4.345706100979467033e-07
1.350000000000000000e+03 1.791267742380806201e-07
1.400000000000000000e+03 2.295841453897868503e-07
1.450000000000000000e+03 2.211610211712968503e-07
1.500000000000000000e+03 1.513954939211179446e-07
1.550000000000000000e+03 -2.745508601501911470e-07
1.600000000000000000e+03 -3.199626110618006450e-08
1.650000000000000000e+03 3.820232304945529376e-07
1.700000000000000000e+03 -1.306296242955878022e-07
1.750000000000000000e+03 -2.858178862837683810e-07
1.800000000000000000e+03 1.431129444070638391e-07
1.850000000000000000e+03 -1.031291964361599817e-07
1.900000000000000000e+03 -1.663563213201597504e-07
1.950000000000000000e+03 2.390491238189187142e-07
2.000000000000000000e+03 -5.320355923884118178e-08
2.050000000000000000e+03 -1.406434175459855543e-07
2.100000000000000000e+03 3.008815012811051124e-07
2.150000000000000000e+03 -7.858055208958287632e-08
2.200000000000000000e+03 -3.306495484592212030e-07
2.250000000000000000e+03 2.894141774679243532e-07
2.300000000000000000e+03 2.115842804532879683e-07
2.350000000000000000e+03 -2.557508320255649343e-07
2.400000000000000000e+03 -1.001738473805882136e-08
2.450000000000000000e+03 1.020001712621432886e-07
2.500000000000000000e+03 -1.042784172763933686e-08
2.550000000000000000e+03 1.005644781256750591e-07
2.600000000000000000e+03 -9.275092866424535289e-08
2.650000000000000000e+03 -1.827127158704451247e-07
2.700000000000000000e+03 1.386766349517557473e-07
2.750000000000000000e+03 1.253764701742912512e-08
2.800000000000000000e+03 -1.883766185815124546e-07
2.850000000000000000e+03 1.115728146206457396e-07
2.900000000000000000e+03 1.228788308469008003e-07
2.950000000000000000e+03 -1.167504645106838655e-07
3.000000000000000000e+03 -1.687335833687797654e-08
3.050000000000000000e+03 4.364204628799927807e-08
3.100000000000000000e+03 -4.394507196994821457e-08
3.150000000000000000e+03 -4.771584176128595162e-09
3.200000000000000000e+03 1.165649112883971624e-07
3.250000000000000000e+03 2.079473643834223538e-07
3.300000000000000000e+03 -4.222312131223979905e-08
3.350000000000000000e+03 -3.799711531509155234e-07
3.400000000000000000e+03 8.595612472922542322e-09
3.450000000000000000e+03 4.663261894304243584e-07
3.500000000000000000e+03 -7.468022171213338687e-09
3.550000000000000000e+03 -5.074292254973004873e-07
3.600000000000000000e+03 -2.497170621919299088e-07
3.650000000000000000e+03 1.490438386826762780e-07
3.700000000000000000e+03 2.760715023662995623e-07
3.750000000000000000e+03 2.282676588082871917e-07
3.800000000000000000e+03 1.303472154083065030e-08
3.850000000000000000e+03 -1.770991126389867521e-07
3.900000000000000000e+03 -1.034212251330987528e-07
3.950000000000000000e+03 1.951472043630880174e-08
4.000000000000000000e+03 3.300945801703425118e-08
4.050000000000000000e+03 1.125676341617256037e-07
4.100000000000000000e+03 1.100272202552066600e-07
4.150000000000000000e+03 -9.111689946884401125e-08
4.200000000000000000e+03 -1.549558720031918718e-07
4.250000000000000000e+03 -9.389007622203984043e-08
4.300000000000000000e+03 -1.553437474746332312e-08
4.350000000000000000e+03 2.272381538071896941e-07
4.400000000000000000e+03 6.339351073822844279e-08
4.450000000000000000e+03 -4.739855678204587552e-07
4.500000000000000000e+03 -7.215940577434611642e-08
4.550000000000000000e+03 6.676732567145985533e-07
4.600000000000000000e+03 1.528185341124368380e-07
4.650000000000000000e+03 -4.988282796946079701e-07
4.700000000000000000e+03 -1.711662449918318240e-07
4.750000000000000000e+03 1.498366664801250351e-07
4.800000000000000000e+03 1.799527403048733429e-07
4.850000000000000000e+03 2.017368844072347844e-07
4.900000000000000000e+03 -1.686014092434418385e-08
4.950000000000000000e+03 -1.403451343118611068e-07
5.000000000000000000e+03 -7.902118660537230638e-08
5.050000000000000000e+03 -2.065767049675225592e-07
5.100000000000000000e+03 -1.573187267229678919e-07
5.150000000000000000e+03 8.697171234097804327e-08
5.200000000000000000e+03 1.160781589057960363e-07
5.250000000000000000e+03 1.916853604938711571e-07
5.300000000000000000e+03 1.490592765869713135e-07
5.350000000000000000e+03 -2.505727635429509949e-07
5.400000000000000000e+03 -1.943362636659695186e-07
5.450000000000000000e+03 2.905607715429799558e-07
5.500000000000000000e+03 2.524824200417452632e-07
5.550000000000000000e+03 -9.802482445926358286e-08
5.600000000000000000e+03 -2.074533731716065735e-07
5.650000000000000000e+03 -1.444867714363055645e-07
5.700000000000000000e+03 7.758764832223502354e-08
5.750000000000000000e+03 1.357537915759169927e-07
5.800000000000000000e+03 -1.739541532543288649e-07
5.850000000000000000e+03 -1.646692318154224399e-07
5.900000000000000000e+03 1.942042827647087037e-07
5.950000000000000000e+03 1.470643711608069237e-07
6.000000000000000000e+03 -4.374871560290626818e-08
6.050000000000000000e+03 4.271568437406020043e-08
6.100000000000000000e+03 -5.154560897911737039e-08
6.150000000000000000e+03 -2.102653735084681213e-07
6.200000000000000000e+03 3.332800830265264916e-08
6.250000000000000000e+03 2.401009836612997497e-07
6.300000000000000000e+03 1.249971349803267640e-07
6.350000000000000000e+03 -4.282531017209386191e-08
6.400000000000000000e+03 -2.055102495197418204e-07
6.450000000000000000e+03 -1.276249028947082975e-07
6.500000000000000000e+03 1.710765084255058422e-07
6.550000000000000000e+03 1.060466262324295496e-07
6.600000000000000000e+03 -1.289932770519161528e-07
6.650000000000000000e+03 -1.845214994719813020e-08
6.700000000000000000e+03 6.377768119664711739e-09
6.750000000000000000e+03 -2.007893314606383230e-07
6.800000000000000000e+03 -9.858827143705381983e-08
6.850000000000000000e+03 2.322184198020818152e-07
6.900000000000000000e+03 3.229840930250494861e-07
6.950000000000000000e+03 3.231011133916561917e-08
7.000000000000000000e+03 -2.368457414004714490e-07
7.050000000000000000e+03 8.662807652970025352e-09
7.100000000000000000e+03 1.919245955672885966e-07
7.150000000000000000e+03 -2.149878679926522970e-07
7.200000000000000000e+03 -2.679787334005798318e-07
7.250000000000000000e+03 1.569964862848398701e-07
7.300000000000000000e+03 6.128585806531656153e-08
7.350000000000000000e+03 -9.952715607478018318e-08
7.400000000000000000e+03 1.914672458868391996e-07
7.450000000000000000e+03 1.316668562340525584e-07
7.500000000000000000e+03 -1.483795905439491575e-07
7.550000000000000000e+03 -8.644321699434080900e-08
7.600000000000000000e+03 -1.113528285584934925e-07
7.650000000000000000e+03 -6.982439401418836132e-08
7.700000000000000000e+03 2.771607150783480872e-07
7.750000000000000000e+03 1.730863176744026603e-07
7.800000000000000000e+03 -1.804487346730643091e-07
7.850000000000000000e+03 -7.281910612540192998e-08
7.900000000000000000e+03 5.134974623554989014e-09
7.950000000000000000e+03 -4.819641311463046384e-08
8.000000000000000000e+03 1.883062520038848171e-07
8.050000000000000000e+03 1.442032020532918744e-07
8.100000000000000000e+03 -2.667704441911825047e-07
8.150000000000000000e+03 -1.864257020240616208e-07
8.200000000000000000e+03 1.430229917029394246e-07
8.250000000000000000e+03 3.291059478532785996e-08
8.300000000000000000e+03 -1.285309503211341771e-07
8.350000000000000000e+03 1.947402431037402181e-08
8.400000000000000000e+03 1.085235511406180161e-07
8.450000000000000000e+03 -5.134180187293707778e-09
8.500000000000000000e+03 1.190627657981569922e-08
8.550000000000000000e+03 1.857417837201522857e-07
8.600000000000000000e+03 7.931276259696677235e-08
8.650000000000000000e+03 -2.160689793817847260e-07
8.700000000000000000e+03 -1.223304538950464669e-07
8.750000000000000000e+03 1.111279672021936072e-07
8.800000000000000000e+03 -1.857787103872503732e-08
8.850000000000000000e+03 -1.116609872804263134e-07
8.900000000000000000e+03 6.394135386946388846e-08
8.950000000000000000e+03 4.814926943426193983e-08
9.000000000000000000e+03 -7.288850622864123772e-08
9.050000000000000000e+03 5.070639911009845656e-08
9.100000000000000000e+03 7.069149977114010983e-08
9.150000000000000000e+03 -1.327289091554891079e-07
9.200000000000000000e+03 -5.330357249429182158e-08
9.250000000000000000e+03 1.267922274716433679e-07
9.300000000000000000e+03 1.643896415668562459e-08
9.350000000000000000e+03 9.426436823361843441e-09
9.400000000000000000e+03 1.342124195456565291e-07
9.450000000000000000e+03 -3.952838833145851714e-08
9.500000000000000000e+03 -1.129486625059948040e-07
9.550000000000000000e+03 2.474866715005515747e-08
9.600000000000000000e+03 -7.419513360199879912e-08
9.650000000000000000e+03 -6.328679241657729125e-08
9.700000000000000000e+03 1.111981980682720114e-07
9.750000000000000000e+03 6.640829949206455462e-08
9.800000000000000000e+03 -4.265009687724128436e-08
9.850000000000000000e+03 -1.087285000997186542e-07
9.900000000000000000e+03 -1.800282986862691096e-07
9.950000000000000000e+03 1.202022163502297497e-08
1.000000000000000000e+04 1.329355993355672109e-07
