# time_fs vacf
0.000000000000000000e+00 3.828078919512909055e-06
5.000000000000000000e+01 2.950098134481375005e-07
1.000000000000000000e+02 -2.415577884582799784e-06
1.500000000000000000e+02 -3.218621420717182129e-07
2.000000000000000000e+02 2.999101478248269668e-07
2.500000000000000000e+02 -6.431135600681064148e-09
3.000000000000000000e+02 5.672382649727503631e-07
3.500000000000000000e+02 -2.088709150030048501e-07
4.000000000000000000e+02 -4.892295952463726690e-07
4.500000000000000000e+02 4.117552764725377035e-07
5.000000000000000000e+02 -8.189456297423384945e-09
5.500000000000000000e+02 -2.993065057291306981e-07
6.000000000000000000e+02 3.174588005346773981e-07
6.500000000000000000e+02 1.351289635546654469e-08
7.000000000000000000e+02 -2.351858626434638264e-07
7.500000000000000000e+02 1.624748937527901157e-07
8.000000000000000000e+02 4.472456907921187761e-08
8.500000000000000000e+02 2.805930428765226741e-08
9.000000000000000000e+02 2.195274736451996862e-07
9.500000000000000000e+02 -1.542066569096046692e-07
1.000000000000000000e+03 -2.986300104330676746e-07
1.050000000000000000e+03 -1.052914498201280480e-08
1.100000000000000000e+03 1.209961293111479431e-07
1.150000000000000000e+03 3.204665739159061687e-07
1.200000000000000000e+03 1.590347298447127030e-07
1.250000000000000000e+03 -5.109744315487267452e-07
1.300000000000000000e+03 -4.434410159189487791e-07
1.350000000000000000e+03 1.776150962092621069e-07
1.400000000000000000e+03 2.675858006294108474e-07
1.450000000000000000e+03 2.166678900641849172e-07
1.500000000000000000e+03 9.343377652347227357e-08
1.550000000000000000e+03 -2.965204358302166969e-07
1.600000000000000000e+03 -1.844650928542928673e-08
1.650000000000000000e+03 4.196876450678674049e-07
1.700000000000000000e+03 -8.902835091719645219e-08
1.750000000000000000e+03 -3.110084710237921390e-07
1.800000000000000000e+03 1.123338089451867251e-07
1.850000000000000000e+03 -7.620345219887770721e-08
1.900000000000000000e+03 -1.779264228764769210e-07
1.950000000000000000e+03 2.075863514023725125e-07
2.000000000000000000e+03 -2.141357846334956466e-08
2.050000000000000000e+03 -1.302519182089000971e-07
2.100000000000000000e+03 2.826688632723939184e-07
2.150000000000000000e+03 -5.882460478683533328e-08
2.200000000000000000e+03 -3.503273712631769286e-07
2.250000000000000000e+03 2.526174323029518655e-07
2.300000000000000000e+03 2.654444199712262041e-07
2.350000000000000000e+03 -2.213498825695993778e-07
2.400000000000000000e+03 -6.863030256181258527e-08
2.450000000000000000e+03 8.379701397675512997e-08
2.500000000000000000e+03 2.470801801521151835e-08
2.550000000000000000e+03 9.735486063127504299e-08
2.600000000000000000e+03 -1.050346572290007310e-07
2.650000000000000000e+03 -1.752452343905915159e-07
2.700000000000000000e+03 1.360011075495098906e-07
2.750000000000000000e+03 1.819204817414578888e-08
2.800000000000000000e+03 -1.667695546483476851e-07
2.850000000000000000e+03 1.180090008157226603e-07
2.900000000000000000e+03 1.167429094656279104e-07
2.950000000000000000e+03 -1.403970837124449108e-07
3.000000000000000000e+03 -6.175495337027396879e-08
3.050000000000000000e+03 4.547551492103051345e-08
3.100000000000000000e+03 1.005656408913023663e-08
3.150000000000000000e+03 8.875916019851298305e-09
3.200000000000000000e+03 1.017228359703996572e-07
3.250000000000000000e+03 2.116407747641967346e-07
3.300000000000000000e+03 -5.818354987632613772e-08
3.350000000000000000e+03 -3.993354207924407576e-07
3.400000000000000000e+03 2.199591878191532163e-08
3.450000000000000000e+03 4.743258481105416241e-07
3.500000000000000000e+03 7.564122067268633541e-09
3.550000000000000000e+03 -4.790538229483251562e-07
3.600000000000000000e+03 -2.712331981390395925e-07
3.650000000000000000e+03 1.090216773099370992e-07
3.700000000000000000e+03 2.741148300365506978e-07
3.750000000000000000e+03 2.321631604982206342e-07
3.800000000000000000e+03 3.147186017708776270e-08
3.850000000000000000e+03 -1.566454385360394387e-07
3.900000000000000000e+03 -1.283449526237259589e-07
3.950000000000000000e+03 1.418116267180064064e-08
4.000000000000000000e+03 5.272083265871588944e-08
4.050000000000000000e+03 8.838342454256782212e-08
4.100000000000000000e+03 1.018171334645536421e-07
4.150000000000000000e+03 -5.789245558178411922e-08
4.200000000000000000e+03 -1.494868631633693884e-07
4.250000000000000000e+03 -1.038728184443973922e-07
4.300000000000000000e+03 -1.661603672187829340e-08
4.350000000000000000e+03 2.264766664537047044e-07
4.400000000000000000e+03 8.181753973767951851e-08
4.450000000000000000e+03 -4.843507010471363987e-07
4.500000000000000000e+03 -1.331357640133813200e-07
4.550000000000000000e+03 6.640063974348765960e-07
4.600000000000000000e+03 2.276665748719040973e-07
4.650000000000000000e+03 -4.687614340308154662e-07
4.700000000000000000e+03 -2.165196039480035082e-07
4.750000000000000000e+03 1.064460600316721815e-07
4.800000000000000000e+03 1.818225929072249104e-07
4.850000000000000000e+03 2.352521251758833455e-07
4.900000000000000000e+03 1.247487088543961390e-08
4.950000000000000000e+03 -1.470267309823552322e-07
5.000000000000000000e+03 -1.046037796727264779e-07
5.050000000000000000e+03 -2.116961544141200142e-07
5.100000000000000000e+03 -1.449340483887093303e-07
5.150000000000000000e+03 9.161998381652074300e-08
5.200000000000000000e+03 1.086607859545582712e-07
5.250000000000000000e+03 1.773142172844402167e-07
5.300000000000000000e+03 1.532600818337330079e-07
5.350000000000000000e+03 -2.308570449604400061e-07
5.400000000000000000e+03 -2.038837300085716039e-07
5.450000000000000000e+03 2.659743132689988378e-07
5.500000000000000000e+03 2.604449149242447182e-07
5.550000000000000000e+03 -7.856574507837305189e-08
5.600000000000000000e+03 -1.963459827257056330e-07
5.650000000000000000e+03 -1.447436675638444207e-07
5.700000000000000000e+03 5.510690865100895840e-08
5.750000000000000000e+03 1.455878647978954305e-07
5.800000000000000000e+03 -1.345320798232564928e-07
5.850000000000000000e+03 -1.897077985357494001e-07
5.900000000000000000e+03 1.421450635713686920e-07
5.950000000000000000e+03 1.506596143252404320e-07
6.000000000000000000e+03 -3.479109703159318888e-08
6.050000000000000000e+03 4.863480378409792792e-08
6.100000000000000000e+03 -1.666649515471277302e-09
6.150000000000000000e+03 -1.999898059637123579e-07
6.200000000000000000e+03 -2.506240092209208182e-08
6.250000000000000000e+03 2.286253579654665982e-07
6.300000000000000000e+03 1.503546772230918205e-07
6.350000000000000000e+03 -3.600021855229449391e-08
6.400000000000000000e+03 -1.826735191174493641e-07
6.450000000000000000e+03 -1.365200905184558602e-07
6.500000000000000000e+03 1.169501207248796097e-07
6.550000000000000000e+03 1.100392320631326260e-07
6.600000000000000000e+03 -7.756642294657497879e-08
6.650000000000000000e+03 1.246274766133183991e-09
6.700000000000000000e+03 -1.663767948157550334e-08
6.750000000000000000e+03 -2.597857470827793683e-07
6.800000000000000000e+03 -1.100930833177073035e-07
6.850000000000000000e+03 3.015141217601566140e-07
6.900000000000000000e+03 3.493645284989869640e-07
6.950000000000000000e+03 -2.635876168649982821e-09
7.000000000000000000e+03 -2.656494415822475729e-07
7.050000000000000000e+03 -1.803208069152063095e-08
7.100000000000000000e+03 2.215670616564266825e-07
7.150000000000000000e+03 -1.366709340229435737e-07
7.200000000000000000e+03 -2.727686457858190225e-07
7.250000000000000000e+03 1.121033038421418170e-07
7.300000000000000000e+03 5.082067721682976903e-08
7.350000000000000000e+03 -1.442334218522998879e-07
7.400000000000000000e+03 1.797317898879949708e-07
7.450000000000000000e+03 1.930431046705461387e-07
7.500000000000000000e+03 -1.508331728041507661e-07
7.550000000000000000e+03 -1.059458674156688939e-07
7.600000000000000000e+03 -5.651650237629586500e-08
7.650000000000000000e+03 -6.681746737260761834e-08
7.700000000000000000e+03 2.299940217693614137e-07
7.750000000000000000e+03 1.885512111535996078e-07
7.800000000000000000e+03 -1.759095068263120063e-07
7.850000000000000000e+03 -1.157279905504220658e-07
7.900000000000000000e+03 1.524403034632597396e-09
7.950000000000000000e+03 -2.867956667327983803e-08
8.000000000000000000e+03 1.977376311089045928e-07
8.050000000000000000e+03 1.622766080711901797e-07
8.100000000000000000e+03 -2.595563852843201532e-07
8.150000000000000000e+03 -1.973731288342886130e-07
8.200000000000000000e+03 1.292145521887310891e-07
8.250000000000000000e+03 1.785938202182845990e-08
8.300000000000000000e+03 -1.161215137597493712e-07
8.350000000000000000e+03 4.807325587538251296e-08
8.400000000000000000e+03 9.633264084874849088e-08
8.450000000000000000e+03 -3.853154785507973549e-08
8.500000000000000000e+03 1.183659841048564559e-08
8.550000000000000000e+03 2.227982513357015156e-07
8.600000000000000000e+03 1.044931681444580499e-07
8.650000000000000000e+03 -2.410258175034705092e-07
8.700000000000000000e+03 -1.511817030855278727e-07
8.750000000000000000e+03 1.211316837560822722e-07
8.800000000000000000e+03 -2.036474577712083847e-08
8.850000000000000000e+03 -1.351103921767475223e-07
8.900000000000000000e+03 7.782956718191512903e-08
8.950000000000000000e+03 6.901014802631976352e-08
9.000000000000000000e+03 -8.802683196022937857e-08
9.050000000000000000e+03 6.694400121389760126e-08
9.100000000000000000e+03 1.058157463171309266e-07
9.150000000000000000e+03 -1.489069155643056916e-07
9.200000000000000000e+03 -9.262960351051457132e-08
9.250000000000000000e+03 1.176723589879778249e-07
9.300000000000000000e+03 3.454479616715801190e-08
9.350000000000000000e+03 3.447044859211022329e-08
9.400000000000000000e+03 1.297688674088880255e-07
9.450000000000000000e+03 -7.552493687313458757e-08
9.500000000000000000e+03 -1.490422746760216871e-07
9.550000000000000000e+03 5.256457516921620031e-08
9.600000000000000000e+03 -1.504893274738368739e-09
9.650000000000000000e+03 -5.335368491643509574e-08
9.700000000000000000e+03 7.039434256490723466e-08
9.750000000000000000e+03 2.605774592383850239e-08
9.800000000000000000e+03 -4.998313441572203807e-08
9.850000000000000000e+03 -7.641333673344740262e-08
9.900000000000000000e+03 -1.473852836155929604e-07
9.950000000000000000e+03 -5.215542706969913172e-09
1.000000000000000000e+04 1.844113715072660806e-07
