# time_fs msd_A2
0.000000000000000000e+00 0.000000000000000000e+00
5.000000000000000000e+01 2.125735328156668491e-01
1.000000000000000000e+02 2.870927430146064663e-01
1.500000000000000000e+02 2.916505698059347895e-01
2.000000000000000000e+02 2.979728376365056719e-01
2.500000000000000000e+02 3.018666541749532861e-01
3.000000000000000000e+02 2.782637877899540868e-01
3.500000000000000000e+02 2.627928841366242718e-01
4.000000000000000000e+02 2.649379825764870966e-01
4.500000000000000000e+02 2.596264026531543978e-01
5.000000000000000000e+02 2.407398342719367645e-01
5.500000000000000000e+02 2.457373843760365384e-01
6.000000000000000000e+02 2.519836375663379036e-01
6.500000000000000000e+02 2.575075910499114440e-01
7.000000000000000000e+02 2.704867141069159375e-01
7.500000000000000000e+02 2.747808504433064680e-01
8.000000000000000000e+02 2.698428012106875995e-01
8.500000000000000000e+02 2.722906459756924691e-01
9.000000000000000000e+02 3.058383106906786830e-01
9.500000000000000000e+02 2.979220310125417770e-01
1.000000000000000000e+03 2.787667640161717864e-01
1.050000000000000000e+03 2.611385699240463265e-01
1.100000000000000000e+03 2.587933837055233499e-01
1.150000000000000000e+03 2.742337710147603747e-01
1.200000000000000000e+03 2.640048242596751416e-01
1.250000000000000000e+03 2.718939621456359923e-01
1.300000000000000000e+03 2.676839657087962676e-01
1.350000000000000000e+03 2.780011557657980914e-01
1.400000000000000000e+03 2.637959063933287829e-01
1.450000000000000000e+03 2.637078626174129692e-01
1.500000000000000000e+03 2.612374769700327448e-01
1.550000000000000000e+03 2.740514134383457145e-01
1.600000000000000000e+03 2.867419287160022368e-01
1.650000000000000000e+03 2.794435966994301412e-01
1.700000000000000000e+03 2.787214082380053415e-01
1.750000000000000000e+03 2.772025586153425980e-01
1.800000000000000000e+03 2.749407551021888496e-01
1.850000000000000000e+03 2.683806951400735108e-01
1.900000000000000000e+03 2.625309314762461210e-01
1.950000000000000000e+03 2.726324022357493604e-01
2.000000000000000000e+03 2.642025414813233275e-01
2.050000000000000000e+03 2.875071478287783977e-01
2.100000000000000000e+03 2.768817097949993200e-01
2.150000000000000000e+03 2.738295797425024936e-01
2.200000000000000000e+03 2.524804150614085585e-01
2.250000000000000000e+03 2.464483020860519791e-01
2.300000000000000000e+03 2.448145118144221810e-01
2.350000000000000000e+03 2.611676563464873646e-01
2.400000000000000000e+03 2.760003025999336890e-01
2.450000000000000000e+03 2.541876559732548779e-01
2.500000000000000000e+03 2.668623799335838598e-01
2.550000000000000000e+03 2.522641241102344112e-01
2.600000000000000000e+03 2.634746217382244460e-01
2.650000000000000000e+03 2.792632376748654388e-01
2.700000000000000000e+03 2.796769738121450688e-01
2.750000000000000000e+03 2.576275750234524597e-01
2.800000000000000000e+03 2.527708292388611278e-01
2.850000000000000000e+03 2.376177429083925208e-01
2.900000000000000000e+03 2.460604175785301717e-01
2.950000000000000000e+03 2.572063779010993478e-01
3.000000000000000000e+03 2.697238332130634797e-01
3.050000000000000000e+03 2.697009167087003334e-01
3.100000000000000000e+03 2.559590621776688946e-01
3.150000000000000000e+03 2.596355634804507484e-01
3.200000000000000000e+03 2.865219213624309869e-01
3.250000000000000000e+03 2.655169409741536257e-01
3.300000000000000000e+03 2.785177962544652108e-01
3.350000000000000000e+03 2.808883334699554535e-01
3.400000000000000000e+03 2.661300761163133966e-01
3.450000000000000000e+03 2.543702919234709370e-01
3.500000000000000000e+03 2.660304729161198090e-01
3.550000000000000000e+03 2.817519833129342732e-01
3.600000000000000000e+03 2.569219964157259950e-01
3.650000000000000000e+03 2.346416026583783565e-01
3.700000000000000000e+03 2.418982643052469961e-01
3.750000000000000000e+03 2.696729032522037217e-01
3.800000000000000000e+03 2.730676770025134426e-01
3.850000000000000000e+03 2.582571787278729047e-01
3.900000000000000000e+03 2.697306514465018790e-01
3.950000000000000000e+03 2.642659318111738598e-01
4.000000000000000000e+03 2.674950712067563630e-01
4.050000000000000000e+03 2.660823333852977424e-01
4.100000000000000000e+03 2.618120429456250453e-01
4.150000000000000000e+03 2.542115310071370593e-01
4.200000000000000000e+03 2.517936149418621428e-01
4.250000000000000000e+03 2.594728490547885125e-01
4.300000000000000000e+03 2.658474716910458335e-01
4.350000000000000000e+03 2.888061419737179558e-01
4.400000000000000000e+03 2.855437282640337360e-01
4.450000000000000000e+03 2.740561073004399995e-01
4.500000000000000000e+03 2.644465471637482690e-01
4.550000000000000000e+03 2.556721337645939118e-01
4.600000000000000000e+03 2.671262612621239096e-01
4.650000000000000000e+03 2.654701600133363426e-01
4.700000000000000000e+03 2.440224641971639741e-01
4.750000000000000000e+03 2.449813970721538559e-01
4.800000000000000000e+03 2.591605574547584112e-01
4.850000000000000000e+03 2.837721497575706464e-01
4.900000000000000000e+03 2.776779790894765565e-01
4.950000000000000000e+03 2.793089652829378600e-01
5.000000000000000000e+03 2.607461244470811179e-01
5.050000000000000000e+03 2.491634292449401156e-01
5.100000000000000000e+03 2.680852888975495674e-01
5.150000000000000000e+03 2.790289675092940680e-01
5.200000000000000000e+03 2.690661576720952963e-01
5.250000000000000000e+03 2.678673255800491648e-01
5.300000000000000000e+03 2.732442813109227653e-01
5.350000000000000000e+03 2.838710393742661653e-01
5.400000000000000000e+03 2.781279495299783799e-01
5.450000000000000000e+03 2.869439895735765855e-01
5.500000000000000000e+03 2.874266877555612387e-01
5.550000000000000000e+03 2.694956096870036455e-01
5.600000000000000000e+03 2.624213488230947022e-01
5.650000000000000000e+03 2.650768326514800766e-01
5.700000000000000000e+03 2.668289705022270364e-01
5.750000000000000000e+03 2.482500006795052561e-01
5.800000000000000000e+03 2.663007812643435890e-01
5.850000000000000000e+03 2.639463955133666828e-01
5.900000000000000000e+03 2.700363559805694091e-01
5.950000000000000000e+03 2.647774305018546492e-01
6.000000000000000000e+03 2.738850503660258950e-01
6.050000000000000000e+03 2.826162342515258219e-01
6.100000000000000000e+03 2.745119219444153158e-01
6.150000000000000000e+03 2.836410744636672643e-01
6.200000000000000000e+03 2.768021169996798259e-01
6.250000000000000000e+03 2.549121426065681928e-01
6.300000000000000000e+03 2.495726539247191400e-01
6.350000000000000000e+03 2.456757734546982652e-01
6.400000000000000000e+03 2.660581981474359758e-01
6.450000000000000000e+03 2.626950850638978263e-01
6.500000000000000000e+03 2.603066540938813178e-01
6.550000000000000000e+03 2.767278890241924305e-01
6.600000000000000000e+03 2.775828786188474506e-01
6.650000000000000000e+03 2.675135075111511052e-01
6.700000000000000000e+03 2.660167958071152361e-01
6.750000000000000000e+03 2.508416665290663095e-01
6.800000000000000000e+03 2.437356590300064907e-01
6.850000000000000000e+03 2.379275466843712994e-01
6.900000000000000000e+03 2.433293586145700571e-01
6.950000000000000000e+03 2.616574641511336674e-01
7.000000000000000000e+03 2.776715920759862954e-01
7.050000000000000000e+03 2.650713613010395320e-01
7.100000000000000000e+03 2.630507110842992269e-01
7.150000000000000000e+03 2.569502390543212389e-01
7.200000000000000000e+03 2.688957997484992535e-01
7.250000000000000000e+03 2.773530340155340168e-01
7.300000000000000000e+03 2.472393781715505334e-01
7.350000000000000000e+03 2.335883990183061087e-01
7.400000000000000000e+03 2.587369902663561594e-01
7.450000000000000000e+03 2.638550124254712692e-01
7.500000000000000000e+03 2.783261085542236279e-01
7.550000000000000000e+03 2.874774630880554960e-01
7.600000000000000000e+03 2.836285088308523883e-01
7.650000000000000000e+03 2.473796223224916380e-01
7.700000000000000000e+03 2.592361913213296898e-01
7.750000000000000000e+03 2.543292400593220592e-01
7.800000000000000000e+03 2.562523913569024203e-01
7.850000000000000000e+03 2.494784574808641964e-01
7.900000000000000000e+03 2.369287752829023208e-01
7.950000000000000000e+03 2.539646033301942718e-01
8.000000000000000000e+03 2.864970493346519209e-01
8.050000000000000000e+03 3.006141522083293216e-01
8.100000000000000000e+03 2.711097993176775356e-01
8.150000000000000000e+03 2.483448828822457655e-01
8.200000000000000000e+03 2.354313200730912270e-01
8.250000000000000000e+03 2.380069424555890656e-01
8.300000000000000000e+03 2.412094018421296893e-01
8.350000000000000000e+03 2.266560796085732299e-01
8.400000000000000000e+03 2.416650371310911094e-01
8.450000000000000000e+03 2.704663857350794731e-01
8.500000000000000000e+03 3.133050797854332603e-01
8.550000000000000000e+03 3.159881935483958570e-01
8.600000000000000000e+03 2.874778294538155032e-01
8.650000000000000000e+03 2.775960371159899021e-01
8.700000000000000000e+03 2.838271862489983866e-01
8.750000000000000000e+03 2.671777172347449270e-01
8.800000000000000000e+03 2.649480359779771699e-01
8.850000000000000000e+03 2.719844224308110014e-01
8.900000000000000000e+03 2.707886280868622153e-01
8.950000000000000000e+03 2.659936410344275193e-01
9.000000000000000000e+03 2.509337318559077268e-01
9.050000000000000000e+03 2.752419012850690350e-01
9.100000000000000000e+03 2.901040663919775553e-01
9.150000000000000000e+03 2.833697991854148834e-01
9.200000000000000000e+03 2.684471349076135160e-01
9.250000000000000000e+03 2.753959808299666912e-01
9.300000000000000000e+03 2.686196557653818817e-01
9.350000000000000000e+03 2.739363368161365497e-01
9.400000000000000000e+03 2.836205949828827233e-01
9.450000000000000000e+03 2.742269971816883589e-01
9.500000000000000000e+03 2.662610486971011547e-01
9.550000000000000000e+03 2.543304391431411848e-01
9.600000000000000000e+03 2.816256736619710543e-01
9.650000000000000000e+03 2.959045581829515825e-01
9.700000000000000000e+03 2.789799545941803460e-01
9.750000000000000000e+03 2.686607839843854761e-01
9.800000000000000000e+03 2.540244630423204586e-01
9.850000000000000000e+03 2.625291511842798298e-01
9.900000000000000000e+03 2.688287940470872051e-01
9.950000000000000000e+03 2.692887168156076760e-01
1.000000000000000000e+04 2.543489393363247419e-01
