# r_A g_r
2.033437500000000175e-02 0.000000000000000000e+00
6.100312500000000526e-02 0.000000000000000000e+00
1.016718750000000088e-01 0.000000000000000000e+00
1.423406249999999984e-01 0.000000000000000000e+00
1.830093750000000297e-01 0.000000000000000000e+00
2.236781250000000054e-01 0.000000000000000000e+00
2.643468749999999812e-01 0.000000000000000000e+00
3.050156250000000124e-01 0.000000000000000000e+00
3.456843750000000437e-01 0.000000000000000000e+00
3.863531250000000750e-01 0.000000000000000000e+00
4.270218749999999952e-01 0.000000000000000000e+00
4.676906250000000265e-01 0.000000000000000000e+00
5.083593750000000577e-01 0.000000000000000000e+00
5.490281249999999780e-01 0.000000000000000000e+00
5.896968750000000092e-01 0.000000000000000000e+00
6.303656250000000405e-01 0.000000000000000000e+00
6.710343750000000718e-01 0.000000000000000000e+00
7.117031250000001030e-01 0.000000000000000000e+00
7.523718750000001343e-01 0.000000000000000000e+00
7.930406250000000545e-01 0.000000000000000000e+00
8.337093750000000858e-01 0.000000000000000000e+00
8.743781250000000060e-01 0.000000000000000000e+00
9.150468750000000373e-01 0.000000000000000000e+00
9.557156250000000686e-01 0.000000000000000000e+00
9.963843750000000998e-01 0.000000000000000000e+00
1.037053125000000131e+00 0.000000000000000000e+00
1.077721875000000162e+00 0.000000000000000000e+00
1.118390624999999972e+00 0.000000000000000000e+00
1.159059375000000003e+00 0.000000000000000000e+00
1.199728125000000034e+00 0.000000000000000000e+00
1.240396875000000065e+00 0.000000000000000000e+00
1.281065625000000097e+00 0.000000000000000000e+00
1.321734375000000128e+00 0.000000000000000000e+00
1.362403125000000159e+00 0.000000000000000000e+00
1.403071875000000190e+00 0.000000000000000000e+00
1.443740625000000222e+00 0.000000000000000000e+00
1.484409375000000253e+00 0.000000000000000000e+00
1.525078125000000062e+00 0.000000000000000000e+00
1.565746875000000093e+00 0.000000000000000000e+00
1.606415625000000125e+00 0.000000000000000000e+00
1.647084375000000156e+00 0.000000000000000000e+00
1.687753125000000187e+00 0.000000000000000000e+00
1.728421875000000218e+00 0.000000000000000000e+00
1.769090625000000028e+00 0.000000000000000000e+00
1.809759375000000059e+00 0.000000000000000000e+00
1.850428125000000090e+00 0.000000000000000000e+00
1.891096875000000122e+00 0.000000000000000000e+00
1.931765625000000153e+00 0.000000000000000000e+00
1.972434375000000184e+00 1.182096779136203465e-04
2.013103125000000215e+00 1.929190145017581392e-03
2.053771875000000247e+00 1.112125827545376935e-02
2.094440625000000278e+00 5.944360121881486769e-02
2.135109375000000309e+00 2.057003971427291411e-01
2.175778125000000340e+00 4.964206596200617105e-01
2.216446875000000372e+00 9.677875580674948353e-01
2.257115624999999959e+00 1.572168031236494734e+00
2.297784374999999990e+00 2.181440192736226802e+00
2.338453125000000021e+00 2.716291984255873704e+00
2.379121875000000053e+00 3.097910053517881845e+00
2.419790625000000084e+00 3.331363714796745423e+00
2.460459375000000115e+00 3.393603964422098773e+00
2.501128125000000146e+00 3.332661157404115393e+00
2.541796875000000178e+00 3.147642448112340396e+00
2.582465625000000209e+00 2.874198582894916143e+00
2.623134375000000240e+00 2.584921770972110622e+00
2.663803125000000271e+00 2.259792135995094320e+00
2.704471875000000303e+00 1.935800475950910871e+00
2.745140625000000334e+00 1.679062698991925506e+00
2.785809375000000365e+00 1.391641719870298610e+00
2.826478125000000396e+00 1.173600335407453787e+00
2.867146875000000428e+00 9.651005261832461546e-01
2.907815625000000459e+00 7.810500553702226512e-01
2.948484375000000490e+00 6.559672893063850374e-01
2.989153125000000077e+00 5.326724309710904048e-01
3.029821875000000109e+00 4.497835488714256869e-01
3.070490625000000140e+00 3.950211785511152929e-01
3.111159375000000171e+00 3.489839396364035062e-01
3.151828125000000203e+00 3.296196545083657781e-01
3.192496875000000234e+00 3.342705926851552989e-01
3.233165625000000265e+00 3.468117320261773218e-01
3.273834375000000296e+00 3.719320922052719580e-01
3.314503125000000328e+00 4.013740762837504916e-01
3.355171875000000359e+00 4.435457803296540269e-01
3.395840625000000390e+00 4.871835147735926186e-01
3.436509375000000421e+00 5.154809997919979070e-01
3.477178125000000453e+00 5.609290883652414683e-01
3.517846875000000484e+00 5.859402930123648323e-01
3.558515625000000071e+00 6.158784897051026164e-01
3.599184375000000102e+00 6.219199549469421884e-01
3.639853125000000134e+00 6.332320560158225531e-01
3.680521875000000165e+00 6.193831927145675431e-01
3.721190625000000196e+00 6.189710375437076362e-01
3.761859375000000227e+00 5.962358792417631337e-01
3.802528125000000259e+00 5.823417324598573197e-01
3.843196875000000290e+00 5.763407309186777683e-01
3.883865625000000321e+00 5.857365785068266995e-01
3.924534375000000352e+00 6.248091072193250328e-01
3.965203125000000384e+00 6.838672193256740695e-01
4.005871875000000415e+00 7.454257696749591044e-01
4.046540625000000446e+00 8.438447603180382339e-01
4.087209375000000477e+00 9.762097006878280858e-01
4.127878125000000509e+00 1.098631851185665420e+00
4.168546875000000540e+00 1.246444091433810630e+00
4.209215625000000571e+00 1.384342914100233024e+00
4.249884375000000603e+00 1.525188430863460232e+00
4.290553125000000634e+00 1.627194028390490876e+00
4.331221875000000665e+00 1.701680845990160229e+00
4.371890625000000696e+00 1.744855279731362341e+00
4.412559375000000728e+00 1.740192046398750803e+00
4.453228125000000759e+00 1.715857827268194802e+00
4.493896875000000790e+00 1.662852714725441716e+00
4.534565625000000821e+00 1.574314776580849840e+00
4.575234374999999964e+00 1.469490188875027581e+00
4.615903124999999996e+00 1.365595351264465407e+00
4.656571875000000027e+00 1.266150467035134675e+00
4.697240625000000058e+00 1.153588544038394392e+00
4.737909375000000090e+00 1.079291286130770411e+00
4.778578125000000121e+00 1.009258728451344345e+00
4.819246875000000152e+00 9.564954450456466528e-01
4.859915625000000183e+00 9.157863117154565469e-01
4.900584375000000215e+00 8.930088704148066991e-01
4.941253125000000246e+00 8.603626086282688545e-01
4.981921875000000277e+00 8.530253059799632886e-01
5.022590625000000308e+00 8.445721833755457375e-01
5.063259375000000340e+00 8.332836802331468062e-01
5.103928125000000371e+00 8.333684630750342048e-01
5.144596875000000402e+00 8.243629209000168379e-01
5.185265625000000433e+00 8.169901703751590860e-01
5.225934375000000465e+00 8.194962745392744274e-01
5.266603125000000496e+00 8.251605112058809643e-01
5.307271875000000527e+00 8.312902869311353804e-01
5.347940625000000558e+00 8.480893313360352570e-01
5.388609375000000590e+00 8.787328511809581189e-01
5.429278125000000621e+00 8.909080949573547903e-01
5.469946875000000652e+00 9.278640362616367154e-01
5.510615625000000684e+00 9.549430027517994413e-01
5.551284375000000715e+00 9.898470898603661805e-01
5.591953125000000746e+00 1.019152751380725030e+00
5.632621875000000777e+00 1.040278573827969844e+00
5.673290625000000809e+00 1.051179894180514385e+00
5.713959375000000840e+00 1.043692986586495453e+00
5.754628125000000871e+00 1.031090279284784916e+00
5.795296875000000902e+00 9.999501460659003804e-01
5.835965625000000934e+00 9.661855904652790761e-01
5.876634375000000077e+00 9.228961873921982528e-01
5.917303125000000108e+00 8.794931380859926096e-01
5.957971875000000139e+00 8.309793228533908227e-01
5.998640625000000171e+00 7.884502236914859852e-01
6.039309375000000202e+00 7.531659198835960467e-01
6.079978125000000233e+00 7.235666203721996537e-01
6.120646875000000264e+00 7.102265489441761392e-01
6.161315625000000296e+00 6.982163392674319846e-01
6.201984375000000327e+00 7.061749799087753132e-01
6.242653125000000358e+00 7.311679426225764500e-01
6.283321875000000389e+00 7.663949463821806418e-01
6.323990625000000421e+00 8.162974300896824742e-01
6.364659375000000452e+00 8.876626197444680288e-01
6.405328125000000483e+00 9.615941512335111074e-01
6.445996875000000514e+00 1.044995392767550824e+00
6.486665625000000546e+00 1.137078462005140178e+00
6.527334375000000577e+00 1.227127260032761846e+00
6.568003125000000608e+00 1.308436973513544821e+00
6.608671875000000639e+00 1.378528893682141376e+00
6.649340625000000671e+00 1.443152008436603406e+00
6.690009375000000702e+00 1.471930180637629482e+00
6.730678125000000733e+00 1.492894679372867017e+00
6.771346875000000765e+00 1.480462241479978625e+00
6.812015625000000796e+00 1.451886460019939928e+00
6.852684375000000827e+00 1.399506783459688597e+00
6.893353125000000858e+00 1.337263990091881904e+00
6.934021875000000890e+00 1.249330878968441860e+00
6.974690625000000921e+00 1.162330759330591601e+00
7.015359375000000952e+00 1.071772965420037638e+00
7.056028125000000983e+00 9.882262472705392042e-01
7.096696875000001015e+00 9.176227518264680194e-01
7.137365625000001046e+00 8.490201164005719559e-01
7.178034375000000189e+00 7.977789686643023126e-01
7.218703125000000220e+00 7.693814588033698332e-01
7.259371875000000252e+00 7.580622921288833194e-01
7.300040625000000283e+00 7.486470004166074776e-01
7.340709375000000314e+00 7.677707196818110980e-01
7.381378125000000345e+00 7.883785117224521022e-01
7.422046875000000377e+00 8.221312818394729272e-01
7.462715625000000408e+00 8.589433520527604005e-01
7.503384375000000439e+00 9.000655287677266081e-01
7.544053125000000470e+00 9.379423617282399706e-01
7.584721875000000502e+00 9.718954409759759105e-01
7.625390625000000533e+00 1.002312441162628742e+00
7.666059375000000564e+00 1.023415085514885359e+00
7.706728125000000595e+00 1.046054093941432228e+00
7.747396875000000627e+00 1.046938633419115083e+00
7.788065625000000658e+00 1.050174021083377873e+00
7.828734375000000689e+00 1.036440058911072271e+00
7.869403125000000720e+00 1.029876797462159876e+00
7.910071875000000752e+00 1.015859449086050637e+00
7.950740625000000783e+00 9.936278061977832365e-01
7.991409375000000814e+00 9.763101660768029877e-01
8.032078125000001734e+00 9.579726427973936920e-01
8.072746874999999989e+00 9.357693981489226820e-01
8.113415625000001796e+00 9.215492591795841903e-01
