# time_fs temperature_K pressure_eV_per_A3 kinetic_energy_eV potential_energy_eV total_energy_eV
0.000000000000000000e+00 4.035380046767914337e+03 2.254504274253477658e-01 2.602849970475343184e+02 -5.958703172728684194e+02 -3.355853202253341010e+02
5.000000000000000000e+01 3.936552676412528399e+03 2.298585698769272934e-01 2.539105585800175220e+02 -5.896325893474222539e+02 -3.357220307674047035e+02
1.000000000000000000e+02 4.238069409173047461e+03 2.158608801330787474e-01 2.733586108047916241e+02 -6.091879319293688013e+02 -3.358293211245771772e+02
1.500000000000000000e+02 3.995544093099700149e+03 2.269385800361426175e-01 2.577155485785551718e+02 -5.934311105341804478e+02 -3.357155619556252759e+02
2.000000000000000000e+02 3.857232634939696254e+03 2.344338548768974961e-01 2.487943572504544250e+02 -5.844132165696196353e+02 -3.356188593191652103e+02
2.500000000000000000e+02 3.945728562766977120e+03 2.307150511636098245e-01 2.545024100351460277e+02 -5.902815434900614946e+02 -3.357791334549154953e+02
3.000000000000000000e+02 4.026529012127285569e+03 2.258239140414410595e-01 2.597140987681643765e+02 -5.954496092511487859e+02 -3.357355104829844095e+02
3.500000000000000000e+02 3.991786213650721493e+03 2.276337798623083719e-01 2.574731625752676223e+02 -5.931551844799076889e+02 -3.356820219046400666e+02
4.000000000000000000e+02 3.993454029500284378e+03 2.275757709647296123e-01 2.575807379308594705e+02 -5.935466737172824878e+02 -3.359659357864230174e+02
4.500000000000000000e+02 4.004656807598279102e+03 2.271687361238183822e-01 2.583033254022665801e+02 -5.941591528766040256e+02 -3.358558274743374454e+02
5.000000000000000000e+02 3.943260190985226927e+03 2.291678306862174608e-01 2.543431982299432832e+02 -5.901789645104050805e+02 -3.358357662804618258e+02
5.500000000000000000e+02 3.982716215222264509e+03 2.281109057523342254e-01 2.568881409696662104e+02 -5.926170901964133009e+02 -3.357289492267470905e+02
6.000000000000000000e+02 4.095960312633342710e+03 2.232152950895503751e-01 2.641924689929713281e+02 -5.998211776646822955e+02 -3.356287086717109673e+02
6.500000000000000000e+02 3.844001175328619411e+03 2.346101331704910364e-01 2.479409183213101642e+02 -5.836161624984334821e+02 -3.356752441771233180e+02
7.000000000000000000e+02 3.982312806252298742e+03 2.274950654258894867e-01 2.568621207927957357e+02 -5.925105577264637304e+02 -3.356484369336679947e+02
7.500000000000000000e+02 4.017723021109554338e+03 2.268274999806006720e-01 2.591461058357795650e+02 -5.948614056810278043e+02 -3.357152998452482393e+02
8.000000000000000000e+02 3.914938222615486211e+03 2.318940740485105900e-01 2.525164103269296163e+02 -5.884586383471078079e+02 -3.359422280201781632e+02
8.500000000000000000e+02 4.018705352495085663e+03 2.269349966776464389e-01 2.592094669365481536e+02 -5.952386529453681305e+02 -3.360291860088199769e+02
9.000000000000000000e+02 3.954842184107787034e+03 2.296326881753877058e-01 2.550902453508519159e+02 -5.907621086688351397e+02 -3.356718633179832523e+02
9.500000000000000000e+02 3.986049995014013348e+03 2.278117285885040144e-01 2.571031722314546641e+02 -5.927447770203499431e+02 -3.356416047888952789e+02
1.000000000000000000e+03 3.918387073242417046e+03 2.320373240842009965e-01 2.527388637426784328e+02 -5.884806891724264233e+02 -3.357418254297480189e+02
1.050000000000000000e+03 3.916523861150498760e+03 2.311481646518709632e-01 2.526186851849655568e+02 -5.883705450428665245e+02 -3.357518598579009677e+02
1.100000000000000000e+03 3.972030439202357229e+03 2.276557406289257401e-01 2.561989005146018030e+02 -5.920207224261223473e+02 -3.358218219115205443e+02
1.150000000000000000e+03 3.710261853023220738e+03 2.412429787017692229e-01 2.393146331367757114e+02 -5.751029023690997519e+02 -3.357882692323240690e+02
1.200000000000000000e+03 4.059524111202673339e+03 2.241954050039772495e-01 2.618423070573189193e+02 -5.976642554761658630e+02 -3.358219484188469437e+02
1.250000000000000000e+03 3.846477555336631667e+03 2.344548724032679554e-01 2.481006466630286127e+02 -5.838991554151367609e+02 -3.357985087521081482e+02
1.300000000000000000e+03 3.953259009863641950e+03 2.290481833418663571e-01 2.549881294413992237e+02 -5.908266189433692261e+02 -3.358384895019700025e+02
1.350000000000000000e+03 3.940586375155067344e+03 2.300665437611641995e-01 2.541707351316990184e+02 -5.898923759503243218e+02 -3.357216408186253034e+02
1.400000000000000000e+03 4.038764031109784355e+03 2.257555437738966997e-01 2.605032665399302232e+02 -5.963117884338536214e+02 -3.358085218939233982e+02
1.450000000000000000e+03 3.942808005775119454e+03 2.294933999259252955e-01 2.543140319495152539e+02 -5.900155583435555400e+02 -3.357015263940402860e+02
1.500000000000000000e+03 4.016433124522639901e+03 2.262315310457125028e-01 2.590629065520874406e+02 -5.947545261094396665e+02 -3.356916195573522259e+02
1.550000000000000000e+03 3.980387158090301909e+03 2.279711621339285677e-01 2.567379150623933697e+02 -5.924764580263016569e+02 -3.357385429639082872e+02
1.600000000000000000e+03 3.757237214247650627e+03 2.383084502354985423e-01 2.423445786724881827e+02 -5.779425975204394490e+02 -3.355980188479512663e+02
1.650000000000000000e+03 3.935738962797994191e+03 2.295870920208657739e-01 2.538580734501655627e+02 -5.893358841080678303e+02 -3.354778106579022960e+02
1.700000000000000000e+03 3.964659080362373061e+03 2.292257884573119242e-01 2.557234424185450621e+02 -5.911982660451449192e+02 -3.354748236265998571e+02
1.750000000000000000e+03 3.960979587433052984e+03 2.288904430308184024e-01 2.554861124037397531e+02 -5.912581277275921821e+02 -3.357720153238524290e+02
1.800000000000000000e+03 3.954141352548058876e+03 2.285659732132135080e-01 2.550450411970075493e+02 -5.905530759150024096e+02 -3.355080347179948603e+02
1.850000000000000000e+03 4.028812525127938443e+03 2.268800888490078438e-01 2.598613870452893480e+02 -5.955699228845153357e+02 -3.357085358392259877e+02
1.900000000000000000e+03 4.095186218948542773e+03 2.226297789654429760e-01 2.641425393778848729e+02 -5.998911350367885689e+02 -3.357485956589036959e+02
1.950000000000000000e+03 3.995160996787596559e+03 2.278585426259571445e-01 2.576908385831373494e+02 -5.934127536315128282e+02 -3.357219150483754788e+02
2.000000000000000000e+03 4.075335188277935231e+03 2.240000031628113508e-01 2.628621332204455143e+02 -5.986408060581022710e+02 -3.357786728376567567e+02
2.050000000000000000e+03 3.949586619744543441e+03 2.296126873294247195e-01 2.547512575631054688e+02 -5.904098228767313685e+02 -3.356585653136258998e+02
2.100000000000000000e+03 4.056813518852936340e+03 2.247795859989655531e-01 2.616674718463668796e+02 -5.974862421753236958e+02 -3.358187703289568162e+02
2.150000000000000000e+03 3.965214428266221148e+03 2.281329237357554440e-01 2.557592627690048062e+02 -5.916947093545744565e+02 -3.359354465855696503e+02
2.200000000000000000e+03 4.003480714894293214e+03 2.277842215356852829e-01 2.582274665531775781e+02 -5.940426088325386900e+02 -3.358151422793611118e+02
2.250000000000000000e+03 3.875637778932608398e+03 2.333384087340121538e-01 2.499815026479967059e+02 -5.857464963207605706e+02 -3.357649936727638647e+02
2.300000000000000000e+03 4.027484650196877737e+03 2.272429267272797759e-01 2.597757381303160287e+02 -5.954671054097117349e+02 -3.356913672793957062e+02
2.350000000000000000e+03 3.994986795560256269e+03 2.275053987486091445e-01 2.576796024751578216e+02 -5.932438901399141287e+02 -3.355642876647563071e+02
2.400000000000000000e+03 3.787289336416390142e+03 2.379897810769651678e-01 2.442829627749291603e+02 -5.799707302609170938e+02 -3.356877674859879335e+02
2.450000000000000000e+03 4.121352417148707900e+03 2.216084450300813136e-01 2.658302785108396620e+02 -6.017552400674694582e+02 -3.359249615566297962e+02
2.500000000000000000e+03 3.814608466252047037e+03 2.361499534635557729e-01 2.460450668509282650e+02 -5.819799714607587475e+02 -3.359349046098304825e+02
2.550000000000000000e+03 3.934613906773894087e+03 2.302316590767992666e-01 2.537855065046691436e+02 -5.895969210171218720e+02 -3.358114145124527568e+02
2.600000000000000000e+03 3.960028628211783598e+03 2.291039421184277725e-01 2.554247748307647612e+02 -5.912126962699416026e+02 -3.357879214391768414e+02
2.650000000000000000e+03 3.922081357049737562e+03 2.307513743807069195e-01 2.529771477800521495e+02 -5.886816201070801071e+02 -3.357044723270279292e+02
2.700000000000000000e+03 3.998254295214370813e+03 2.281951737972237326e-01 2.578903586190568831e+02 -5.936382824697099068e+02 -3.357479238506530237e+02
2.750000000000000000e+03 4.121476029827234925e+03 2.210846913284476856e-01 2.658382516200122154e+02 -6.017966023697566698e+02 -3.359583507497444543e+02
2.800000000000000000e+03 4.107660026505453970e+03 2.216708928774420717e-01 2.649471091892766594e+02 -6.008353638965107848e+02 -3.358882547072341254e+02
2.850000000000000000e+03 3.932533511001490751e+03 2.306235399367748129e-01 2.536513194389647765e+02 -5.893358704534194885e+02 -3.356845510144547120e+02
2.900000000000000000e+03 4.049341908743022032e+03 2.249821730593279112e-01 2.611855474692671351e+02 -5.970269810317944348e+02 -3.358414335625272997e+02
2.950000000000000000e+03 3.872572136330971716e+03 2.333573147937745285e-01 2.497837664332491272e+02 -5.855850671608772018e+02 -3.358013007276280746e+02
3.000000000000000000e+03 3.906339844991819518e+03 2.313173792376413129e-01 2.519618086119852762e+02 -5.878700833794362097e+02 -3.359082747674509619e+02
3.050000000000000000e+03 3.973889105207379544e+03 2.284690973257028079e-01 2.563187858463481916e+02 -5.921167291830840895e+02 -3.357979433367358979e+02
3.100000000000000000e+03 3.955484748103968741e+03 2.291947160112786375e-01 2.551316912037606244e+02 -5.909930575594753464e+02 -3.358613663557147220e+02
3.150000000000000000e+03 4.219748687576819975e+03 2.162906838565960277e-01 2.721769107142631015e+02 -6.080284685969239717e+02 -3.358515578826608703e+02
3.200000000000000000e+03 3.957541058652764605e+03 2.291187302678239501e-01 2.552643247547320584e+02 -5.910354208433881240e+02 -3.357710960886560656e+02
3.250000000000000000e+03 3.942629587165804423e+03 2.304892578498363154e-01 2.543025238172797344e+02 -5.898999084553918237e+02 -3.355973846381120893e+02
3.300000000000000000e+03 3.958191356484173866e+03 2.296952349022094164e-01 2.553062694457318571e+02 -5.910775024253360925e+02 -3.357712329796042354e+02
3.350000000000000000e+03 3.923748967665772852e+03 2.315241065487402272e-01 2.530847098979296845e+02 -5.888558611076554143e+02 -3.357711512097257582e+02
3.400000000000000000e+03 3.900943654029511436e+03 2.317687256005008800e-01 2.516137503046104484e+02 -5.871810222333457432e+02 -3.355672719287352948e+02
3.450000000000000000e+03 3.986679279545638110e+03 2.280964755888517104e-01 2.571437615490797270e+02 -5.930182854274981992e+02 -3.358745238784184721e+02
3.500000000000000000e+03 4.025389745395293176e+03 2.262657784303679087e-01 2.596406152215005250e+02 -5.954018362354914871e+02 -3.357612210139909621e+02
3.550000000000000000e+03 3.835106347592591646e+03 2.343252123726335401e-01 2.473671953549034015e+02 -5.831249657904427295e+02 -3.357577704355393280e+02
3.600000000000000000e+03 3.945825045793888421e+03 2.298074627470435005e-01 2.545086332617278515e+02 -5.900930370565791918e+02 -3.355844037948513687e+02
3.650000000000000000e+03 4.123950910182774351e+03 2.216122289864856931e-01 2.659978832330372143e+02 -6.015989673452398847e+02 -3.356010841122026704e+02
3.700000000000000000e+03 3.928956341047039587e+03 2.306449197080003011e-01 2.534205893317029847e+02 -5.890349257186114755e+02 -3.356143363869084624e+02
3.750000000000000000e+03 3.966244174178523281e+03 2.289675901373498246e-01 2.558256821418115692e+02 -5.914801326794889746e+02 -3.356544505376774055e+02
3.800000000000000000e+03 3.976561814137395231e+03 2.274258102108443202e-01 2.564911775487146883e+02 -5.922358495994263876e+02 -3.357446720507116993e+02
3.850000000000000000e+03 3.935527084226428087e+03 2.297527067798509071e-01 2.538444071256222969e+02 -5.895589733147231755e+02 -3.357145661891008785e+02
3.900000000000000000e+03 4.018283628329622843e+03 2.262822804153278577e-01 2.591822654160246202e+02 -5.949439763586428853e+02 -3.357617109426182651e+02
3.950000000000000000e+03 4.031472203193704445e+03 2.253990272619671997e-01 2.600329382472758084e+02 -5.957645594127809545e+02 -3.357316211655051461e+02
4.000000000000000000e+03 3.850344052637063214e+03 2.348464843843997008e-01 2.483500385980542262e+02 -5.840249354141873255e+02 -3.356748968161331277e+02
4.050000000000000000e+03 3.919698585817002822e+03 2.316352158987365628e-01 2.528234572735596828e+02 -5.884618685351809972e+02 -3.356384112616212860e+02
4.100000000000000000e+03 3.971071368879978763e+03 2.293115106308561135e-01 2.561370397696073837e+02 -5.920089593783498003e+02 -3.358719196087424166e+02
4.150000000000000000e+03 4.182779449429238412e+03 2.181376478154703202e-01 2.697923675162066957e+02 -6.058579681035985232e+02 -3.360656005873918275e+02
4.200000000000000000e+03 4.259186916996638502e+03 2.143560943790974727e-01 2.747207056751167329e+02 -6.104089462094714236e+02 -3.356882405343546907e+02
4.250000000000000000e+03 3.805675373727169244e+03 2.353217833712551998e-01 2.454688757773451471e+02 -5.812738228776620417e+02 -3.358049471003168946e+02
4.300000000000000000e+03 4.204627089823322422e+03 2.169878082973432654e-01 2.712015564772376024e+02 -6.070868667315683069e+02 -3.358853102543307045e+02
4.350000000000000000e+03 3.786649919384837176e+03 2.375130816161218072e-01 2.442417199035661213e+02 -5.796959800637530407e+02 -3.354542601601868910e+02
4.400000000000000000e+03 3.934685869895776250e+03 2.312333636630995726e-01 2.537901481792449090e+02 -5.894983535269523145e+02 -3.357082053477074055e+02
4.450000000000000000e+03 4.080872326966500623e+03 2.225756135617746878e-01 2.632192827603901719e+02 -5.991646651030389421e+02 -3.359453823426487702e+02
4.500000000000000000e+03 3.906207305383961739e+03 2.314523520413330759e-01 2.519532597092697586e+02 -5.876946828193084684e+02 -3.357414231100386814e+02
4.550000000000000000e+03 3.955244509269857190e+03 2.289077631898636944e-01 2.551161956213117037e+02 -5.907307835941824123e+02 -3.356145879728707087e+02
4.600000000000000000e+03 3.891653216503135354e+03 2.331560608025141645e-01 2.510145102141857762e+02 -5.866624761082404120e+02 -3.356479658940546642e+02
4.650000000000000000e+03 3.979775071324100281e+03 2.289644000837451343e-01 2.566984350133553221e+02 -5.924600631672122972e+02 -3.357616281538569751e+02
4.700000000000000000e+03 4.109823065811622655e+03 2.221357685684643424e-01 2.650866268240210388e+02 -6.008381977716496749e+02 -3.357515709476286361e+02
4.750000000000000000e+03 3.994067572527415450e+03 2.279207417865795060e-01 2.576203119098043430e+02 -5.934818276352920066e+02 -3.358615157254876635e+02
4.800000000000000000e+03 4.101443073093259045e+03 2.229704188216025673e-01 2.645461110969571905e+02 -6.001640633288343452e+02 -3.356179522318771546e+02
4.850000000000000000e+03 3.796462238325588260e+03 2.361880986021503148e-01 2.448746217311321232e+02 -5.806727105854056390e+02 -3.357980888542734874e+02
4.900000000000000000e+03 4.059108927227523054e+03 2.244006690591399955e-01 2.618155273839068400e+02 -5.973632788096102786e+02 -3.355477514257034386e+02
4.950000000000000000e+03 3.920408933250612790e+03 2.321503985852751417e-01 2.528692752083061350e+02 -5.885236873092156884e+02 -3.356544121009095534e+02
5.000000000000000000e+03 4.059215819517558884e+03 2.247513941473647803e-01 2.618224220156574802e+02 -5.975574368261108020e+02 -3.357350148104533218e+02
5.050000000000000000e+03 4.198530547582843610e+03 2.181812160288258695e-01 2.708083249945340185e+02 -6.066567853109239650e+02 -3.358484603163899465e+02
5.100000000000000000e+03 3.940196405903510822e+03 2.296113646197648073e-01 2.541455818266041717e+02 -5.899672840330455301e+02 -3.358217022064413868e+02
5.150000000000000000e+03 3.646898161257415723e+03 2.446329187412327189e-01 2.352276281625123886e+02 -5.706385217620154435e+02 -3.354108935995030834e+02
5.200000000000000000e+03 4.046706193468394304e+03 2.251807529866310664e-01 2.610155418850287674e+02 -5.966238093321792348e+02 -3.356082674471504674e+02
5.250000000000000000e+03 4.040494217815713910e+03 2.253111164549730927e-01 2.606148648618789139e+02 -5.962665857739880266e+02 -3.356517209121091128e+02
5.300000000000000000e+03 4.095427244494764636e+03 2.223938016557300001e-01 2.641580857038466661e+02 -5.998563315742463828e+02 -3.356982458703997168e+02
5.350000000000000000e+03 4.002806801035226272e+03 2.265807995551536724e-01 2.581839986109305869e+02 -5.940994362698039595e+02 -3.359154376588733726e+02
5.400000000000000000e+03 4.027949956972653581e+03 2.266586748135363816e-01 2.598057507614326482e+02 -5.955007958700662130e+02 -3.356950451086335647e+02
5.450000000000000000e+03 4.149339655387007952e+03 2.200135168206396874e-01 2.676354760728534643e+02 -6.031401604918791008e+02 -3.355046844190256365e+02
5.500000000000000000e+03 3.990912333723035317e+03 2.280779531371104896e-01 2.574167966737263669e+02 -5.932455869475916188e+02 -3.358287902738652519e+02
5.550000000000000000e+03 4.046466382113851523e+03 2.259035837049044593e-01 2.610000738753281553e+02 -5.967953795991805919e+02 -3.357953057238524366e+02
5.600000000000000000e+03 3.943559405538591363e+03 2.289274828210140778e-01 2.543624977898946327e+02 -5.902245591799913882e+02 -3.358620613900967555e+02
5.650000000000000000e+03 3.906707423933259179e+03 2.318630722874371886e-01 2.519855177255207082e+02 -5.878507727508613243e+02 -3.358652550253406162e+02
5.700000000000000000e+03 4.005666694876410475e+03 2.268903087682357100e-01 2.583684638784845333e+02 -5.939934204819119259e+02 -3.356249566034273926e+02
5.750000000000000000e+03 4.001047619618319459e+03 2.266959218050979274e-01 2.580705301086832151e+02 -5.938221285446438742e+02 -3.357515984359606591e+02
5.800000000000000000e+03 3.948642375961319885e+03 2.296007068752297930e-01 2.546903531408503056e+02 -5.904188024271386439e+02 -3.357284492862883098e+02
5.850000000000000000e+03 3.990113136253991797e+03 2.278987254032896481e-01 2.573652478459927693e+02 -5.929866389312105639e+02 -3.356213910852177946e+02
5.900000000000000000e+03 3.873970336252883044e+03 2.323313708095297025e-01 2.498739513621353296e+02 -5.854986783686331364e+02 -3.356247270064977783e+02
5.950000000000000000e+03 4.112231854579757965e+03 2.217735458677156379e-01 2.652419954807859312e+02 -6.010671621261982409e+02 -3.358251666454123097e+02
6.000000000000000000e+03 3.944143411930842376e+03 2.308005233705563708e-01 2.544001666340483609e+02 -5.901151718494332954e+02 -3.357150052153849629e+02
6.050000000000000000e+03 3.837720455263015538e+03 2.340648829919552143e-01 2.475358072326925196e+02 -5.831905294421909502e+02 -3.356547222094984591e+02
6.100000000000000000e+03 4.077641709776529751e+03 2.227967521126035522e-01 2.630109055627017369e+02 -5.986155566720748311e+02 -3.356046511093730942e+02
6.150000000000000000e+03 3.845638442092122204e+03 2.343214200957457471e-01 2.480465232382610736e+02 -5.835242940067372501e+02 -3.354777707684761481e+02
6.200000000000000000e+03 3.975443208740383852e+03 2.290093841288964316e-01 2.564190266734354964e+02 -5.920370584398586971e+02 -3.356180317664232007e+02
6.250000000000000000e+03 3.973643683475179387e+03 2.287219492840829316e-01 2.563029559631399934e+02 -5.919076797838878292e+02 -3.356047238207478358e+02
6.300000000000000000e+03 4.086778010101608288e+03 2.226554245564113799e-01 2.636002036896633172e+02 -5.995155485302846046e+02 -3.359153448406212874e+02
6.350000000000000000e+03 4.103139025974029209e+03 2.229684223050101555e-01 2.646555013118683632e+02 -6.006444033408365613e+02 -3.359889020289681980e+02
6.400000000000000000e+03 3.936621549617716028e+03 2.310807415261000863e-01 2.539150009526815950e+02 -5.898068571200236647e+02 -3.358918561673420982e+02
6.450000000000000000e+03 4.124298377514007370e+03 2.211243449079826340e-01 2.660202951328424206e+02 -6.018353630689138072e+02 -3.358150679360713866e+02
6.500000000000000000e+03 3.988315308180388456e+03 2.281696026110307529e-01 2.572492866058105392e+02 -5.930677049388410751e+02 -3.358184183330305359e+02
6.550000000000000000e+03 3.894900015063399223e+03 2.319084397378856910e-01 2.512239311222236893e+02 -5.869488356393115964e+02 -3.357249045170879072e+02
6.600000000000000000e+03 4.045127733823446761e+03 2.256547153844918607e-01 2.609137300707105851e+02 -5.966553965922848874e+02 -3.357416665215743024e+02
6.650000000000000000e+03 4.142120974207518884e+03 2.209268685694117107e-01 2.671698657987988099e+02 -6.028516546269294167e+02 -3.356817888281306068e+02
6.700000000000000000e+03 3.984880305969516485e+03 2.280232178501866158e-01 2.570277264231380059e+02 -5.927661568647918102e+02 -3.357384304416538043e+02
6.750000000000000000e+03 3.947953036912864263e+03 2.300790286814447527e-01 2.546458902624813163e+02 -5.903611861681333721e+02 -3.357152959056520558e+02
6.800000000000000000e+03 4.134622090492852294e+03 2.205955944805776114e-01 2.666861822540245726e+02 -6.024748711997845021e+02 -3.357886889457599295e+02
6.850000000000000000e+03 4.021041116654255802e+03 2.272333112495679153e-01 2.593601254520355042e+02 -5.952256339769116948e+02 -3.358655085248761907e+02
6.900000000000000000e+03 4.189506173482412123e+03 2.190988161872461926e-01 2.702262461918278973e+02 -6.062188105775103395e+02 -3.359925643856824422e+02
6.950000000000000000e+03 4.104660420708481979e+03 2.228959904072482789e-01 2.647536323972619812e+02 -6.006960295300066264e+02 -3.359423971327446452e+02
7.000000000000000000e+03 3.899324605905171211e+03 2.324801276622968371e-01 2.515093205033575714e+02 -5.873279636611109709e+02 -3.358186431577533995e+02
7.050000000000000000e+03 4.025721395725763614e+03 2.264602242796174281e-01 2.596620069130603952e+02 -5.956241503287765227e+02 -3.359621434157161275e+02
7.100000000000000000e+03 3.995456339743736862e+03 2.288201411568949739e-01 2.577098884222048127e+02 -5.935686199010884820e+02 -3.358587314788836693e+02
7.150000000000000000e+03 4.197023198728578791e+03 2.182479995005807971e-01 2.707110998787989615e+02 -6.066267543742553698e+02 -3.359156544954564083e+02
7.200000000000000000e+03 4.050017118376717463e+03 2.250115406280452091e-01 2.612290989899358351e+02 -5.969677613944357972e+02 -3.357386624044999621e+02
7.250000000000000000e+03 3.900252045066165920e+03 2.308979772135688613e-01 2.515691410150525371e+02 -5.872473077111217208e+02 -3.356781666960691837e+02
7.300000000000000000e+03 3.970993411534098868e+03 2.279764002190758643e-01 2.561320114631512297e+02 -5.919705256292503464e+02 -3.358385141660991167e+02
7.350000000000000000e+03 4.113162033063904346e+03 2.212036057381017995e-01 2.653019926808498212e+02 -6.011673975498815707e+02 -3.358654048690317495e+02
7.400000000000000000e+03 3.893849089369665762e+03 2.319670991938376503e-01 2.511561456378528305e+02 -5.869515084034115944e+02 -3.357953627655587638e+02
7.450000000000000000e+03 4.179345125953326715e+03 2.186816511699422594e-01 2.695708511124410052e+02 -6.053828403683619399e+02 -3.358119892559209347e+02
7.500000000000000000e+03 3.957511172180947597e+03 2.294048476921584923e-01 2.552623970551998127e+02 -5.910843410200809558e+02 -3.358219439648811431e+02
7.550000000000000000e+03 4.013999526282613715e+03 2.256781546538846883e-01 2.589059376660397902e+02 -5.946210623576554326e+02 -3.357151246916156424e+02
7.600000000000000000e+03 3.951801246448913844e+03 2.302398961903301400e-01 2.548941026231810838e+02 -5.905859331157284942e+02 -3.356918304925474104e+02
7.650000000000000000e+03 4.150183034018427861e+03 2.206807663722536450e-01 2.676898746182308741e+02 -6.033617658503903840e+02 -3.356718912321595099e+02
7.700000000000000000e+03 3.904689029751626549e+03 2.312020276702065336e-01 2.518553298082692038e+02 -5.875370627306270990e+02 -3.356817329223579236e+02
7.750000000000000000e+03 4.143277731615759876e+03 2.203851043078604854e-01 2.672444775070144374e+02 -6.030633116468435446e+02 -3.358188341398291072e+02
7.800000000000000000e+03 4.106772276898380369e+03 2.213723514887228350e-01 2.648898486831587320e+02 -6.007051836244926335e+02 -3.358153349413339015e+02
7.850000000000000000e+03 3.957989722298987544e+03 2.291251883518827803e-01 2.552932638916854557e+02 -5.910986745158810436e+02 -3.358054106241955878e+02
7.900000000000000000e+03 4.080438918057236151e+03 2.232176656256570080e-01 2.631913275652509583e+02 -5.991971877860918312e+02 -3.360058602208408729e+02
7.950000000000000000e+03 3.958708728940166566e+03 2.289458726485454898e-01 2.553396403517233182e+02 -5.912283603354114803e+02 -3.358887199836881337e+02
8.000000000000000000e+03 4.056896445322371164e+03 2.249666089476760888e-01 2.616728206649668209e+02 -5.974213664484002493e+02 -3.357485457834334284e+02
8.050000000000000000e+03 3.855124015989202690e+03 2.347504120808638350e-01 2.486583497688931175e+02 -5.843700981875089155e+02 -3.357117484186157981e+02
8.100000000000000000e+03 4.039945269254273626e+03 2.259435054603232129e-01 2.605794572737365797e+02 -5.963648502916973939e+02 -3.357853930179608142e+02
8.150000000000000000e+03 3.979028541328387291e+03 2.285188844166318733e-01 2.566502832765974063e+02 -5.925158021782630158e+02 -3.358655189016656095e+02
8.200000000000000000e+03 3.705861392494915890e+03 2.406648835939316777e-01 2.390308001787040268e+02 -5.747922738606812345e+02 -3.357614736819772361e+02
8.250000000000000000e+03 4.008371329463981056e+03 2.276648131618276283e-01 2.585429148093712683e+02 -5.944852523758303278e+02 -3.359423375664590594e+02
8.300000000000000000e+03 3.973345499565786668e+03 2.282820211886827100e-01 2.562837228804869483e+02 -5.920289787270991155e+02 -3.357452558466121673e+02
8.350000000000000000e+03 3.997951139369601151e+03 2.279407079134757874e-01 2.578708048428954385e+02 -5.936693213561497942e+02 -3.357985165132543557e+02
8.400000000000000000e+03 3.962069786007623861e+03 2.299853484266300985e-01 2.555564310179656218e+02 -5.912515671444148211e+02 -3.356951361264491993e+02
8.450000000000000000e+03 4.079906851919072324e+03 2.231742985596425199e-01 2.631570089058939743e+02 -5.989822738705016718e+02 -3.358252649646076975e+02
8.500000000000000000e+03 3.857608822025937116e+03 2.337757888763743741e-01 2.488186215956949354e+02 -5.843533663446446553e+02 -3.355347447489497199e+02
8.550000000000000000e+03 4.053740941719766397e+03 2.249244819894215819e-01 2.614692883492075453e+02 -5.969205908273193018e+02 -3.354513024781117565e+02
8.600000000000000000e+03 4.094135547680396485e+03 2.227460145476787279e-01 2.640747703041525369e+02 -5.999300218895666603e+02 -3.358552515854141234e+02
8.650000000000000000e+03 4.090764108148216110e+03 2.230972921976909218e-01 2.638573099612581245e+02 -5.996959952802437783e+02 -3.358386853189856538e+02
8.700000000000000000e+03 3.974506818646873853e+03 2.293537807617176405e-01 2.563586288199743990e+02 -5.921737622799998917e+02 -3.358151334600254927e+02
8.750000000000000000e+03 4.168217220529151746e+03 2.194073548650677663e-01 2.688530929838611314e+02 -6.046081959253242530e+02 -3.357551029414631216e+02
8.800000000000000000e+03 4.038412031207573818e+03 2.259427779143092230e-01 2.604805622859452683e+02 -5.959954084589350032e+02 -3.355148461729897349e+02
8.850000000000000000e+03 3.906106297619940506e+03 2.322822413054175250e-01 2.519467446337984882e+02 -5.873311162584723206e+02 -3.353843716246738040e+02
8.900000000000000000e+03 3.943716532863609700e+03 2.298907947375433136e-01 2.543726326185488062e+02 -5.899441465651939325e+02 -3.355715139466451546e+02
8.950000000000000000e+03 3.992768118597038665e+03 2.283336692960818981e-01 2.575364961703915583e+02 -5.934319373834113094e+02 -3.358954412130197511e+02
9.000000000000000000e+03 4.208534682815730775e+03 2.172464345835744826e-01 2.714535991147846516e+02 -6.071956392473193773e+02 -3.357420401325347257e+02
9.050000000000000000e+03 4.088456771576357369e+03 2.228162301829115233e-01 2.637084850461736210e+02 -5.994603980159874936e+02 -3.357519129698138727e+02
9.100000000000000000e+03 3.912476346499150168e+03 2.308352953581051803e-01 2.523576174969494161e+02 -5.881664009515823182e+02 -3.358087834546329304e+02
9.150000000000000000e+03 4.064267006222636155e+03 2.235921533329802147e-01 2.621482272933216109e+02 -5.979404238045823377e+02 -3.357921965112607268e+02
9.200000000000000000e+03 4.156811178706920145e+03 2.197078619734310345e-01 2.681173948519339092e+02 -6.039063883241065014e+02 -3.357889934721725922e+02
9.250000000000000000e+03 3.782915938224844012e+03 2.370817030299458283e-01 2.440008753575901324e+02 -5.798897542983598896e+02 -3.358888789407697573e+02
9.300000000000000000e+03 4.023004175512885467e+03 2.271608277318695468e-01 2.594867442000346500e+02 -5.953759266285833291e+02 -3.358891824285486791e+02
9.350000000000000000e+03 3.971489718208482827e+03 2.279772236383057205e-01 2.561640236106514976e+02 -5.917190417434910614e+02 -3.355550181328395638e+02
9.400000000000000000e+03 3.959361818049884732e+03 2.297803489507922736e-01 2.553817650822380756e+02 -5.908936630964929009e+02 -3.355118980142548253e+02
9.450000000000000000e+03 3.895214412568457192e+03 2.323609867660740569e-01 2.512442099937865407e+02 -5.869462829728018960e+02 -3.357020729790153837e+02
9.500000000000000000e+03 3.914050901163559956e+03 2.317642859436369884e-01 2.524591774371353097e+02 -5.881579264854202620e+02 -3.356987490482849807e+02
9.550000000000000000e+03 4.086827488289064149e+03 2.232617539231211146e-01 2.636033950693417296e+02 -5.995959938819817125e+02 -3.359925988126399830e+02
9.600000000000000000e+03 4.058496779926749241e+03 2.235151148159694456e-01 2.617760434303440888e+02 -5.974177656394975884e+02 -3.356417222091534995e+02
9.650000000000000000e+03 3.962301227372123321e+03 2.293787459453762723e-01 2.555713591571191330e+02 -5.910963495570698569e+02 -3.355249903999507524e+02
9.700000000000000000e+03 3.877851961189486246e+03 2.331344751887357014e-01 2.501243190408803798e+02 -5.856690647573300339e+02 -3.355447457164496541e+02
9.750000000000000000e+03 3.823050727552817989e+03 2.359435610688749851e-01 2.465895989476029513e+02 -5.822709367563548994e+02 -3.356813378087519482e+02
9.800000000000000000e+03 4.111421034919752856e+03 2.216520679514425718e-01 2.651896970131411422e+02 -6.011013919323368100e+02 -3.359116949191956678e+02
9.850000000000000000e+03 3.787378699970236539e+03 2.375152265251780082e-01 2.442887267902336816e+02 -5.801201356806366221e+02 -3.358314088904029404e+02
9.900000000000000000e+03 3.963394076150565525e+03 2.298193968021327582e-01 2.556418487114544291e+02 -5.913430984965987136e+02 -3.357012497851442845e+02
9.950000000000000000e+03 3.935248684657769900e+03 2.302296007713198756e-01 2.538264501475765087e+02 -5.895708527132611607e+02 -3.357444025656846520e+02
1.000000000000000000e+04 3.951632187933681507e+03 2.286636399576056911e-01 2.548831982239353806e+02 -5.905641696039548378e+02 -3.356809713800194572e+02
