# k_1_per_A S_k
1.000000000000000056e-01 2.247146824504978824e+00
1.397993311036789255e-01 1.973985420023182114e+00
1.795986622073578731e-01 1.640722712320839882e+00
2.193979933110368208e-01 1.270094403402073802e+00
2.591973244147157684e-01 8.866730950241794584e-01
2.989966555183947161e-01 5.148627678651220840e-01
3.387959866220736083e-01 1.769604965389092177e-01
3.785953177257525004e-01 -1.085417783465627561e-01
4.183946488294314481e-01 -3.282690224708568749e-01
4.581939799331103957e-01 -4.747821404252667854e-01
4.979933110367893434e-01 -5.468474860570724516e-01
5.377926421404682911e-01 -5.491537649608617677e-01
5.775919732441472387e-01 -4.915256237623801816e-01
6.173913043478260754e-01 -3.877290398920125725e-01
6.571906354515050230e-01 -2.539984569968207762e-01
6.969899665551839707e-01 -1.074362965467705600e-01
7.367892976588629184e-01 3.555957223542693946e-02
7.765886287625418660e-01 1.606954966127529527e-01
8.163879598662208137e-01 2.568884921484970718e-01
8.561872909698997614e-01 3.169944503743188369e-01
8.959866220735787090e-01 3.381150001654453785e-01
9.357859531772575457e-01 3.214838033181769417e-01
9.755852842809364933e-01 2.719742430473106598e-01
1.015384615384615552e+00 1.973047928082525271e-01
1.055183946488294389e+00 1.070426322711841571e-01
1.094983277591973447e+00 1.151836409395812222e-02
1.134782608695652284e+00 -7.923555019978301139e-02
1.174581939799331343e+00 -1.564218994491592962e-01
1.214381270903010179e+00 -2.132120608143925899e-01
1.254180602006689238e+00 -2.452241649160640247e-01
1.293979933110368075e+00 -2.507255229740497082e-01
1.333779264214047133e+00 -2.305688456628531835e-01
1.373578595317725970e+00 -1.878978183944579605e-01
1.413377926421404807e+00 -1.276769717933241566e-01
1.453177257525083865e+00 -5.611188494942975780e-02
1.492976588628762702e+00 1.997190790976488550e-02
1.532775919732441761e+00 9.372874352942106579e-02
1.572575250836120597e+00 1.588211749422863139e-01
1.612374581939799656e+00 2.098432101929448290e-01
1.652173913043478493e+00 2.426229692755295098e-01
1.691973244147157551e+00 2.544063277343540097e-01
1.731772575250836388e+00 2.439367459570414010e-01
1.771571906354515225e+00 2.114550559615827607e-01
1.811371237458194283e+00 1.586457085872892137e-01
1.851170568561873120e+00 8.855302775738982390e-02
1.890969899665552179e+00 5.483414365620165043e-03
1.930769230769231015e+00 -8.510105945042378828e-02
1.970568561872910074e+00 -1.767034348310643210e-01
2.010367892976588688e+00 -2.619424193774388954e-01
2.050167224080267747e+00 -3.327540717568109319e-01
2.089966555183946806e+00 -3.806668014009202405e-01
2.129765886287625865e+00 -3.971668273395305704e-01
2.169565217391304479e+00 -3.741605608989420073e-01
2.209364548494983538e+00 -3.045252147340962168e-01
2.249163879598662596e+00 -1.827212638349513529e-01
2.288963210702341655e+00 -5.422731335980479628e-03
2.328762541806020270e+00 2.278935777912274308e-01
2.368561872909699328e+00 5.144681763642454664e-01
2.408361204013378387e+00 8.479584387190768346e-01
2.448160535117057002e+00 1.218380664987593454e+00
2.487959866220736060e+00 1.612341627930270249e+00
2.527759197324415119e+00 2.013582332321329105e+00
2.567558528428094178e+00 2.403826468239971703e+00
2.607357859531772792e+00 2.763892826463334895e+00
2.647157190635451851e+00 3.074998452809352134e+00
2.686956521739130910e+00 3.320151456251699162e+00
2.726755852842809524e+00 3.485512819132263296e+00
2.766555183946488583e+00 3.561598253912605649e+00
2.806354515050167642e+00 3.544195979866476165e+00
2.846153846153846700e+00 3.434894740787842959e+00
2.885953177257525315e+00 3.241147414100530533e+00
2.925752508361204374e+00 2.975836645510538503e+00
2.965551839464883432e+00 2.656356271520158963e+00
3.005351170568562047e+00 2.303271136523777685e+00
3.045150501672241106e+00 1.938663111510373405e+00
3.084949832775920164e+00 1.584307641580646964e+00
3.124749163879599223e+00 1.259848643849262650e+00
3.164548494983277838e+00 9.811469024321318733e-01
3.204347826086956896e+00 7.589667203705563470e-01
3.244147157190635955e+00 5.981377837882029258e-01
3.283946488294315014e+00 4.972861452158381379e-01
3.323745819397993628e+00 4.491738323058733773e-01
3.363545150501672687e+00 4.416260887713436833e-01
3.403344481605351746e+00 4.589647567725593236e-01
3.443143812709030360e+00 4.838121373820519766e-01
3.482943143812709419e+00 4.990876964972150720e-01
3.522742474916388478e+00 4.899950106992474463e-01
3.562541806020067536e+00 4.457915358111580462e-01
3.602341137123746151e+00 3.611502818060596809e-01
3.642140468227425210e+00 2.369592480869279205e-01
3.681939799331104268e+00 8.045832141891040568e-02
3.721739130434782883e+00 -9.532080052247660085e-02
3.761538461538461942e+00 -2.727746843796259313e-01
3.801337792642141000e+00 -4.315015131578805452e-01
3.841137123745820059e+00 -5.504601573302430051e-01
3.880936454849498674e+00 -6.103020007823247717e-01
3.920735785953177732e+00 -5.956376806484249276e-01
3.960535117056856791e+00 -4.969996742867477391e-01
4.000334448160534961e+00 -3.122848659165149421e-01
4.040133779264214020e+00 -4.750714379211418148e-02
4.079933110367893079e+00 2.832453503218872459e-01
4.119732441471572137e+00 6.586765368852703917e-01
4.159531772575251196e+00 1.051918229548851835e+00
4.199331103678930255e+00 1.432802229040158304e+00
4.239130434782608425e+00 1.770567336338200626e+00
4.278929765886287484e+00 2.036750064716521536e+00
4.318729096989966543e+00 2.207981594460228791e+00
4.358528428093645601e+00 2.268414091582875880e+00
4.398327759197324660e+00 2.211527461648402859e+00
4.438127090301003719e+00 2.041120775739300619e+00
4.477926421404682777e+00 1.771366285705009869e+00
4.517725752508360948e+00 1.425891318671913321e+00
4.557525083612040007e+00 1.035946109730490727e+00
4.597324414715719065e+00 6.378048246430947366e-01
4.637123745819398124e+00 2.696238712128810056e-01
4.676923076923077183e+00 -3.196160119945146150e-02
4.716722408026756241e+00 -2.351912163496330255e-01
4.756521739130435300e+00 -3.161695208463044526e-01
4.796321070234113471e+00 -2.612077311319549455e-01
4.836120401337792529e+00 -6.828800938092771666e-02
4.875919732441471588e+00 2.525002061523472507e-01
4.915719063545150647e+00 6.796083264697232451e-01
4.955518394648829705e+00 1.181717188401025798e+00
4.995317725752508764e+00 1.720324556737893751e+00
5.035117056856187823e+00 2.253004844883534030e+00
5.074916387959865993e+00 2.737049746426911678e+00
5.114715719063545052e+00 3.133160778562063431e+00
5.154515050167224111e+00 3.408857744861605088e+00
5.194314381270903169e+00 3.541291695995254063e+00
5.234113712374582228e+00 3.519204944864073425e+00
5.273913043478261287e+00 3.343859087265240060e+00
5.313712374581940345e+00 3.028847436038113017e+00
5.353511705685618516e+00 2.598811776078671976e+00
5.393311036789297575e+00 2.087185069103659085e+00
5.433110367892976633e+00 1.533172004205331618e+00
5.472909698996655692e+00 9.782495051895929716e-01
5.512709030100334751e+00 4.625127816659539981e-01
5.552508361204013809e+00 2.120512154833831264e-02
5.592307692307692868e+00 -3.182497954854688338e-01
5.632107023411371038e+00 -5.384438162403246686e-01
5.671906354515050097e+00 -6.332140534268704268e-01
5.711705685618729156e+00 -6.078049378181786810e-01
5.751505016722408214e+00 -4.779630746788898765e-01
5.791304347826087273e+00 -2.680666687482591293e-01
5.831103678929766332e+00 -8.482098760085321487e-03
5.870903010033445391e+00 2.675881047094944565e-01
5.910702341137123561e+00 5.274558995929827798e-01
5.950501672240802620e+00 7.421714983813125777e-01
5.990301003344481678e+00 8.893107759582878913e-01
6.030100334448160737e+00 9.550626084081166312e-01
6.069899665551839796e+00 9.354233230820420131e-01
6.109698996655518854e+00 8.363943790967284242e-01
6.149498327759197913e+00 6.731775920853562134e-01
6.189297658862876084e+00 4.684600230972123525e-01
6.229096989966555142e+00 2.499685234215227592e-01
6.268896321070234201e+00 4.754335618303107136e-02
6.308695652173913260e+00 -1.099753372074858682e-01
6.348494983277592318e+00 -1.977393172855301806e-01
6.388294314381271377e+00 -1.974686498632536313e-01
6.428093645484950436e+00 -9.936302842801625346e-02
6.467892976588629494e+00 9.683373646469639606e-02
6.507692307692307665e+00 3.817127662405445099e-01
6.547491638795986724e+00 7.370258324972631669e-01
6.587290969899665782e+00 1.137368102452919416e+00
6.627090301003344841e+00 1.552545457031036635e+00
6.666889632107023900e+00 1.950389146450755451e+00
6.706688963210702958e+00 2.299739989585780187e+00
6.746488294314382017e+00 2.573311691558218151e+00
6.786287625418060188e+00 2.750159022198128689e+00
6.826086956521739246e+00 2.817519549339390750e+00
6.865886287625418305e+00 2.771862683337947608e+00
6.905685618729097364e+00 2.619060136873782252e+00
6.945484949832776422e+00 2.373679272977696542e+00
6.985284280936455481e+00 2.057486356636801794e+00
7.025083612040134540e+00 1.697321915113788382e+00
7.064882943143812710e+00 1.322567906924260628e+00
7.104682274247491769e+00 9.624607719389518534e-01
7.144481605351170828e+00 6.435126989662786068e-01
7.184280936454849886e+00 3.872853253989611000e-01
7.224080267558528945e+00 2.087179939722633160e-01
7.263879598662208004e+00 1.151514545379401788e-01
7.303678929765887062e+00 1.061141990210067165e-01
7.343478260869565233e+00 1.738602819433316959e-01
7.383277591973244292e+00 3.045726437171974998e-01
7.423076923076923350e+00 4.800822149697424601e-01
7.462876254180602409e+00 6.799067109192339364e-01
7.502675585284281468e+00 8.833883466911534033e-01
7.542474916387960526e+00 1.071708672608735258e+00
7.582274247491639585e+00 1.229580774225637274e+00
7.622073578595317755e+00 1.346461224603921369e+00
7.661872909698996814e+00 1.417181389342158093e+00
7.701672240802675873e+00 1.441963471955512999e+00
7.741471571906354932e+00 1.425853805633785720e+00
7.781270903010033990e+00 1.377667147009733917e+00
7.821070234113713049e+00 1.308584720616417396e+00
7.860869565217392108e+00 1.230580591611432295e+00
7.900668896321070278e+00 1.154862676995825232e+00
7.940468227424749337e+00 1.090505657537305551e+00
7.980267558528428395e+00 1.043424810531559110e+00
8.020066889632108342e+00 1.015795981310046781e+00
8.059866220735786513e+00 1.005972788157235343e+00
8.099665551839466460e+00 1.008893947153614246e+00
8.139464882943144630e+00 1.016917838744789915e+00
8.179264214046822801e+00 1.020974214880885578e+00
8.219063545150502748e+00 1.011889272806240969e+00
8.258862876254180918e+00 9.817235915085651410e-01
8.298662207357860865e+00 9.249640793957926155e-01
8.338461538461539035e+00 8.394304906549734380e-01
8.378260869565217206e+00 7.267916579052374759e-01
8.418060200668897153e+00 5.926321673256562672e-01
8.457859531772575323e+00 4.460614619513463275e-01
8.497658862876255270e+00 2.989084929494518761e-01
8.537458193979933441e+00 1.645903992665421756e-01
8.577257525083613388e+00 5.677841704264230405e-02
8.617056856187291558e+00 -1.199526083376456498e-02
8.656856187290969729e+00 -3.164153385457724177e-02
8.696655518394649675e+00 4.407048961481585536e-03
8.736454849498327846e+00 9.845344914699294403e-02
8.776254180602007793e+00 2.482019031995313929e-01
8.816053511705685963e+00 4.468610842462266142e-01
8.855852842809365910e+00 6.836676166867461379e-01
8.895652173913044081e+00 9.447703574268034865e-01
8.935451505016722251e+00 1.214381106379490705e+00
8.975250836120402198e+00 1.476073915452725371e+00
9.015050167224080369e+00 1.714105010933021589e+00
9.054849498327760315e+00 1.914629041467151627e+00
9.094648829431438486e+00 2.066703858017714168e+00
9.134448160535118433e+00 2.163002884275456950e+00
9.174247491638796603e+00 2.200187859812117175e+00
9.214046822742474774e+00 2.178931246909178832e+00
9.253846153846154721e+00 2.103612698317490981e+00
9.293645484949832891e+00 1.981743892539628238e+00
9.333444816053512838e+00 1.823197780388525313e+00
9.373244147157191009e+00 1.639330007780742005e+00
9.413043478260870955e+00 1.442081435665336198e+00
9.452842809364549126e+00 1.243142013090651643e+00
9.492642140468227296e+00 1.053239652653531255e+00
9.532441471571907243e+00 8.815959296574602533e-01
9.572240802675585414e+00 7.355665536854034681e-01
9.612040133779265361e+00 6.204618483126591588e-01
9.651839464882943531e+00 5.395237389796840866e-01
9.691638795986623478e+00 4.940230725671567180e-01
9.731438127090301649e+00 4.834355808322881032e-01
9.771237458193979819e+00 5.056564798191445220e-01
9.811036789297659766e+00 5.572215589321816154e-01
9.850836120401337936e+00 6.335147929627258367e-01
9.890635451505017883e+00 7.289565844594292354e-01
9.930434782608696054e+00 8.371800940597129426e-01
9.970234113712376001e+00 9.512133160508149388e-01
1.001003344481605417e+01 1.063689726325885099e+00
1.004983277591973234e+01 1.167109415640377179e+00
1.008963210702341229e+01 1.254165554209460298e+00
1.012943143812709046e+01 1.318138754608328300e+00
1.016923076923077041e+01 1.353346238385061628e+00
1.020903010033444858e+01 1.355616139759056038e+00
1.024882943143812852e+01 1.322742568494245763e+00
1.028862876254180669e+01 1.254866879879331876e+00
1.032842809364548486e+01 1.154727151172462163e+00
1.036822742474916481e+01 1.027722502322039100e+00
1.040802675585284298e+01 8.817519204167320046e-01
1.044782608695652293e+01 7.268077801976828844e-01
1.048762541806020110e+01 5.743303074742633907e-01
1.052742474916388105e+01 4.363579032182544060e-01
1.056722408026755922e+01 3.245360451213177289e-01
1.060702341137123739e+01 2.490707632284544504e-01
1.064682274247491733e+01 2.177281053999453597e-01
1.068662207357859550e+01 2.349859781198079256e-01
1.072642140468227545e+01 3.014378047236923042e-01
1.076622073578595362e+01 4.135284947156494528e-01
1.080602006688963357e+01 5.636736316889638942e-01
1.084581939799331174e+01 7.407752994008763858e-01
1.088561872909698991e+01 9.311064178649502976e-01
1.092541806020066986e+01 1.119494393310269009e+00
1.096521739130434803e+01 1.290699023894404718e+00
1.100501672240802797e+01 1.430853307201756408e+00
1.104481605351170614e+01 1.528822528599917963e+00
1.108461538461538609e+01 1.577338892922756530e+00
1.112441471571906426e+01 1.573786474446515538e+00
1.116421404682274243e+01 1.520543119304085700e+00
1.120401337792642238e+01 1.424829180649981986e+00
1.124381270903010055e+01 1.298063245239164276e+00
1.128361204013378050e+01 1.154777023422216775e+00
1.132341137123745867e+01 1.011189658148981652e+00
1.136321070234113861e+01 8.835804631655040930e-01
1.140301003344481678e+01 7.866240115380188636e-01
1.144280936454849495e+01 7.318594660491359871e-01
1.148260869565217490e+01 7.264557775307263210e-01
1.152240802675585307e+01 7.724065691276458256e-01
1.156220735785953302e+01 8.662458209224197514e-01
1.160200668896321119e+01 9.993222142282061071e-01
1.164180602006689114e+01 1.158611775450165471e+00
1.168160535117056931e+01 1.327991504845134063e+00
1.172140468227424748e+01 1.489847173527562019e+00
1.176120401337792742e+01 1.626851880630957758e+00
1.180100334448160559e+01 1.723732394239896326e+00
1.184080267558528554e+01 1.768840049728140240e+00
1.188060200668896371e+01 1.755362251612242019e+00
1.192040133779264366e+01 1.682047490804337020e+00
1.196020066889632183e+01 1.553367381659196855e+00
1.200000000000000000e+01 1.379098152274620626e+00
