# time_fs temperature_K pressure_eV_per_A3 kinetic_energy_eV potential_energy_eV total_energy_eV
0.000000000000000000e+00 3.032181167344946857e+02 8.263660140957647393e-03 1.955779274921313160e+01 -6.848917638909938432e+02 -6.653339711417806939e+02
5.000000000000000000e+01 2.988856176812134322e+02 8.696978762075105451e-03 1.927834335653574271e+01 -6.841990028732268456e+02 -6.649206595166911029e+02
1.000000000000000000e+02 2.989514510889785015e+02 8.546942469410973714e-03 1.928258966001823183e+01 -6.844059788390294443e+02 -6.651233891790111556e+02
1.500000000000000000e+02 2.993963389328894209e+02 8.320461352489530102e-03 1.931128525493043568e+01 -6.847733753913263399e+02 -6.654620901363958865e+02
2.000000000000000000e+02 3.006652547171294714e+02 8.488166538397519389e-03 1.939313126133546206e+01 -6.846068238859758139e+02 -6.652136926246403164e+02
2.500000000000000000e+02 3.040899873519639982e+02 8.003661763720248956e-03 1.961402904875959052e+01 -6.854354293096969286e+02 -6.658214002609373665e+02
3.000000000000000000e+02 2.970497116069627737e+02 8.930412274339633028e-03 1.915992605715433328e+01 -6.836435488258020996e+02 -6.644836227686478196e+02
3.500000000000000000e+02 3.127746119830723615e+02 8.308971338493034015e-03 2.017419375946074922e+01 -6.848014239517818851e+02 -6.646272301923211216e+02
4.000000000000000000e+02 3.075813135017573927e+02 8.219294837590412212e-03 1.983922216714227815e+01 -6.849431055930054981e+02 -6.651038834258632733e+02
4.500000000000000000e+02 3.032289367519708208e+02 8.538172002216412940e-03 1.955849064834139028e+01 -6.843638768995747341e+02 -6.648053862512333581e+02
5.000000000000000000e+02 3.033577441647016713e+02 8.196757892532621423e-03 1.956679882171138374e+01 -6.849645880961812736e+02 -6.653977892744699147e+02
5.500000000000000000e+02 3.080952731140365586e+02 8.551230479043256394e-03 1.987237294219053751e+01 -6.843936435590711653e+02 -6.645212706168806562e+02
6.000000000000000000e+02 3.031652655729796493e+02 8.323231186219259142e-03 1.955438381021371441e+01 -6.847881761587145775e+02 -6.652337923485008560e+02
6.500000000000000000e+02 2.959151174063580925e+02 8.700772006594286595e-03 1.908674389222018419e+01 -6.840502585583795963e+02 -6.649635146661594263e+02
7.000000000000000000e+02 3.006928230320615967e+02 8.307661699892701992e-03 1.939490943803444978e+01 -6.848487956075501870e+02 -6.654538861695157266e+02
7.500000000000000000e+02 2.978109395350808768e+02 8.716057540392769740e-03 1.920902582142100101e+01 -6.839827509853369065e+02 -6.647737251639158558e+02
8.000000000000000000e+02 3.003978814900478369e+02 8.529413731136621310e-03 1.937588549047497821e+01 -6.844667621740453569e+02 -6.650908766835704000e+02
8.500000000000000000e+02 2.985008565907166371e+02 8.365145602672293193e-03 1.925352598168051088e+01 -6.846731343829966363e+02 -6.654196084013161681e+02
9.000000000000000000e+02 2.930604520195155942e+02 9.082299925808655708e-03 1.890261586383754988e+01 -6.835313604250351318e+02 -6.646287445611975500e+02
9.500000000000000000e+02 3.021513415101600799e+02 8.138682908981285588e-03 1.948898495839831213e+01 -6.850945534380373374e+02 -6.656055684796390324e+02
1.000000000000000000e+03 2.960666230175611986e+02 8.790138723433895546e-03 1.909651611617620759e+01 -6.839171845799659195e+02 -6.648206684637897297e+02
1.050000000000000000e+03 3.040403197512739553e+02 7.965409487710165340e-03 1.961082545178752312e+01 -6.853707256392667659e+02 -6.657599001874792748e+02
1.100000000000000000e+03 3.027086862998644392e+02 8.046993312383914423e-03 1.952493410947240804e+01 -6.852711850613470688e+02 -6.657462509518746856e+02
1.150000000000000000e+03 2.945643105336886265e+02 8.389277034189087864e-03 1.899961585005569020e+01 -6.844771431177229033e+02 -6.654775272676672557e+02
1.200000000000000000e+03 3.025886335997923311e+02 8.693356230519921901e-03 1.951719062154272777e+01 -6.840543888414023286e+02 -6.645371982198596470e+02
1.250000000000000000e+03 3.088260300215137022e+02 8.244386798032139752e-03 1.991950730309354611e+01 -6.850306129246157525e+02 -6.651111056215222561e+02
1.300000000000000000e+03 2.993891167163087061e+02 8.526535870542908610e-03 1.931081941662038659e+01 -6.844518486830868369e+02 -6.651410292664664894e+02
1.350000000000000000e+03 2.920604915993414465e+02 8.611276507469534450e-03 1.883811767729843112e+01 -6.841800730856732571e+02 -6.653419554083748153e+02
1.400000000000000000e+03 2.989849138943582147e+02 8.412082142171517160e-03 1.928474803570986751e+01 -6.846701567990069179e+02 -6.653854087632970504e+02
1.450000000000000000e+03 2.973968831417839738e+02 9.106851543316772657e-03 1.918231887787224821e+01 -6.834103897588242944e+02 -6.642280708809520320e+02
1.500000000000000000e+03 2.984398017725003456e+02 8.422224031918518899e-03 1.924958790075752546e+01 -6.846949307378422418e+02 -6.654453428370846950e+02
1.550000000000000000e+03 3.030467695912134332e+02 8.189596471621008247e-03 1.954674073176590809e+01 -6.850850840903459584e+02 -6.655383433585800503e+02
1.600000000000000000e+03 2.938564500786264375e+02 8.842869737239985803e-03 1.895395832726461904e+01 -6.837582741201147201e+02 -6.648043157928500477e+02
1.650000000000000000e+03 3.004274346282870169e+02 8.837520313897357510e-03 1.937779168974498134e+01 -6.838638774019805169e+02 -6.644860857122355355e+02
1.700000000000000000e+03 2.977392810872634072e+02 8.410475803022768662e-03 1.920440379854770541e+01 -6.846446358301091095e+02 -6.654402320315614361e+02
1.750000000000000000e+03 2.975818775177310727e+02 8.404263360961981150e-03 1.919425115191809894e+01 -6.846442189533571536e+02 -6.654499678014390156e+02
1.800000000000000000e+03 3.101048059567760902e+02 7.991918540257833894e-03 2.000198929653077329e+01 -6.853029474706896735e+02 -6.653009581741589500e+02
1.850000000000000000e+03 3.080254813561346054e+02 8.125874820453789921e-03 1.986787132219714991e+01 -6.851279716631349856e+02 -6.652601003409378109e+02
1.900000000000000000e+03 2.990949156532166739e+02 8.490672219330351947e-03 1.929184323049892669e+01 -6.845187478731463671e+02 -6.652269046426474688e+02
1.950000000000000000e+03 3.020795385180310859e+02 8.428577264096886318e-03 1.948435361231003782e+01 -6.845604285942234810e+02 -6.650760749819133935e+02
2.000000000000000000e+03 2.939327763284968000e+02 8.434146058054941067e-03 1.895888142682201405e+01 -6.846588153163670540e+02 -6.656999338895450364e+02
2.050000000000000000e+03 2.963965928226479605e+02 8.584413779482430798e-03 1.911779941260613924e+01 -6.842352415109543244e+02 -6.651174420983481923e+02
2.100000000000000000e+03 2.994130050890004213e+02 8.544489869752622951e-03 1.931236023432366977e+01 -6.843095736502793898e+02 -6.649972134159556845e+02
2.150000000000000000e+03 3.001369738089269958e+02 8.224724897844220076e-03 1.935905675211002119e+01 -6.849086078225130905e+02 -6.655495510704030266e+02
2.200000000000000000e+03 2.993816899200960506e+02 8.427769178879721684e-03 1.931034038277279663e+01 -6.846335483750854110e+02 -6.653232079923126321e+02
2.250000000000000000e+03 2.979842396773887003e+02 8.552024582194887870e-03 1.922020380874961987e+01 -6.842756897717893025e+02 -6.650554859630397004e+02
2.300000000000000000e+03 3.061988733327656291e+02 8.113075733143841617e-03 1.975005375397321217e+01 -6.850321011535473872e+02 -6.652820473995741395e+02
2.350000000000000000e+03 3.055055420667368935e+02 8.466044489857231861e-03 1.970533337461865742e+01 -6.843512214459127563e+02 -6.646458880712940527e+02
2.400000000000000000e+03 2.971140854538762710e+02 8.470812946971346263e-03 1.916407821788259724e+01 -6.844207957641696112e+02 -6.652567175462870637e+02
2.450000000000000000e+03 3.035649947538837523e+02 8.300180016023551294e-03 1.958016663796863099e+01 -6.848178498501621334e+02 -6.652376832121934740e+02
2.500000000000000000e+03 2.972670039347366924e+02 8.369745774138216687e-03 1.917394157297628965e+01 -6.845187525231307291e+02 -6.653448109501543968e+02
2.550000000000000000e+03 3.010209168162088531e+02 8.721239835704929291e-03 1.941607172972652506e+01 -6.840736758050749131e+02 -6.646576040753484449e+02
2.600000000000000000e+03 2.944052892364357490e+02 8.925401117568940168e-03 1.898935885879185292e+01 -6.838017162130166753e+02 -6.648123573542247868e+02
2.650000000000000000e+03 2.948718844192738970e+02 8.553694062396003869e-03 1.901945459311672337e+01 -6.842716066286350269e+02 -6.652521520355182929e+02
2.700000000000000000e+03 3.015377437485933569e+02 8.350776912878091554e-03 1.944940744904186758e+01 -6.846242388465883550e+02 -6.651748313975465408e+02
2.750000000000000000e+03 3.044243509221264503e+02 7.922141594818448568e-03 1.963559574628594717e+01 -6.852998984746711812e+02 -6.656643027283852234e+02
2.800000000000000000e+03 3.036468322907264792e+02 8.957183818033530309e-03 1.958544521961115592e+01 -6.838104416956936120e+02 -6.642249964760824241e+02
2.850000000000000000e+03 2.922107515135529070e+02 8.517618823778900367e-03 1.884780955287734017e+01 -6.845247591132493881e+02 -6.656769495603720088e+02
2.900000000000000000e+03 3.056896019986005513e+02 8.567831008581381844e-03 1.971720537633013848e+01 -6.844677861284587834e+02 -6.647505807521285988e+02
2.950000000000000000e+03 3.010877147896385964e+02 8.282363873484110614e-03 1.942038024840764976e+01 -6.847606788588577729e+02 -6.653402986104500769e+02
3.000000000000000000e+03 3.044921215867747151e+02 8.435884211166975663e-03 1.963996700426993769e+01 -6.845130087669405157e+02 -6.648730417626705957e+02
3.050000000000000000e+03 2.976057683804901899e+02 8.407669387420074747e-03 1.919579213023257225e+01 -6.847061483736748642e+02 -6.655103562434422884e+02
3.100000000000000000e+03 2.944926606871978265e+02 8.591811388681199618e-03 1.899499438197432255e+01 -6.841980336921807293e+02 -6.652030393102063499e+02
3.150000000000000000e+03 3.072692129006108530e+02 8.518625065209525435e-03 1.981909144758018471e+01 -6.844790301461638364e+02 -6.646599386985836873e+02
3.200000000000000000e+03 2.942445183357183396e+02 8.726968158073139525e-03 1.897898901681077888e+01 -6.837744694310143814e+02 -6.647954804142035528e+02
3.250000000000000000e+03 3.109574654555659663e+02 7.675046844166003197e-03 2.005698646471641311e+01 -6.859460139047711209e+02 -6.658890274400547469e+02
3.300000000000000000e+03 2.988839545718730051e+02 8.045051695124828470e-03 1.927823608475346973e+01 -6.851706446019267105e+02 -6.658924085171732941e+02
3.350000000000000000e+03 3.057174143352513624e+02 8.151503110807393690e-03 1.971899929261042672e+01 -6.850268058756548726e+02 -6.653078065830444530e+02
3.400000000000000000e+03 3.015265951221526848e+02 8.811490057169647436e-03 1.944868835439239874e+01 -6.837575174845943593e+02 -6.643088291302019570e+02
3.450000000000000000e+03 3.074934144814598653e+02 7.849448903464064167e-03 1.983355261533464997e+01 -6.855592898072854950e+02 -6.657257371919508842e+02
3.500000000000000000e+03 2.997316442388033124e+02 8.341680467032812352e-03 1.933291269510914034e+01 -6.847324561707025623e+02 -6.653995434755934184e+02
3.550000000000000000e+03 3.072689549205944672e+02 8.455055750987778423e-03 1.981907480767835850e+01 -6.845359886435119279e+02 -6.647169138358335658e+02
3.600000000000000000e+03 2.920726905056872624e+02 8.790787860912363527e-03 1.883890451577842740e+01 -6.836883439445675776e+02 -6.648494394287891964e+02
3.650000000000000000e+03 3.008182447047705068e+02 8.410551280897444679e-03 1.940299922866937976e+01 -6.844592309928588065e+02 -6.650562317641894197e+02
3.700000000000000000e+03 3.034444742502561780e+02 8.429638934732423122e-03 1.957239297636369812e+01 -6.845407202973025278e+02 -6.649683273209387835e+02
3.750000000000000000e+03 3.052768149193528302e+02 8.127311221988646125e-03 1.969058030447617469e+01 -6.851480820227610593e+02 -6.654575017182849024e+02
3.800000000000000000e+03 2.935732043731748035e+02 8.820986275296998150e-03 1.893568876981209215e+01 -6.837717178651790846e+02 -6.648360290953669391e+02
3.850000000000000000e+03 2.984338619372617813e+02 8.589479845309911168e-03 1.924920477699232535e+01 -6.842107382108350748e+02 -6.649615334338427601e+02
3.900000000000000000e+03 2.992266905890126623e+02 8.054437271791010933e-03 1.930034281130100382e+01 -6.851850317204697376e+02 -6.658846889091687444e+02
3.950000000000000000e+03 3.045795029302344119e+02 8.640507099206639827e-03 1.964560316553872354e+01 -6.842585866799144014e+02 -6.646129835143756281e+02
4.000000000000000000e+03 2.971332615019690024e+02 8.345264757079145709e-03 1.916531508716463605e+01 -6.847032474443240062e+02 -6.655379323571593204e+02
4.050000000000000000e+03 2.909972495029426227e+02 8.944011812104890255e-03 1.876953777584809657e+01 -6.835149601624458455e+02 -6.647454223865977383e+02
4.100000000000000000e+03 2.937386096085689928e+02 8.694425963007224728e-03 1.894635752980675747e+01 -6.841180025229077728e+02 -6.651716449931010402e+02
4.150000000000000000e+03 2.887470015708169626e+02 8.732553261607054265e-03 1.862439512024155519e+01 -6.840699603846385344e+02 -6.654455652643970325e+02
4.200000000000000000e+03 2.950042186566146256e+02 8.732217639279532539e-03 1.902799024928202343e+01 -6.841145854188685007e+02 -6.650865951695865306e+02
4.250000000000000000e+03 2.988170955788946230e+02 8.477277331424441786e-03 1.927392363026633504e+01 -6.844208636743805982e+02 -6.651469400441142170e+02
4.300000000000000000e+03 2.935564842940270296e+02 9.042483894744168110e-03 1.893461031234311420e+01 -6.833992597096087138e+02 -6.644646493972655890e+02
4.350000000000000000e+03 3.040677137774749212e+02 8.093240712227049716e-03 1.961259238673446603e+01 -6.851074860760206775e+02 -6.654948936892861866e+02
4.400000000000000000e+03 3.005299235171720511e+02 8.332227249442018466e-03 1.938440229886523269e+01 -6.847261440874449363e+02 -6.653417417885797249e+02
4.450000000000000000e+03 2.993124636448294495e+02 8.373452785933391262e-03 1.930587523682754636e+01 -6.846448248369428029e+02 -6.653389496001152565e+02
4.500000000000000000e+03 3.043901387236464871e+02 8.545838530332203545e-03 1.963338903418518910e+01 -6.843320399580280764e+02 -6.646986509238429335e+02
4.550000000000000000e+03 3.031260139458729554e+02 8.769336086718242801e-03 1.955185205124004355e+01 -6.840370474726979637e+02 -6.644851954214578882e+02
4.600000000000000000e+03 2.992680722574706351e+02 8.477219992886241354e-03 1.930301195951692961e+01 -6.845215854900690147e+02 -6.652185735305521348e+02
4.650000000000000000e+03 3.064116830174365873e+02 8.311749887847920404e-03 1.976378013600026051e+01 -6.848619032207614055e+02 -6.650981230847611414e+02
4.700000000000000000e+03 2.935808640597348358e+02 8.917813886912252103e-03 1.893618282525930141e+01 -6.837616404855402834e+02 -6.648254576602810175e+02
4.750000000000000000e+03 3.056568519372921742e+02 8.432946686310636986e-03 1.971509297315815346e+01 -6.846146261091201950e+02 -6.648995331359620877e+02
4.800000000000000000e+03 3.004877522610750589e+02 8.529947837013766854e-03 1.938168222166271804e+01 -6.843761747982040333e+02 -6.649944925765413473e+02
4.850000000000000000e+03 3.028274982895316612e+02 8.312401576842161355e-03 1.953259757066350844e+01 -6.847335298549610343e+02 -6.652009322842975507e+02
4.900000000000000000e+03 2.974785067898685043e+02 8.661725072669303194e-03 1.918758366353170786e+01 -6.841168905871732022e+02 -6.649293069236415477e+02
4.950000000000000000e+03 2.981420277132629622e+02 8.574284560294838028e-03 1.923038125374257845e+01 -6.843756249330521086e+02 -6.651452436793094876e+02
5.000000000000000000e+03 2.991257928982897170e+02 8.687281321960952513e-03 1.929383483563884738e+01 -6.841238780882119954e+02 -6.648300432525732049e+02
5.050000000000000000e+03 3.026675774868485860e+02 8.187269746655161801e-03 1.952228256063426670e+01 -6.849055742073993542e+02 -6.653832916467650875e+02
5.100000000000000000e+03 3.028584063133426980e+02 7.967567997863005819e-03 1.953459116105478799e+01 -6.852541404432466834e+02 -6.657195492821919061e+02
5.150000000000000000e+03 2.920708935978879595e+02 8.458576708932822805e-03 1.883878861389661807e+01 -6.843659812822044159e+02 -6.655271926683077481e+02
5.200000000000000000e+03 3.019754655531996832e+02 8.956325059032203828e-03 1.947764082911987060e+01 -6.837358308193207677e+02 -6.642581899902008900e+02
5.250000000000000000e+03 2.991542190656706453e+02 8.413064973748916181e-03 1.929566834445513379e+01 -6.846917934527612033e+02 -6.653961251083060233e+02
5.300000000000000000e+03 2.966407979865308562e+02 8.659497363110968751e-03 1.913355082625828274e+01 -6.841206839730342608e+02 -6.649871331467759319e+02
5.350000000000000000e+03 2.940874924420669458e+02 8.663811881526324588e-03 1.896886073055477340e+01 -6.841346647470491007e+02 -6.651658040164943486e+02
5.400000000000000000e+03 3.022573475950381408e+02 8.392062436529144909e-03 1.949582242926096498e+01 -6.846605419230867255e+02 -6.651647194938257144e+02
5.450000000000000000e+03 3.036996799897235633e+02 8.346552253305560692e-03 1.958885393527560481e+01 -6.846831324013887752e+02 -6.650942784661132237e+02
5.500000000000000000e+03 3.079485243435412940e+02 7.958709848536584322e-03 1.986290753797769781e+01 -6.854178560221650969e+02 -6.655549484841874346e+02
5.550000000000000000e+03 2.969526854091209316e+02 8.218540973953119416e-03 1.915366779564584832e+01 -6.848022267187335501e+02 -6.656485589230876485e+02
5.600000000000000000e+03 2.959733960760750051e+02 9.311921506372966909e-03 1.909050290951208595e+01 -6.830319298206050007e+02 -6.639414269110928899e+02
5.650000000000000000e+03 3.008209904019036003e+02 8.371091269812573968e-03 1.940317632816481819e+01 -6.846230344341331602e+02 -6.652198581059683420e+02
5.700000000000000000e+03 2.967646559611168300e+02 8.684393582022794864e-03 1.914153975720798329e+01 -6.840931615710642291e+02 -6.649516218138562635e+02
5.750000000000000000e+03 2.941425213160177350e+02 8.646887101937788742e-03 1.897241013361664130e+01 -6.840712802560492491e+02 -6.650988701224325723e+02
5.800000000000000000e+03 2.991903608485428094e+02 8.878916862361042536e-03 1.929799951617604847e+01 -6.837046217109476629e+02 -6.644066221947716713e+02
5.850000000000000000e+03 3.010843011197420651e+02 8.275023257023110534e-03 1.942016006417502538e+01 -6.847407634640509286e+02 -6.653206033998759494e+02
5.900000000000000000e+03 2.992918266877905467e+02 8.935664450664019404e-03 1.930454413783818524e+01 -6.835963002830305868e+02 -6.642917561451923802e+02
5.950000000000000000e+03 2.942591735220527767e+02 8.265409827560221342e-03 1.897993428716637965e+01 -6.848278662066945799e+02 -6.658479319195281505e+02
6.000000000000000000e+03 2.942489302365535764e+02 8.373955607602843673e-03 1.897927358767710615e+01 -6.844527080280837481e+02 -6.654734344404066633e+02
6.050000000000000000e+03 3.029143890566572850e+02 8.944373256899762134e-03 1.953820208939598047e+01 -6.836418868229309282e+02 -6.641036847335349194e+02
6.100000000000000000e+03 2.988234251135260706e+02 8.474255917989394551e-03 1.927433188993054713e+01 -6.846168281058071443e+02 -6.653424962158766220e+02
6.150000000000000000e+03 2.913189043506039866e+02 8.778415854635771357e-03 1.879028475137545229e+01 -6.839950862573809900e+02 -6.652048015060055377e+02
6.200000000000000000e+03 3.041064791016079312e+02 8.741823153519073450e-03 1.961509277880672997e+01 -6.840152765219432922e+02 -6.644001837431366084e+02
6.250000000000000000e+03 3.030188904480309020e+02 8.083544501781182376e-03 1.954494250641492314e+01 -6.850394214972951659e+02 -6.654944789908802250e+02
6.300000000000000000e+03 2.958799146357236509e+02 8.845067935415236449e-03 1.908447328748297167e+01 -6.837054100231396205e+02 -6.646209367356566418e+02
6.350000000000000000e+03 2.977864279231383762e+02 8.597683929951109236e-03 1.920744480432517776e+01 -6.843364947823922648e+02 -6.651290499780670871e+02
6.400000000000000000e+03 3.012950632030569977e+02 8.166153397218760268e-03 1.943375437440047904e+01 -6.850275868710638179e+02 -6.655938324966633672e+02
6.450000000000000000e+03 2.984762732448251654e+02 8.359932068766312563e-03 1.925194033769193425e+01 -6.846285155494819037e+02 -6.653765752117899410e+02
6.500000000000000000e+03 2.975587313998320269e+02 9.347221452043644879e-03 1.919275821019781603e+01 -6.828997763941550829e+02 -6.637070181839573024e+02
6.550000000000000000e+03 3.044438115136831016e+02 8.595181281230193995e-03 1.963685096883181913e+01 -6.843736317399718700e+02 -6.647367807711400474e+02
6.600000000000000000e+03 2.985001840394297687e+02 8.197808472133204932e-03 1.925348260162517633e+01 -6.850252834507007265e+02 -6.657718008490755892e+02
6.650000000000000000e+03 2.931328485499559520e+02 8.629959300568297229e-03 1.890728549358581034e+01 -6.841804780549830411e+02 -6.652731925613971953e+02
6.700000000000000000e+03 2.989139977895433162e+02 8.355569050506744810e-03 1.928017389450917918e+01 -6.845683990824219336e+02 -6.652882251879127580e+02
6.750000000000000000e+03 2.994069119800163890e+02 8.771783713581731909e-03 1.931196722428854429e+01 -6.839775179936651739e+02 -6.646655507693766367e+02
6.800000000000000000e+03 2.983308677397305928e+02 8.071830108724758687e-03 1.924256157509073617e+01 -6.852296673546721877e+02 -6.659871057795814977e+02
6.850000000000000000e+03 2.998933693554436104e+02 8.727953737666807946e-03 1.934334408472285105e+01 -6.841755797448284966e+02 -6.648322356601056526e+02
6.900000000000000000e+03 2.908195646766494065e+02 8.819141063638003680e-03 1.875807697316009381e+01 -6.837047278584940386e+02 -6.649466508853339519e+02
6.950000000000000000e+03 3.031227132239785078e+02 8.951068797892567513e-03 1.955163915223707605e+01 -6.836347416791855949e+02 -6.640831025269485508e+02
7.000000000000000000e+03 3.028967197115558747e+02 8.308053676973682980e-03 1.953706240357103852e+01 -6.846503665158752483e+02 -6.651133041123042631e+02
7.050000000000000000e+03 3.001664376764268241e+02 8.042079154905476188e-03 1.936095719335132515e+01 -6.851175522724337270e+02 -6.657565950790824445e+02
7.100000000000000000e+03 3.034268036267609432e+02 8.295148473488641108e-03 1.957125320808140856e+01 -6.846388073193478476e+02 -6.650675541112664177e+02
7.150000000000000000e+03 3.029862762867164179e+02 8.918577827183780254e-03 1.954283886889303901e+01 -6.836761492195346364e+02 -6.641333103506416364e+02
7.200000000000000000e+03 2.974859410151778434e+02 8.505889726324634970e-03 1.918806317656152416e+01 -6.843671606175779516e+02 -6.651790974410164381e+02
7.250000000000000000e+03 3.029585299260656370e+02 8.408586240362808661e-03 1.954104920811354162e+01 -6.845368829841312390e+02 -6.649958337760176619e+02
7.300000000000000000e+03 3.003185252388608433e+02 7.917016029867421714e-03 1.937076695359207434e+01 -6.853665359158594583e+02 -6.659957689622673342e+02
7.350000000000000000e+03 3.009002917500928334e+02 8.643936169523110460e-03 1.940829132376376620e+01 -6.840088287415153445e+02 -6.646005374177515250e+02
7.400000000000000000e+03 2.982017370509163925e+02 8.490414838137340728e-03 1.923423255017431899e+01 -6.844259447096063695e+02 -6.651917121594320861e+02
7.450000000000000000e+03 3.007054318355976079e+02 8.153000451174811578e-03 1.939572271518631652e+01 -6.849909902572695728e+02 -6.655952675420832065e+02
7.500000000000000000e+03 3.064370706623084288e+02 8.055014689300997455e-03 1.976541765786782534e+01 -6.851537466586815981e+02 -6.653883290008137692e+02
7.550000000000000000e+03 2.980980481381433833e+02 8.802781675457517149e-03 1.922754453862591362e+01 -6.837837907335089085e+02 -6.645562461948829878e+02
7.600000000000000000e+03 3.002725688690094330e+02 8.748816714965149122e-03 1.936780273375343242e+01 -6.839560230929578211e+02 -6.645882203592043425e+02
7.650000000000000000e+03 3.021554915737524425e+02 7.980138198657501375e-03 1.948925264056885354e+01 -6.853511965246839281e+02 -6.658619438841150213e+02
7.700000000000000000e+03 2.950936849953301362e+02 8.461877911871506716e-03 1.903376089428659412e+01 -6.843950519344283521e+02 -6.653612910401417366e+02
7.750000000000000000e+03 3.051794802724180045e+02 8.369420261066835495e-03 1.968430214777310283e+01 -6.846337099280851817e+02 -6.649494077803120717e+02
7.800000000000000000e+03 3.020680390866862126e+02 8.138564147650699868e-03 1.948361189048484121e+01 -6.849378756084454380e+02 -6.654542637179605435e+02
7.850000000000000000e+03 3.034802277328846003e+02 8.547330204995354577e-03 1.957469910243175804e+01 -6.843394818632804117e+02 -6.647647827608486750e+02
7.900000000000000000e+03 3.040312237791625307e+02 8.133788883003745945e-03 1.961023875486016266e+01 -6.850709814884238540e+02 -6.654607427335637340e+02
7.950000000000000000e+03 2.997947567593277540e+02 8.425342796765690478e-03 1.933698349935260197e+01 -6.844418334525339560e+02 -6.651048499531813150e+02
8.000000000000000000e+03 2.992718132345624440e+02 8.659450970383264154e-03 1.930325325530568037e+01 -6.839623114146625085e+02 -6.646590581593568459e+02
8.050000000000000000e+03 3.073306906614152467e+02 8.440206187701845830e-03 1.982305680861285069e+01 -6.844820004425481557e+02 -6.646589436339353369e+02
8.100000000000000000e+03 3.071936977283003216e+02 7.911417923391884238e-03 1.981422066312516606e+01 -6.855476493362979227e+02 -6.657334286731727389e+02
8.150000000000000000e+03 2.991855876039782061e+02 8.759020771142392303e-03 1.929769163837197610e+01 -6.838460962764181659e+02 -6.645484046380462360e+02
8.200000000000000000e+03 3.004074055207506717e+02 8.543234055188439133e-03 1.937649979749802043e+01 -6.841756212691637984e+02 -6.647991214716657851e+02
8.250000000000000000e+03 3.002589231689383382e+02 7.991666655900302521e-03 1.936692257600829947e+01 -6.852199747782210579e+02 -6.658530522022127798e+02
8.300000000000000000e+03 2.987870618285530782e+02 8.513816003683455022e-03 1.927198643116033239e+01 -6.843558486585222909e+02 -6.650838622273619194e+02
8.350000000000000000e+03 3.036457117212005414e+02 8.039380010093442191e-03 1.958537294204811019e+01 -6.852775195906755243e+02 -6.656921466486273857e+02
8.400000000000000000e+03 3.008582186270538159e+02 8.406405305685116583e-03 1.940557757621605717e+01 -6.844590763598862395e+02 -6.650534987836701930e+02
8.450000000000000000e+03 3.066526841325570558e+02 8.387569836182096755e-03 1.977932488613793893e+01 -6.845152131498051631e+02 -6.647358882636672206e+02
8.500000000000000000e+03 3.035562529796570743e+02 8.253783445863593221e-03 1.957960278706675439e+01 -6.848780809029019565e+02 -6.652984781158352234e+02
8.550000000000000000e+03 2.954237420505428418e+02 8.692923135298664603e-03 1.905504981841416523e+01 -6.841421178504972431e+02 -6.650870680320830388e+02
8.600000000000000000e+03 2.965649128804184329e+02 8.721833046117609747e-03 1.912865618079948860e+01 -6.840380779868075933e+02 -6.649094218060081403e+02
8.650000000000000000e+03 2.988724048181239823e+02 8.886418430962888734e-03 1.927749111709599461e+01 -6.837516166728256621e+02 -6.644741255557296427e+02
8.700000000000000000e+03 3.045937825533919749e+02 8.259172882687145986e-03 1.964652421179170005e+01 -6.848792449379068330e+02 -6.652327207261150761e+02
8.750000000000000000e+03 3.030624069633565796e+02 8.497813211070470024e-03 1.954774935383246515e+01 -6.845066587112246452e+02 -6.649589093573921446e+02
8.800000000000000000e+03 2.989308282277476110e+02 8.556888109961403172e-03 1.928125947021890951e+01 -6.843678061166469888e+02 -6.650865466464281326e+02
8.850000000000000000e+03 3.041005786190240201e+02 7.796066031775023518e-03 1.961471219331685489e+01 -6.856260490773033780e+02 -6.660113368839864734e+02
8.900000000000000000e+03 3.003102367849711527e+02 8.814458469662576900e-03 1.937023234218715118e+01 -6.839532654048940685e+02 -6.645830330627069316e+02
8.950000000000000000e+03 3.032710399916269921e+02 8.574951236592454756e-03 1.956120633843317691e+01 -6.843631788714995992e+02 -6.648019725330664187e+02
9.000000000000000000e+03 3.012367572851006230e+02 8.065427147766389415e-03 1.942999359957698147e+01 -6.852007445856211234e+02 -6.657707509860441633e+02
9.050000000000000000e+03 3.008245363760435680e+02 8.284591573021747243e-03 1.940340504611897643e+01 -6.847096276542838496e+02 -6.653062226081648305e+02
9.100000000000000000e+03 3.100497329397449562e+02 8.452315474154679237e-03 1.999843704620757734e+01 -6.846294403573650698e+02 -6.646310033111575422e+02
9.150000000000000000e+03 2.978015113283938149e+02 8.237032953363192245e-03 1.920841769511783426e+01 -6.849667752579175612e+02 -6.657583575627996879e+02
9.200000000000000000e+03 3.028048932992325604e+02 8.176537875723234594e-03 1.953113953207356701e+01 -6.850474485661267181e+02 -6.655163090340531653e+02
9.250000000000000000e+03 3.060230067592104888e+02 8.133997725274136337e-03 1.973871022993134972e+01 -6.851459754951184777e+02 -6.654072652651871067e+02
9.300000000000000000e+03 3.037296508260385508e+02 8.691782292930215134e-03 1.959078707638037287e+01 -6.840592734289180044e+02 -6.644684863525376386e+02
9.350000000000000000e+03 3.004556864828060156e+02 8.362042631645005483e-03 1.937961395525277553e+01 -6.847466824293397849e+02 -6.653670684740869774e+02
9.400000000000000000e+03 2.970170564698987619e+02 8.706622093315010899e-03 1.915781977666630098e+01 -6.841400065864045246e+02 -6.649821868097382094e+02
9.450000000000000000e+03 2.959533960096463261e+02 8.791524916112880214e-03 1.908921289043804492e+01 -6.840005031997656033e+02 -6.649112903093275690e+02
9.500000000000000000e+03 2.988530977201835412e+02 8.478365270025458450e-03 1.927624579500186996e+01 -6.845590264077966367e+02 -6.652827806127947952e+02
9.550000000000000000e+03 2.992859757767882911e+02 9.190407727785997530e-03 1.930416674975198177e+01 -6.832777446959433973e+02 -6.639735779461914262e+02
9.600000000000000000e+03 3.050114289456772667e+02 8.128157234953740928e-03 1.967346271292989002e+01 -6.851566691993571112e+02 -6.654832064864272070e+02
9.650000000000000000e+03 3.006201406502225382e+02 8.766447729005210493e-03 1.939022137065959583e+01 -6.840756900690123530e+02 -6.646854686983527927e+02
9.700000000000000000e+03 2.929205133359046158e+02 8.337083886776511937e-03 1.889358971526458220e+01 -6.846249131139733208e+02 -6.657313233987086960e+02
9.750000000000000000e+03 3.000794902208395456e+02 8.603684135591267712e-03 1.935534901817115738e+01 -6.842541970977105166e+02 -6.648988480795393343e+02
9.800000000000000000e+03 3.044635826977848296e+02 8.710899794569905777e-03 1.963812622482652159e+01 -6.841594980296189306e+02 -6.645213718047923521e+02
9.850000000000000000e+03 2.967314151215104516e+02 8.947144888859500517e-03 1.913939569847286037e+01 -6.836708147183890105e+02 -6.645314190199161430e+02
9.900000000000000000e+03 3.032104798811522528e+02 8.251908381756130687e-03 1.955730016652534431e+01 -6.848779486329782458e+02 -6.653206484664528944e+02
9.950000000000000000e+03 3.046213522474085380e+02 8.240683451852477692e-03 1.964830247744264824e+01 -6.848636385377192255e+02 -6.652153360602766270e+02
1.000000000000000000e+04 3.056009470683895870e+02 8.472779813118072600e-03 1.971148706777412229e+01 -6.844916260463687649e+02 -6.647801389785946640e+02
