# time_fs vacf
0.000000000000000000e+00 2.771168396829897258e-05
5.000000000000000000e+01 -1.683196809850632332e-05
1.000000000000000000e+02 2.590604402558340723e-06
1.500000000000000000e+02 2.138821288371964669e-06
2.000000000000000000e+02 -3.330163279168850717e-06
2.500000000000000000e+02 2.854467509549234936e-06
3.000000000000000000e+02 -2.213167689896597761e-06
3.500000000000000000e+02 1.287914098924326066e-06
4.000000000000000000e+02 5.103458713129348578e-08
4.500000000000000000e+02 1.414052944751326554e-08
5.000000000000000000e+02 8.746982160534209431e-07
5.500000000000000000e+02 -1.876881628963821888e-06
6.000000000000000000e+02 6.606124613936859496e-07
6.500000000000000000e+02 1.702174697484691304e-06
7.000000000000000000e+02 -3.056971792895212048e-06
7.500000000000000000e+02 8.933227815119859261e-07
8.000000000000000000e+02 1.383027406028923876e-06
8.500000000000000000e+02 -1.148352423848217295e-06
9.000000000000000000e+02 1.232542191753058775e-06
9.500000000000000000e+02 -8.168219690713169186e-07
1.000000000000000000e+03 1.117571744828352583e-07
1.050000000000000000e+03 -3.353536113155559486e-07
1.100000000000000000e+03 -4.247440282987988434e-07
1.150000000000000000e+03 1.352997469465515791e-06
1.200000000000000000e+03 -1.446443729950435290e-06
1.250000000000000000e+03 1.367540982422501984e-06
1.300000000000000000e+03 -8.624649515841882690e-07
1.350000000000000000e+03 1.342693746200940830e-07
1.400000000000000000e+03 2.006068605803849499e-07
1.450000000000000000e+03 -1.723769689675726959e-07
1.500000000000000000e+03 5.624463868703405708e-07
1.550000000000000000e+03 -7.826295608577640138e-07
1.600000000000000000e+03 4.895909579357133356e-07
1.650000000000000000e+03 -3.330363241703252257e-07
1.700000000000000000e+03 -3.835354424744052485e-07
1.750000000000000000e+03 1.348925525889191698e-07
1.800000000000000000e+03 1.018969052350094891e-06
1.850000000000000000e+03 -9.593223138069435293e-07
1.900000000000000000e+03 1.533547342679169874e-06
1.950000000000000000e+03 -1.321588609870655903e-06
2.000000000000000000e+03 -6.773135516576506591e-07
2.050000000000000000e+03 6.826789992380152964e-07
2.100000000000000000e+03 7.789395630978501082e-08
2.150000000000000000e+03 -1.171775820173821993e-07
2.200000000000000000e+03 -1.768589226928360691e-07
2.250000000000000000e+03 9.338464112632452057e-07
2.300000000000000000e+03 -4.333626357822563146e-08
2.350000000000000000e+03 -1.056533759999759263e-06
2.400000000000000000e+03 1.254114424454116180e-06
2.450000000000000000e+03 -2.015191679329774262e-06
2.500000000000000000e+03 1.558211287494355888e-06
2.550000000000000000e+03 -4.743324113918732258e-07
2.600000000000000000e+03 -3.343272856750865839e-07
2.650000000000000000e+03 8.646353588528866741e-07
2.700000000000000000e+03 1.364703863402770779e-08
2.750000000000000000e+03 3.547706260397011629e-07
2.800000000000000000e+03 -1.020286119218804429e-06
2.850000000000000000e+03 -3.612987825255526712e-07
2.900000000000000000e+03 7.390452903348960795e-07
2.950000000000000000e+03 -7.669727856169837578e-07
3.000000000000000000e+03 6.153305422638857022e-07
3.050000000000000000e+03 9.036533822977853461e-07
3.100000000000000000e+03 -7.936442183165815347e-07
3.150000000000000000e+03 1.390193323414921280e-07
3.200000000000000000e+03 -6.178575236195793120e-07
3.250000000000000000e+03 4.265388713904732822e-07
3.300000000000000000e+03 -7.619979824161768597e-08
3.350000000000000000e+03 -1.009043360755446081e-07
3.400000000000000000e+03 2.480605664055760520e-07
3.450000000000000000e+03 -3.993203875117575264e-08
3.500000000000000000e+03 6.795924271476182836e-09
3.550000000000000000e+03 -2.911650067086289504e-07
3.600000000000000000e+03 4.761482777831308581e-07
3.650000000000000000e+03 8.691495618790231513e-08
3.700000000000000000e+03 -3.518772561905766928e-07
3.750000000000000000e+03 -4.451489087553316732e-07
3.800000000000000000e+03 4.939430750903517591e-07
3.850000000000000000e+03 -9.950939941068540614e-08
3.900000000000000000e+03 3.672100583199900050e-07
3.950000000000000000e+03 -5.181120059579466103e-07
4.000000000000000000e+03 4.449592635193617013e-07
4.050000000000000000e+03 -4.213190482482051160e-07
4.100000000000000000e+03 3.194585811572955709e-07
4.150000000000000000e+03 1.079187339086701577e-07
4.200000000000000000e+03 -3.014183976773706237e-07
4.250000000000000000e+03 1.557304306493138087e-07
4.300000000000000000e+03 -3.357289573042430952e-07
4.350000000000000000e+03 -1.980427885921422514e-07
4.400000000000000000e+03 7.623912726046836868e-07
4.450000000000000000e+03 -3.258129451242179835e-07
4.500000000000000000e+03 2.833489950318209765e-07
4.550000000000000000e+03 1.118831102949952236e-07
4.600000000000000000e+03 -4.994639383812518506e-07
4.650000000000000000e+03 -2.188981081708345816e-07
4.700000000000000000e+03 9.363779540119493725e-08
4.750000000000000000e+03 2.226516914534278721e-07
4.800000000000000000e+03 -1.003437848980225563e-07
4.850000000000000000e+03 3.696432672299278999e-07
4.900000000000000000e+03 -2.657886284839884577e-08
4.950000000000000000e+03 -8.543228725019517827e-08
5.000000000000000000e+03 -1.209419747410338780e-07
5.050000000000000000e+03 -1.092639831807682488e-07
5.100000000000000000e+03 -1.541537493972999647e-07
5.150000000000000000e+03 1.397871903209466937e-07
5.200000000000000000e+03 -6.606164240652833906e-08
5.250000000000000000e+03 4.191249119735479429e-07
5.300000000000000000e+03 -1.862433765628294081e-07
5.350000000000000000e+03 1.108849510974790241e-07
5.400000000000000000e+03 -1.505354088279397116e-09
5.450000000000000000e+03 -4.204812718717440966e-07
5.500000000000000000e+03 2.915231119882677121e-07
5.550000000000000000e+03 -4.717628878559239751e-08
5.600000000000000000e+03 -3.969951146607260179e-07
5.650000000000000000e+03 3.989272767479366616e-07
5.700000000000000000e+03 2.678198832741892480e-07
5.750000000000000000e+03 -1.860257854555931897e-08
5.800000000000000000e+03 -2.678971509657692795e-07
5.850000000000000000e+03 -2.438518315585540406e-07
5.900000000000000000e+03 3.589144213646674556e-07
5.950000000000000000e+03 -6.673310534122288486e-08
6.000000000000000000e+03 -1.143655782937067663e-07
6.050000000000000000e+03 3.690469000102272515e-08
6.100000000000000000e+03 1.487953001525935476e-07
6.150000000000000000e+03 -1.380145695309079763e-07
6.200000000000000000e+03 1.849434444135523616e-08
6.250000000000000000e+03 -2.797793891080992861e-07
6.300000000000000000e+03 7.609500856306871653e-07
6.350000000000000000e+03 -3.316935079974461898e-07
6.400000000000000000e+03 -1.608938025090649031e-07
6.450000000000000000e+03 -2.703195990975452960e-07
6.500000000000000000e+03 1.969085862314267524e-07
6.550000000000000000e+03 9.596146288911754416e-08
6.600000000000000000e+03 -9.790679328401319258e-09
6.650000000000000000e+03 2.394071846547838380e-07
6.700000000000000000e+03 -8.384705878611997074e-08
6.750000000000000000e+03 -2.467925356381878014e-07
6.800000000000000000e+03 1.233941687811735419e-07
6.850000000000000000e+03 -3.047658255343922836e-07
6.900000000000000000e+03 6.992729977552404169e-07
6.950000000000000000e+03 -7.553162408434671857e-07
7.000000000000000000e+03 2.061999034385302904e-07
7.050000000000000000e+03 4.455870965581959918e-10
7.100000000000000000e+03 4.453788464880310867e-07
7.150000000000000000e+03 -2.150144062416607358e-07
7.200000000000000000e+03 2.971296850689972623e-08
7.250000000000000000e+03 -4.825820564757037660e-08
7.300000000000000000e+03 -3.874282794539780280e-07
7.350000000000000000e+03 -3.054127807776439876e-08
7.400000000000000000e+03 3.606062179172487885e-07
7.450000000000000000e+03 -7.687107233341949516e-08
7.500000000000000000e+03 4.214457644874764525e-07
7.550000000000000000e+03 -9.482034247298136591e-08
7.600000000000000000e+03 -4.356845288338944158e-07
7.650000000000000000e+03 -4.231309556027066785e-08
7.700000000000000000e+03 2.769342693631866908e-08
7.750000000000000000e+03 2.040681375791777486e-07
7.800000000000000000e+03 2.215728454229513324e-07
7.850000000000000000e+03 -4.508554567441327206e-07
7.900000000000000000e+03 6.795984322306961470e-08
7.950000000000000000e+03 2.715253169057037424e-07
8.000000000000000000e+03 6.847883849228379166e-08
8.050000000000000000e+03 9.793467141968128793e-08
8.100000000000000000e+03 -9.121493465684537456e-07
8.150000000000000000e+03 7.884772088967602005e-07
8.200000000000000000e+03 -3.018639767888695783e-07
8.250000000000000000e+03 5.154963606333352512e-08
8.300000000000000000e+03 2.459035740812471813e-07
8.350000000000000000e+03 -4.619171579486067626e-07
8.400000000000000000e+03 3.995236730264639592e-07
8.450000000000000000e+03 2.733420814272872685e-07
8.500000000000000000e+03 -7.570472181394395028e-07
8.550000000000000000e+03 2.209201341849254559e-07
8.600000000000000000e+03 3.362694316130465874e-07
8.650000000000000000e+03 -2.981573305750882751e-07
8.700000000000000000e+03 7.024364085380527471e-08
8.750000000000000000e+03 -4.566573001015361560e-08
8.800000000000000000e+03 -7.325637138026249807e-08
8.850000000000000000e+03 2.703961490742735589e-07
8.900000000000000000e+03 1.983769709561547929e-08
8.950000000000000000e+03 1.272559936727691260e-08
9.000000000000000000e+03 -5.764126865589717198e-07
9.050000000000000000e+03 5.281250715028346162e-07
9.100000000000000000e+03 2.308633554117007988e-07
9.150000000000000000e+03 -6.144754921104469946e-07
9.200000000000000000e+03 2.063435605767064089e-08
9.250000000000000000e+03 6.455075910367051248e-08
9.300000000000000000e+03 7.864150663216248877e-07
9.350000000000000000e+03 -5.388164653863105959e-07
9.400000000000000000e+03 -3.759901254209979244e-07
9.450000000000000000e+03 4.795634901988190094e-07
9.500000000000000000e+03 -4.573199488799509155e-07
9.550000000000000000e+03 4.143546193198476095e-07
9.600000000000000000e+03 -6.968288234863141386e-08
9.650000000000000000e+03 -3.540536215685914363e-07
9.700000000000000000e+03 4.333513619190254138e-07
9.750000000000000000e+03 -2.819618575253301296e-07
9.800000000000000000e+03 5.392838054879541684e-07
9.850000000000000000e+03 -5.339116855857423600e-07
9.900000000000000000e+03 -6.800431344629574575e-08
9.950000000000000000e+03 8.881822228535074189e-08
1.000000000000000000e+04 -2.424820240528287780e-07
