# r_A g_r
2.033437500000000175e-02 0.000000000000000000e+00
6.100312500000000526e-02 0.000000000000000000e+00
1.016718750000000088e-01 0.000000000000000000e+00
1.423406249999999984e-01 0.000000000000000000e+00
1.830093750000000297e-01 0.000000000000000000e+00
2.236781250000000054e-01 0.000000000000000000e+00
2.643468749999999812e-01 0.000000000000000000e+00
3.050156250000000124e-01 0.000000000000000000e+00
3.456843750000000437e-01 0.000000000000000000e+00
3.863531250000000750e-01 0.000000000000000000e+00
4.270218749999999952e-01 0.000000000000000000e+00
4.676906250000000265e-01 0.000000000000000000e+00
5.083593750000000577e-01 0.000000000000000000e+00
5.490281249999999780e-01 0.000000000000000000e+00
5.896968750000000092e-01 0.000000000000000000e+00
6.303656250000000405e-01 0.000000000000000000e+00
6.710343750000000718e-01 0.000000000000000000e+00
7.117031250000001030e-01 0.000000000000000000e+00
7.523718750000001343e-01 0.000000000000000000e+00
7.930406250000000545e-01 0.000000000000000000e+00
8.337093750000000858e-01 0.000000000000000000e+00
8.743781250000000060e-01 0.000000000000000000e+00
9.150468750000000373e-01 0.000000000000000000e+00
9.557156250000000686e-01 0.000000000000000000e+00
9.963843750000000998e-01 0.000000000000000000e+00
1.037053125000000131e+00 0.000000000000000000e+00
1.077721875000000162e+00 0.000000000000000000e+00
1.118390624999999972e+00 0.000000000000000000e+00
1.159059375000000003e+00 0.000000000000000000e+00
1.199728125000000034e+00 0.000000000000000000e+00
1.240396875000000065e+00 0.000000000000000000e+00
1.281065625000000097e+00 0.000000000000000000e+00
1.321734375000000128e+00 0.000000000000000000e+00
1.362403125000000159e+00 0.000000000000000000e+00
1.403071875000000190e+00 0.000000000000000000e+00
1.443740625000000222e+00 0.000000000000000000e+00
1.484409375000000253e+00 0.000000000000000000e+00
1.525078125000000062e+00 0.000000000000000000e+00
1.565746875000000093e+00 0.000000000000000000e+00
1.606415625000000125e+00 0.000000000000000000e+00
1.647084375000000156e+00 0.000000000000000000e+00
1.687753125000000187e+00 0.000000000000000000e+00
1.728421875000000218e+00 0.000000000000000000e+00
1.769090625000000028e+00 0.000000000000000000e+00
1.809759375000000059e+00 0.000000000000000000e+00
1.850428125000000090e+00 0.000000000000000000e+00
1.891096875000000122e+00 1.285969313781077489e-04
1.931765625000000153e+00 1.725350474553967364e-03
1.972434375000000184e+00 1.004782262265772885e-02
2.013103125000000215e+00 5.299598810136531973e-02
2.053771875000000247e+00 1.950581475959489441e-01
2.094440625000000278e+00 5.046939969442235663e-01
2.135109375000000309e+00 9.836090594122652853e-01
2.175778125000000340e+00 1.533172377715032120e+00
2.216446875000000372e+00 2.082643625878076943e+00
2.257115624999999959e+00 2.502866951886945746e+00
2.297784374999999990e+00 2.732026499168333622e+00
2.338453125000000021e+00 2.879700100096147519e+00
2.379121875000000053e+00 2.793059064197720875e+00
2.419790625000000084e+00 2.698000117104397244e+00
2.460459375000000115e+00 2.512005334248422983e+00
2.501128125000000146e+00 2.319526872347508206e+00
2.541796875000000178e+00 2.104312762638164802e+00
2.582465625000000209e+00 1.886089381975980084e+00
2.623134375000000240e+00 1.698863389129130042e+00
2.663803125000000271e+00 1.533965075134995804e+00
2.704471875000000303e+00 1.384430275099462593e+00
2.745140625000000334e+00 1.250158084863504326e+00
2.785809375000000365e+00 1.134220001631643493e+00
2.826478125000000396e+00 1.039125896622354883e+00
2.867146875000000428e+00 9.545829388594707643e-01
2.907815625000000459e+00 8.962494994700924700e-01
2.948484375000000490e+00 8.186894975246463702e-01
2.989153125000000077e+00 7.715489168283548027e-01
3.029821875000000109e+00 7.146037581980414499e-01
3.070490625000000140e+00 6.798481310776604003e-01
3.111159375000000171e+00 6.501696705220620931e-01
3.151828125000000203e+00 6.347956043003808446e-01
3.192496875000000234e+00 6.039702865943309407e-01
3.233165625000000265e+00 5.855280149101096399e-01
3.273834375000000296e+00 5.859603889196116633e-01
3.314503125000000328e+00 5.817579826987151481e-01
3.355171875000000359e+00 5.809358935514119526e-01
3.395840625000000390e+00 5.810229720642167139e-01
3.436509375000000421e+00 5.819946771845138089e-01
3.477178125000000453e+00 5.975585528051768902e-01
3.517846875000000484e+00 6.058222018575233347e-01
3.558515625000000071e+00 6.286623809880484970e-01
3.599184375000000102e+00 6.510314039169441402e-01
3.639853125000000134e+00 6.748527793555315624e-01
3.680521875000000165e+00 7.000143636582804030e-01
3.721190625000000196e+00 7.329544362049731365e-01
3.761859375000000227e+00 7.693837925027929847e-01
3.802528125000000259e+00 8.075622146024238335e-01
3.843196875000000290e+00 8.476038561355077050e-01
3.883865625000000321e+00 8.849463839131351817e-01
3.924534375000000352e+00 9.297040077601388397e-01
3.965203125000000384e+00 9.651361321159085405e-01
4.005871875000000415e+00 1.005336046690807006e+00
4.046540625000000446e+00 1.054152950208584683e+00
4.087209375000000477e+00 1.077492145381300226e+00
4.127878125000000509e+00 1.117794819232387438e+00
4.168546875000000540e+00 1.151960368688382141e+00
4.209215625000000571e+00 1.184732979925051222e+00
4.249884375000000603e+00 1.211386493903556349e+00
4.290553125000000634e+00 1.230226037615705037e+00
4.331221875000000665e+00 1.245451025295522651e+00
4.371890625000000696e+00 1.264037774113758061e+00
4.412559375000000728e+00 1.270794875878460628e+00
4.453228125000000759e+00 1.289966098686218920e+00
4.493896875000000790e+00 1.282778600663984303e+00
4.534565625000000821e+00 1.287270553156186548e+00
4.575234374999999964e+00 1.280437725350977551e+00
4.615903124999999996e+00 1.253182551710427139e+00
4.656571875000000027e+00 1.229967467658908520e+00
4.697240625000000058e+00 1.220913342976763127e+00
4.737909375000000090e+00 1.196867882837448160e+00
4.778578125000000121e+00 1.155334589671363599e+00
4.819246875000000152e+00 1.126412789653478130e+00
4.859915625000000183e+00 1.098429524929672052e+00
4.900584375000000215e+00 1.069320338043076912e+00
4.941253125000000246e+00 1.038888273724022371e+00
4.981921875000000277e+00 1.005412136208028828e+00
5.022590625000000308e+00 9.784217521009814789e-01
5.063259375000000340e+00 9.545332635509621300e-01
5.103928125000000371e+00 9.314024653090278161e-01
5.144596875000000402e+00 9.032509876106545876e-01
5.185265625000000433e+00 8.903010293950890386e-01
5.225934375000000465e+00 8.680446719398031696e-01
5.266603125000000496e+00 8.611401424739253407e-01
5.307271875000000527e+00 8.465890063178359570e-01
5.347940625000000558e+00 8.325882484152522522e-01
5.388609375000000590e+00 8.342909712845274495e-01
5.429278125000000621e+00 8.252090250684623873e-01
5.469946875000000652e+00 8.261104014332227852e-01
5.510615625000000684e+00 8.372997191838670306e-01
5.551284375000000715e+00 8.292551146163154030e-01
5.591953125000000746e+00 8.377683874523815799e-01
5.632621875000000777e+00 8.455878258995442875e-01
5.673290625000000809e+00 8.625424843967611777e-01
5.713959375000000840e+00 8.796207022520666774e-01
5.754628125000000871e+00 8.876464372632276723e-01
5.795296875000000902e+00 9.099306697189338822e-01
5.835965625000000934e+00 9.250012089450199149e-01
5.876634375000000077e+00 9.354140064786542474e-01
5.917303125000000108e+00 9.579449609946653066e-01
5.957971875000000139e+00 9.742694898437010975e-01
5.998640625000000171e+00 9.972858181075090478e-01
6.039309375000000202e+00 1.017389315235513791e+00
6.079978125000000233e+00 1.023953760139853619e+00
6.120646875000000264e+00 1.046986923173039097e+00
6.161315625000000296e+00 1.059826838465710352e+00
6.201984375000000327e+00 1.071511699785729466e+00
6.242653125000000358e+00 1.078507528393748860e+00
6.283321875000000389e+00 1.089729463143035870e+00
6.323990625000000421e+00 1.099332516540494575e+00
6.364659375000000452e+00 1.100280227850243708e+00
6.405328125000000483e+00 1.110295664420555051e+00
6.445996875000000514e+00 1.108704095722303551e+00
6.486665625000000546e+00 1.104135823209328127e+00
6.527334375000000577e+00 1.104204049079222871e+00
6.568003125000000608e+00 1.104527071593168319e+00
6.608671875000000639e+00 1.096429278196062285e+00
6.649340625000000671e+00 1.086324423265332184e+00
6.690009375000000702e+00 1.082086421487558736e+00
6.730678125000000733e+00 1.074977971232250251e+00
6.771346875000000765e+00 1.068453193483873687e+00
6.812015625000000796e+00 1.054048797024906392e+00
6.852684375000000827e+00 1.049821060305277554e+00
6.893353125000000858e+00 1.038989817968429152e+00
6.934021875000000890e+00 1.030233591436851670e+00
6.974690625000000921e+00 1.014198535398921130e+00
7.015359375000000952e+00 1.005959311856645000e+00
7.056028125000000983e+00 9.962995081330462410e-01
7.096696875000001015e+00 9.853425055064238824e-01
7.137365625000001046e+00 9.781358131921183974e-01
7.178034375000000189e+00 9.681278382752647182e-01
7.218703125000000220e+00 9.620511609855550983e-01
7.259371875000000252e+00 9.527420090783006446e-01
7.300040625000000283e+00 9.447709396842479679e-01
7.340709375000000314e+00 9.348351020492127184e-01
7.381378125000000345e+00 9.336867640891507447e-01
7.422046875000000377e+00 9.345527839440501694e-01
7.462715625000000408e+00 9.281767494494141957e-01
7.503384375000000439e+00 9.323312120028861560e-01
7.544053125000000470e+00 9.299990391217641816e-01
7.584721875000000502e+00 9.312765525985355897e-01
7.625390625000000533e+00 9.348546554446992563e-01
7.666059375000000564e+00 9.366847282498697025e-01
7.706728125000000595e+00 9.436276090149567919e-01
7.747396875000000627e+00 9.449717035269058485e-01
7.788065625000000658e+00 9.523779680889994381e-01
7.828734375000000689e+00 9.597223041232961771e-01
7.869403125000000720e+00 9.678668950341856592e-01
7.910071875000000752e+00 9.719789426715356173e-01
7.950740625000000783e+00 9.806125318103429134e-01
7.991409375000000814e+00 9.886244032018515204e-01
8.032078125000001734e+00 9.933089555580937313e-01
8.072746874999999989e+00 9.992111520259754354e-01
8.113415625000001796e+00 1.011023520305323720e+00
