# time_fs vacf
0.000000000000000000e+00 1.271730557998930843e-05
5.000000000000000000e+01 -7.649717208984234876e-06
1.000000000000000000e+02 1.011510049773813198e-06
1.500000000000000000e+02 4.914187536552912822e-07
2.000000000000000000e+02 -3.148585925275450132e-07
2.500000000000000000e+02 3.600653560223687731e-07
3.000000000000000000e+02 -8.052989480457905351e-07
3.500000000000000000e+02 9.934561598184512960e-07
4.000000000000000000e+02 -8.243929999687928865e-07
4.500000000000000000e+02 6.779203803655414362e-07
5.000000000000000000e+02 9.322523186956728622e-08
5.500000000000000000e+02 -3.124711925664966154e-07
6.000000000000000000e+02 -4.958971893234405442e-07
6.500000000000000000e+02 7.822387717699741619e-07
7.000000000000000000e+02 2.945074062966191013e-07
7.500000000000000000e+02 -1.557568689906561734e-06
8.000000000000000000e+02 6.638660506864138941e-07
8.500000000000000000e+02 8.848216066122704673e-07
9.000000000000000000e+02 -1.079364237276187972e-06
9.500000000000000000e+02 1.214385554343482107e-06
1.000000000000000000e+03 -1.007897362262480348e-06
1.050000000000000000e+03 5.019696919338004398e-07
1.100000000000000000e+03 -5.437733999116802484e-07
1.150000000000000000e+03 3.866092635295316655e-07
1.200000000000000000e+03 -2.127662906719433034e-07
1.250000000000000000e+03 3.894551936305067497e-08
1.300000000000000000e+03 2.853756104435173454e-07
1.350000000000000000e+03 -1.819504272572484309e-07
1.400000000000000000e+03 4.378179121972126049e-09
1.450000000000000000e+03 -6.647108216615757598e-08
1.500000000000000000e+03 1.883552202270545919e-07
1.550000000000000000e+03 -9.522088779698162797e-08
1.600000000000000000e+03 -2.833856316001368179e-08
1.650000000000000000e+03 -2.199804283364125610e-07
1.700000000000000000e+03 3.647829419513521379e-07
1.750000000000000000e+03 -2.308145315760196854e-07
1.800000000000000000e+03 -1.534403548775780305e-07
1.850000000000000000e+03 2.605594412864465141e-07
1.900000000000000000e+03 3.845394765279646153e-07
1.950000000000000000e+03 -8.016209233328658038e-07
2.000000000000000000e+03 1.067646983956983140e-06
2.050000000000000000e+03 -8.600790424908630328e-07
2.100000000000000000e+03 -4.120989396466657222e-07
2.150000000000000000e+03 6.044474029380555198e-07
2.200000000000000000e+03 3.316910920064573738e-07
2.250000000000000000e+03 -4.672849730864665788e-07
2.300000000000000000e+03 -3.028502780812199557e-08
2.350000000000000000e+03 2.773748997874823867e-07
2.400000000000000000e+03 3.067444595595619635e-07
2.450000000000000000e+03 -7.212320650025195327e-07
2.500000000000000000e+03 1.716682758668107073e-07
2.550000000000000000e+03 6.092797044001654680e-07
2.600000000000000000e+03 -1.556110422301523531e-06
2.650000000000000000e+03 1.859538680477718605e-06
2.700000000000000000e+03 -1.063987338065108371e-06
2.750000000000000000e+03 4.820827267819265026e-08
2.800000000000000000e+03 5.282046627393909965e-07
2.850000000000000000e+03 -2.580185848528438536e-08
2.900000000000000000e+03 -1.111578719042270375e-07
2.950000000000000000e+03 -5.375739242016619306e-07
3.000000000000000000e+03 9.440376528867159189e-08
3.050000000000000000e+03 3.359738429052284226e-07
3.100000000000000000e+03 5.256438875180470368e-08
3.150000000000000000e+03 -4.543438362510188716e-07
3.200000000000000000e+03 8.478543774528036511e-07
3.250000000000000000e+03 -3.970038925504232424e-07
3.300000000000000000e+03 -2.734794026732551242e-07
3.350000000000000000e+03 2.793802632941325669e-07
3.400000000000000000e+03 -3.875565661092674567e-07
3.450000000000000000e+03 3.158011729378613211e-07
3.500000000000000000e+03 -4.592949818790168666e-08
3.550000000000000000e+03 -7.344708985431988013e-08
3.600000000000000000e+03 3.783259156563899101e-08
3.650000000000000000e+03 1.911214325721248970e-07
3.700000000000000000e+03 -4.215617698673694530e-09
3.750000000000000000e+03 -3.413207671029812778e-07
3.800000000000000000e+03 4.524829462619589467e-07
3.850000000000000000e+03 -3.595439607041585735e-07
3.900000000000000000e+03 7.713264863375766138e-08
3.950000000000000000e+03 -4.658296810603168891e-07
4.000000000000000000e+03 7.996457156624223920e-07
4.050000000000000000e+03 -3.305896522623319329e-07
4.100000000000000000e+03 2.091566137155170768e-07
4.150000000000000000e+03 -1.261123345558861820e-07
4.200000000000000000e+03 -9.520479622285582327e-08
4.250000000000000000e+03 -3.634256581905966454e-08
4.300000000000000000e+03 -1.326996328032410318e-07
4.350000000000000000e+03 4.816456665989416853e-07
4.400000000000000000e+03 -4.169091294787944882e-07
4.450000000000000000e+03 -5.285395713853542237e-08
4.500000000000000000e+03 4.388538453264254945e-07
4.550000000000000000e+03 -3.400141553991785399e-07
4.600000000000000000e+03 -1.073741082746870546e-07
4.650000000000000000e+03 7.604796734803689240e-07
4.700000000000000000e+03 -7.174072176784106369e-07
4.750000000000000000e+03 1.504656317759940512e-08
4.800000000000000000e+03 1.385877524837645213e-07
4.850000000000000000e+03 -7.007106112591925835e-08
4.900000000000000000e+03 -7.119047487586327841e-08
4.950000000000000000e+03 1.535008523221246827e-07
5.000000000000000000e+03 2.594342032101335093e-07
5.050000000000000000e+03 -2.716079812288467723e-07
5.100000000000000000e+03 5.733375510888709824e-08
5.150000000000000000e+03 -1.962225124334017447e-07
5.200000000000000000e+03 3.044994139372145815e-07
5.250000000000000000e+03 -3.213499413897306587e-07
5.300000000000000000e+03 1.730870853035433199e-07
5.350000000000000000e+03 -2.174641194796869896e-07
5.400000000000000000e+03 2.208141162200844699e-07
5.450000000000000000e+03 6.042616911715474706e-08
5.500000000000000000e+03 1.598534283875396620e-07
5.550000000000000000e+03 -2.682398491952900171e-07
5.600000000000000000e+03 3.644261271103896824e-08
5.650000000000000000e+03 -1.906042479991606734e-08
5.700000000000000000e+03 -9.629169894292013673e-08
5.750000000000000000e+03 -6.650460583963606869e-08
5.800000000000000000e+03 2.317491159088853442e-07
5.850000000000000000e+03 -1.686685693374055802e-07
5.900000000000000000e+03 3.179462410499265913e-07
5.950000000000000000e+03 -1.256503316277944829e-07
6.000000000000000000e+03 1.617250180367787394e-07
6.050000000000000000e+03 -5.824138616452603970e-07
6.100000000000000000e+03 4.590790947969890772e-07
6.150000000000000000e+03 -2.306996969862423127e-07
6.200000000000000000e+03 -1.792245372771225515e-08
6.250000000000000000e+03 3.398217110812743939e-08
6.300000000000000000e+03 2.305318731340633772e-07
6.350000000000000000e+03 2.270793075974094260e-08
6.400000000000000000e+03 -1.876743266662326346e-07
6.450000000000000000e+03 1.687300709954255942e-07
6.500000000000000000e+03 -3.350346920328981540e-07
6.550000000000000000e+03 3.597402076686242773e-07
6.600000000000000000e+03 -4.211752094399962423e-07
6.650000000000000000e+03 2.996299808802632382e-07
6.700000000000000000e+03 -1.671380873597394674e-07
6.750000000000000000e+03 1.415054026813339778e-07
6.800000000000000000e+03 1.250843587583155223e-07
6.850000000000000000e+03 -5.030497704452569846e-08
6.900000000000000000e+03 7.747446793358507278e-09
6.950000000000000000e+03 -2.508159244719765550e-07
7.000000000000000000e+03 1.846379304794453969e-07
7.050000000000000000e+03 -6.457287732952965388e-08
7.100000000000000000e+03 -2.904726504362215550e-07
7.150000000000000000e+03 4.610354942588305219e-07
7.200000000000000000e+03 -4.374669661257397297e-08
7.250000000000000000e+03 1.806429090010436554e-09
7.300000000000000000e+03 -1.666464815277997488e-07
7.350000000000000000e+03 2.242562282430113435e-08
7.400000000000000000e+03 2.409348881440823397e-07
7.450000000000000000e+03 -2.146476265224569072e-07
7.500000000000000000e+03 -1.832695810520164138e-07
7.550000000000000000e+03 2.666010927638002166e-07
7.600000000000000000e+03 -3.565406890598746940e-07
7.650000000000000000e+03 4.822784360224392187e-07
7.700000000000000000e+03 -1.011765337777693360e-07
7.750000000000000000e+03 -4.956479018835639072e-08
7.800000000000000000e+03 -5.162241103982594660e-08
7.850000000000000000e+03 2.387318979825979964e-07
7.900000000000000000e+03 -3.808333311233435242e-07
7.950000000000000000e+03 -2.649221480927061901e-08
8.000000000000000000e+03 1.965478672681548433e-07
8.050000000000000000e+03 -1.434943672634521635e-07
8.100000000000000000e+03 3.004583112637141189e-07
8.150000000000000000e+03 -1.344706982489527008e-07
8.200000000000000000e+03 -3.227400982557279966e-08
8.250000000000000000e+03 -4.622976572321149942e-08
8.300000000000000000e+03 2.992784674730383226e-07
8.350000000000000000e+03 -3.830947815965288326e-07
8.400000000000000000e+03 -2.735733318458031616e-08
8.450000000000000000e+03 1.014208124599239730e-07
8.500000000000000000e+03 7.108744361914868095e-09
8.550000000000000000e+03 9.958436593220650485e-08
8.600000000000000000e+03 -1.347867612858753744e-07
8.650000000000000000e+03 4.313557769448255971e-07
8.700000000000000000e+03 -5.075384410755770572e-07
8.750000000000000000e+03 3.827824950201134210e-07
8.800000000000000000e+03 -4.416714076038379616e-07
8.850000000000000000e+03 8.030121374466686220e-08
8.900000000000000000e+03 7.847677865282947878e-08
8.950000000000000000e+03 6.819392021944786266e-08
9.000000000000000000e+03 1.385705536299107919e-07
9.050000000000000000e+03 -1.913696452991372640e-07
9.100000000000000000e+03 1.398301498348957989e-07
9.150000000000000000e+03 -7.066179486789029471e-08
9.200000000000000000e+03 3.737221722613354242e-08
9.250000000000000000e+03 -1.833189152754653959e-07
9.300000000000000000e+03 8.506217163547027830e-08
9.350000000000000000e+03 -6.822741073214801350e-08
9.400000000000000000e+03 1.045501054005044184e-07
9.450000000000000000e+03 3.366481254735615507e-08
9.500000000000000000e+03 -1.366901511550578847e-07
9.550000000000000000e+03 1.649070562600884282e-07
9.600000000000000000e+03 2.260510366729920175e-07
9.650000000000000000e+03 -2.856287561162593859e-07
9.700000000000000000e+03 -2.548332740281805522e-07
9.750000000000000000e+03 1.927874853867537914e-07
9.800000000000000000e+03 4.186579708542435530e-08
9.850000000000000000e+03 -1.435493573662401406e-07
9.900000000000000000e+03 2.298807954733759462e-07
9.950000000000000000e+03 -7.040922869234797431e-08
1.000000000000000000e+04 2.964186872735054614e-07
