# k_1_per_A S_k
1.000000000000000056e-01 -7.594358004654526706e-01
1.397993311036789255e-01 -6.771038758609886354e-01
1.795986622073578731e-01 -5.752739941558098202e-01
2.193979933110368208e-01 -4.599138004229417209e-01
2.591973244147157684e-01 -3.376452829960847613e-01
2.989966555183947161e-01 -2.152863524524535332e-01
3.387959866220736083e-01 -9.938605956443380407e-02
3.785953177257525004e-01 4.211887977600414779e-03
4.183946488294314481e-01 9.074519025991933940e-02
4.581939799331103957e-01 1.568215124259931814e-01
4.979933110367893434e-01 2.005995495427154163e-01
5.377926421404682911e-01 2.218512083876165164e-01
5.775919732441472387e-01 2.219029019351591581e-01
6.173913043478260754e-01 2.034633738555660099e-01
6.571906354515050230e-01 1.703541732740213588e-01
6.969899665551839707e-01 1.271661953247124055e-01
7.367892976588629184e-01 7.887102193622141932e-02
7.765886287625418660e-01 3.041873682042239846e-02
8.163879598662208137e-01 -1.364575688400693210e-02
8.561872909698997614e-01 -4.951811172768949554e-02
8.959866220735787090e-01 -7.439638479432963969e-02
9.357859531772575457e-01 -8.665068159350752808e-02
9.755852842809364933e-01 -8.588984956816170246e-02
1.015384615384615552e+00 -7.292313268677164118e-02
1.055183946488294389e+00 -4.962335874131085234e-02
1.094983277591973447e+00 -1.870618264872403458e-02
1.134782608695652284e+00 1.655349215343715485e-02
1.174581939799331343e+00 5.264207079800065081e-02
1.214381270903010179e+00 8.613647792303658068e-02
1.254180602006689238e+00 1.140136290926407892e-01
1.293979933110368075e+00 1.339140830506838631e-01
1.333779264214047133e+00 1.443382633685348360e-01
1.373578595317725970e+00 1.447598560900816844e-01
1.413377926421404807e+00 1.356484119405907407e-01
1.453177257525083865e+00 1.184011673608437176e-01
1.492976588628762702e+00 9.519196792166995102e-02
1.532775919732441761e+00 6.875226763051711654e-02
1.572575250836120597e+00 4.210489768369951591e-02
1.612374581939799656e+00 1.827517873311557128e-02
1.652173913043478493e+00 5.681144067182231083e-06
1.691973244147157551e+00 -1.049960907307334601e-02
1.731772575250836388e+00 -1.177871964373000679e-02
1.771571906354515225e+00 -3.244437688290302546e-03
1.811371237458194283e+00 1.476563934104602183e-02
1.851170568561873120e+00 4.102648241597817158e-02
1.890969899665552179e+00 7.354751106641310709e-02
1.930769230769231015e+00 1.097686450607779918e-01
1.970568561872910074e+00 1.468136810599347530e-01
2.010367892976588688e+00 1.817790610891996117e-01
2.050167224080267747e+00 2.120328662746117088e-01
2.089966555183946806e+00 2.354977555926670574e-01
2.129765886287625865e+00 2.508926645093972896e-01
2.169565217391304479e+00 2.579112880476209790e-01
2.209364548494983538e+00 2.573204285180917816e-01
2.249163879598662596e+00 2.509677706421248322e-01
2.288963210702341655e+00 2.416960217704963165e-01
2.328762541806020270e+00 2.331680177588818514e-01
2.368561872909699328e+00 2.296147209744303641e-01
2.408361204013378387e+00 2.355244320607021713e-01
2.448160535117057002e+00 2.552964867705225238e-01
2.487959866220736060e+00 2.928858188947003338e-01
2.527759197324415119e+00 3.514657966032025405e-01
2.567558528428094178e+00 4.331356080734682923e-01
2.607357859531772792e+00 5.386952821254646917e-01
2.647157190635451851e+00 6.675064430821104899e-01
2.686956521739130910e+00 8.174505188780252229e-01
2.726755852842809524e+00 9.849888564041030525e-01
2.766555183946488583e+00 1.165321621116197415e+00
2.806354515050167642e+00 1.352635059388594074e+00
2.846153846153846700e+00 1.540420242438310883e+00
2.885953177257525315e+00 1.721841276456482106e+00
2.925752508361204374e+00 1.890127530197912575e+00
2.965551839464883432e+00 2.038962935109333685e+00
3.005351170568562047e+00 2.162845935581967360e+00
3.045150501672241106e+00 2.257396131315750232e+00
3.084949832775920164e+00 2.319587834494724721e+00
3.124749163879599223e+00 2.347896308207499949e+00
3.164548494983277838e+00 2.342348909118714850e+00
3.204347826086956896e+00 2.304480217508892093e+00
3.244147157190635955e+00 2.237196974574840347e+00
3.283946488294315014e+00 2.144564757705723412e+00
3.323745819397993628e+00 2.031533369722271942e+00
3.363545150501672687e+00 1.903621553831958968e+00
3.403344481605351746e+00 1.766583648033278386e+00
3.443143812709030360e+00 1.626081070051210276e+00
3.482943143812709419e+00 1.487380121858583593e+00
3.522742474916388478e+00 1.355094694503063524e+00
3.562541806020067536e+00 1.232988321976193902e+00
3.602341137123746151e+00 1.123845043122940535e+00
3.642140468227425210e+00 1.029413100147185345e+00
3.681939799331104268e+00 9.504200643316373931e-01
3.721739130434782883e+00 8.866529485670876509e-01
3.761538461538461942e+00 8.370926056939085314e-01
3.801337792642141000e+00 8.000885074275151387e-01
3.841137123745820059e+00 7.735580397755670301e-01
3.880936454849498674e+00 7.551938187665983016e-01
3.920735785953177732e+00 7.426631973251798247e-01
3.960535117056856791e+00 7.337859709522255303e-01
4.000334448160534961e+00 7.266790809964778219e-01
4.040133779264214020e+00 7.198605797858868005e-01
4.079933110367893079e+00 7.123089433721826458e-01
4.119732441471572137e+00 7.034776663397650509e-01
4.159531772575251196e+00 6.932686373027021620e-01
4.199331103678930255e+00 6.819708034037954558e-01
4.239130434782608425e+00 6.701728791927938911e-01
4.278929765886287484e+00 6.586602072332781166e-01
4.318729096989966543e+00 6.483062847115239613e-01
4.358528428093645601e+00 6.399689642807351309e-01
4.398327759197324660e+00 6.344000251350048192e-01
4.438127090301003719e+00 6.321748600069639901e-01
4.477926421404682777e+00 6.336466471066304340e-01
4.517725752508360948e+00 6.389268076001188845e-01
4.557525083612040007e+00 6.478910251804608222e-01
4.597324414715719065e+00 6.602078417620855788e-01
4.637123745819398124e+00 6.753850228250638521e-01
4.676923076923077183e+00 6.928276377078177450e-01
4.716722408026756241e+00 7.119011957830581050e-01
4.756521739130435300e+00 7.319932290014168341e-01
4.796321070234113471e+00 7.525673659695314432e-01
4.836120401337792529e+00 7.732051026787492010e-01
4.875919732441471588e+00 7.936320011189452739e-01
4.915719063545150647e+00 8.137267756679378294e-01
4.955518394648829705e+00 8.335134862745035011e-01
4.995317725752508764e+00 8.531386825427316190e-01
5.035117056856187823e+00 8.728366913852032560e-01
5.074916387959865993e+00 8.928872041761635181e-01
5.114715719063545052e+00 9.135698303049801794e-01
5.154515050167224111e+00 9.351203213043776108e-01
5.194314381270903169e+00 9.576927569866076073e-01
5.234113712374582228e+00 9.813311864164396825e-01
5.273913043478261287e+00 1.005953128633826577e+00
5.313712374581940345e+00 1.031346079123091508e+00
5.353511705685618516e+00 1.057176866078732624e+00
5.393311036789297575e+00 1.083012480778231312e+00
5.433110367892976633e+00 1.108349979824518661e+00
5.472909698996655692e+00 1.132652310763110792e+00
5.512709030100334751e+00 1.155386502877086219e+00
5.552508361204013809e+00 1.176060613510449215e+00
5.592307692307692868e+00 1.194256113851604351e+00
5.632107023411371038e+00 1.209652991541446010e+00
5.671906354515050097e+00 1.222045669402383572e+00
5.711705685618729156e+00 1.231348800473645255e+00
5.751505016722408214e+00 1.237593000974901880e+00
5.791304347826087273e+00 1.240911527256882030e+00
5.831103678929766332e+00 1.241519702755385035e+00
5.870903010033445391e+00 1.239689486876375479e+00
5.910702341137123561e+00 1.235721903747610373e+00
5.950501672240802620e+00 1.229920096027405485e+00
5.990301003344481678e+00 1.222565546213573606e+00
6.030100334448160737e+00 1.213899549437724268e+00
6.069899665551839796e+00 1.204111382998351631e+00
6.109698996655518854e+00 1.193333869234092459e+00
6.149498327759197913e+00 1.181646247648957537e+00
6.189297658862876084e+00 1.169083537085089608e+00
6.229096989966555142e+00 1.155650949080426759e+00
6.268896321070234201e+00 1.141341465095151886e+00
6.308695652173913260e+00 1.126154449851090700e+00
6.348494983277592318e+00 1.110113155682118657e+00
6.388294314381271377e+00 1.093279171295834296e+00
6.428093645484950436e+00 1.075762254700109555e+00
6.467892976588629494e+00 1.057724519012329001e+00
6.507692307692307665e+00 1.039378553996116006e+00
6.547491638795986724e+00 1.020979701826763897e+00
6.587290969899665782e+00 1.002813299348872089e+00
6.627090301003344841e+00 9.851781938846484454e-01
6.666889632107023900e+00 9.683681900615733751e-01
6.706688963210702958e+00 9.526532613823993634e-01
6.746488294314382017e+00 9.382623505726047641e-01
6.786287625418060188e+00 9.253693938297921084e-01
6.826086956521739246e+00 9.140838599067946380e-01
6.865886287625418305e+00 9.044466337448733295e-01
6.905685618729097364e+00 8.964315445277131200e-01
6.945484949832776422e+00 8.899522930542391741e-01
6.985284280936455481e+00 8.848740264965825331e-01
7.025083612040134540e+00 8.810283878072114883e-01
7.064882943143812710e+00 8.782305703214879911e-01
7.104682274247491769e+00 8.762967603336332401e-01
7.144481605351170828e+00 8.750603613071461506e-01
7.184280936454849886e+00 8.743855570087837314e-01
7.224080267558528945e+00 8.741770667899094738e-01
7.263879598662208004e+00 8.743853419525872139e-01
7.303678929765887062e+00 8.750069065426854253e-01
7.343478260869565233e+00 8.760800136013054962e-01
7.383277591973244292e+00 8.776762236708415266e-01
7.423076923076923350e+00 8.798888755357604508e-01
7.462876254180602409e+00 8.828196774453167528e-01
7.502675585284281468e+00 8.865647792465610744e-01
7.542474916387960526e+00 8.912016836211759108e-01
7.582274247491639585e+00 8.967782228567874325e-01
7.622073578595317755e+00 9.033045834873084656e-01
7.661872909698996814e+00 9.107490321389399845e-01
7.701672240802675873e+00 9.190376166940709135e-01
7.741471571906354932e+00 9.280577257592104168e-01
7.781270903010033990e+00 9.376650245392095240e-01
7.821070234113713049e+00 9.476929808555002444e-01
7.860869565217392108e+00 9.579639784207324427e-01
7.900668896321070278e+00 9.683009033580217695e-01
7.940468227424749337e+00 9.785380912303408563e-01
7.980267558528428395e+00 9.885306312602439860e-01
8.020066889632108342e+00 9.981612273359659060e-01
8.059866220735786513e+00 1.007344088583735475e+00
8.099665551839466460e+00 1.016025636461435289e+00
8.139464882943144630e+00 1.024182138234256190e+00
8.179264214046822801e+00 1.031814676332468705e+00
8.219063545150502748e+00 1.038942110850890277e+00
8.258862876254180918e+00 1.045592865783508518e+00
8.298662207357860865e+00 1.051796454023079530e+00
8.338461538461539035e+00 1.057575646447312501e+00
8.378260869565217206e+00 1.062940090749264321e+00
8.418060200668897153e+00 1.067882008954639472e+00
8.457859531772575323e+00 1.072374368872746730e+00
8.497658862876255270e+00 1.076371659081849730e+00
8.537458193979933441e+00 1.079813126824614056e+00
8.577257525083613388e+00 1.082628090329131432e+00
8.617056856187291558e+00 1.084742735453615436e+00
8.656856187290969729e+00 1.086087669736985006e+00
8.696655518394649675e+00 1.086605446501811123e+00
8.736454849498327846e+00 1.086257291277677783e+00
8.776254180602007793e+00 1.085028358151894246e+00
8.816053511705685963e+00 1.082931003031165185e+00
8.855852842809365910e+00 1.080005766572474046e+00
8.895652173913044081e+00 1.076319990037883034e+00
8.935451505016722251e+00 1.071964219096028570e+00
8.975250836120402198e+00 1.067046760776002801e+00
9.015050167224080369e+00 1.061686927349682508e+00
9.054849498327760315e+00 1.056007612566213005e+00
9.094648829431438486e+00 1.050127891158649351e+00
9.134448160535118433e+00 1.044156309462037191e+00
9.174247491638796603e+00 1.038185447729516708e+00
9.214046822742474774e+00 1.032288193895519512e+00
9.253846153846154721e+00 1.026515989642860172e+00
9.293645484949832891e+00 1.020899111466503806e+00
9.333444816053512838e+00 1.015448852067772467e+00
9.373244147157191009e+00 1.010161290202963080e+00
9.413043478260870955e+00 1.005022196770975595e+00
9.452842809364549126e+00 1.000012533982605589e+00
9.492642140468227296e+00 9.951139701366136237e-01
9.532441471571907243e+00 9.903138562168165571e-01
9.572240802675585414e+00 9.856091878109962678e-01
9.612040133779265361e+00 9.810091971631581531e-01
9.651839464882943531e+00 9.765363718902160262e-01
9.691638795986623478e+00 9.722258628536917247e-01
9.731438127090301649e+00 9.681234068505985002e-01
9.771237458193979819e+00 9.642820340197586493e-01
9.811036789297659766e+00 9.607579414508560234e-01
9.850836120401337936e+00 9.576059834786908587e-01
9.890635451505017883e+00 9.548752502068434955e-01
9.930434782608696054e+00 9.526051785940441441e-01
9.970234113712376001e+00 9.508225694788853266e-01
1.001003344481605417e+01 9.495397779867535970e-01
1.004983277591973234e+01 9.487542158498781797e-01
1.008963210702341229e+01 9.484491661717752153e-01
1.012943143812709046e+01 9.485957784087289957e-01
1.016923076923077041e+01 9.491559971182876865e-01
1.020903010033444858e+01 9.500860932857730923e-01
1.024882943143812852e+01 9.513404193502387196e-01
1.028862876254180669e+01 9.528750019363526613e-01
1.032842809364548486e+01 9.546506190166328398e-01
1.036822742474916481e+01 9.566350759861254049e-01
1.040802675585284298e+01 9.588044897070837624e-01
1.044782608695652293e+01 9.611435002776131942e-01
1.048762541806020110e+01 9.636444451020858004e-01
1.052742474916388105e+01 9.663056367773813493e-01
1.056722408026755922e+01 9.691289745598795635e-01
1.060702341137123739e+01 9.721171802392610806e-01
1.064682274247491733e+01 9.752709777131034485e-01
1.068662207357859550e+01 9.785865295918775297e-01
1.072642140468227545e+01 9.820534055734464474e-01
1.076622073578595362e+01 9.856532912618349851e-01
1.080602006688963357e+01 9.893595604273649480e-01
1.084581939799331174e+01 9.931377380811181599e-01
1.088561872909698991e+01 9.969467865748633528e-01
1.092541806020066986e+01 1.000741062275738669e+00
1.096521739130434803e+01 1.004472724826018570e+00
1.100501672240802797e+01 1.008094340922315757e+00
1.104481605351170614e+01 1.011561413387468189e+00
1.108461538461538609e+01 1.014834584339296963e+00
1.112441471571906426e+01 1.017881305640901068e+00
1.116421404682274243e+01 1.020676834968044622e+00
1.120401337792642238e+01 1.023204494097344597e+00
1.124381270903010055e+01 1.025455208544540087e+00
1.128361204013378050e+01 1.027426425373644259e+00
1.132341137123745867e+01 1.029120570510954069e+00
1.136321070234113861e+01 1.030543251513917902e+00
1.140301003344481678e+01 1.031701432057894996e+00
1.144280936454849495e+01 1.032601798748278066e+00
1.148260869565217490e+01 1.033249510442528329e+00
1.152240802675585307e+01 1.033647468962445970e+00
1.156220735785953302e+01 1.033796183995866702e+00
1.160200668896321119e+01 1.033694231755309723e+00
1.164180602006689114e+01 1.033339234877999946e+00
1.168160535117056931e+01 1.032729228179844583e+00
1.172140468227424748e+01 1.031864228169732556e+00
1.176120401337792742e+01 1.030747798793897774e+00
1.180100334448160559e+01 1.029388404431466730e+00
1.184080267558528554e+01 1.027800363761191438e+00
1.188060200668896371e+01 1.026004262180958193e+00
1.192040133779264366e+01 1.024026741054989031e+00
1.196020066889632183e+01 1.021899652459358654e+00
1.200000000000000000e+01 1.019658640503243952e+00
