# time_fs temperature_K pressure_eV_per_A3 kinetic_energy_eV potential_energy_eV total_energy_eV
0.000000000000000000e+00 2.999290785014155745e+02 1.718863497833228796e-02 1.934564735104378386e+01 -1.060094740240752571e+03 -1.040749092889708891e+03
5.000000000000000000e+01 3.028998070894396619e+02 1.706796685027993019e-02 1.953726154172755614e+01 -1.060194984925309654e+03 -1.040657723383582152e+03
1.000000000000000000e+02 2.807591910171841505e+02 1.809853922630964840e-02 1.810917543280869069e+01 -1.058344793673604954e+03 -1.040235618240796157e+03
1.500000000000000000e+02 2.983885360690248945e+02 1.733693806828310799e-02 1.924628122497405514e+01 -1.059899669922910562e+03 -1.040653388697936407e+03
2.000000000000000000e+02 3.189679819876205897e+02 1.634862004003081321e-02 2.057367070454780844e+01 -1.061692671929291009e+03 -1.041119001224743215e+03
2.500000000000000000e+02 2.872349604087022499e+02 1.768997602051902360e-02 1.852686734718037798e+01 -1.059354311555756794e+03 -1.040827444208576480e+03
3.000000000000000000e+02 2.949123173432130329e+02 1.743611726375774232e-02 1.902206254660961804e+01 -1.059640624365903250e+03 -1.040618561819293518e+03
3.500000000000000000e+02 2.910318015918369952e+02 1.758667433350391551e-02 1.877176641113192090e+01 -1.059416427790197758e+03 -1.040644661379065838e+03
4.000000000000000000e+02 2.937372617404333823e+02 1.746725699956321737e-02 1.894627059131530800e+01 -1.059691020108968132e+03 -1.040744749517652735e+03
4.500000000000000000e+02 3.080642048135833306e+02 1.686253696664012994e-02 1.987036901383731546e+01 -1.060715194409180185e+03 -1.040844825395342923e+03
5.000000000000000000e+02 3.009830468960460621e+02 1.718666432254452314e-02 1.941362909187246188e+01 -1.060114846607241589e+03 -1.040701217515369081e+03
5.500000000000000000e+02 2.998209504803283494e+02 1.724364285585244100e-02 1.933867301372653813e+01 -1.060057289479422479e+03 -1.040718616465695959e+03
6.000000000000000000e+02 3.006464813434401435e+02 1.720499358623821945e-02 1.939192036485020765e+01 -1.060171435276647117e+03 -1.040779514911796923e+03
6.500000000000000000e+02 2.860299301837288795e+02 1.777514838495529090e-02 1.844914200658932657e+01 -1.059106798466105829e+03 -1.040657656459516602e+03
7.000000000000000000e+02 3.125038795020062707e+02 1.670089354928434161e-02 2.015673131423421083e+01 -1.060905778375815999e+03 -1.040749047061581678e+03
7.500000000000000000e+02 2.822483706471844584e+02 1.797526047623381959e-02 1.820522862014313503e+01 -1.058875936036181201e+03 -1.040670707416038113e+03
8.000000000000000000e+02 2.984061946832774765e+02 1.724928930010157305e-02 1.924742021865131392e+01 -1.060013885770296611e+03 -1.040766465551645297e+03
8.500000000000000000e+02 3.087420776558287230e+02 1.678549732786145318e-02 1.991409231342684905e+01 -1.060880736658449223e+03 -1.040966644345022360e+03
9.000000000000000000e+02 2.934299982258728505e+02 1.749026885994545838e-02 1.892645186741487606e+01 -1.059758194113745958e+03 -1.040831742246331032e+03
9.500000000000000000e+02 2.903463953060521590e+02 1.762521971321444683e-02 1.872755719886336223e+01 -1.059337396390446429e+03 -1.040609839191582978e+03
1.000000000000000000e+03 3.038352055877899147e+02 1.703416919120547685e-02 1.959759543656761593e+01 -1.060311863674310871e+03 -1.040714268237743227e+03
1.050000000000000000e+03 2.984645003519200941e+02 1.729999004118499759e-02 1.925118097739389000e+01 -1.059995894481610094e+03 -1.040744713504216179e+03
1.100000000000000000e+03 2.960331310045060604e+02 1.733364596287881310e-02 1.909435585656790835e+01 -1.059882589573867790e+03 -1.040788233717299818e+03
1.150000000000000000e+03 2.911059726721614993e+02 1.755805212067186247e-02 1.877655050065992626e+01 -1.059573481634329028e+03 -1.040796931133669204e+03
1.200000000000000000e+03 3.012053478751099647e+02 1.715173408592865142e-02 1.942796766940635678e+01 -1.060298879070494195e+03 -1.040870911401087824e+03
1.250000000000000000e+03 2.893331566960870873e+02 1.756684631041265099e-02 1.866220255926394245e+01 -1.059428684506128775e+03 -1.040766481946864815e+03
1.300000000000000000e+03 3.010469338917959021e+02 1.721356869280830579e-02 1.941774985034066248e+01 -1.060184231587049680e+03 -1.040766481736709011e+03
1.350000000000000000e+03 2.873796798866987956e+02 1.771734916758065104e-02 1.853620186052645735e+01 -1.059176479581961530e+03 -1.040640277721435041e+03
1.400000000000000000e+03 3.121587549948434344e+02 1.672966939261043631e-02 2.013447052831396888e+01 -1.060826968241041186e+03 -1.040692497712727118e+03
1.450000000000000000e+03 2.853022785697169184e+02 1.776752569638562207e-02 1.840220793941108468e+01 -1.059181728334872105e+03 -1.040779520395461077e+03
1.500000000000000000e+03 3.037382880655430313e+02 1.702847025520301885e-02 1.959134418471536776e+01 -1.060457911693925325e+03 -1.040866567509209972e+03
1.550000000000000000e+03 3.099694156324605956e+02 1.675229175131401349e-02 1.999325652049572355e+01 -1.060859820787545459e+03 -1.040866564267049625e+03
1.600000000000000000e+03 2.786350050585596705e+02 1.808916438537215565e-02 1.797216386771166441e+01 -1.058577606208731368e+03 -1.040605442341019625e+03
1.650000000000000000e+03 3.046038501483992604e+02 1.699313235034203770e-02 1.964717357911432316e+01 -1.060387507242088077e+03 -1.040740333662973853e+03
1.700000000000000000e+03 2.927143322009779922e+02 1.744006093887966180e-02 1.888029087959763785e+01 -1.059751179301652883e+03 -1.040870888422055259e+03
1.750000000000000000e+03 3.098991367540693886e+02 1.673260339732050156e-02 1.998872348087057205e+01 -1.060937948053371429e+03 -1.040949224572500952e+03
1.800000000000000000e+03 2.814556845048938953e+02 1.797124795790212143e-02 1.815409977780002748e+01 -1.058807415935245672e+03 -1.040653316157445715e+03
1.850000000000000000e+03 3.001653757626851871e+02 1.715874271828938050e-02 1.936088869912973820e+01 -1.060201336980908081e+03 -1.040840448281778436e+03
1.900000000000000000e+03 3.057020600498545946e+02 1.688550357571666147e-02 1.971800892984834519e+01 -1.060567159469379476e+03 -1.040849150539531138e+03
1.950000000000000000e+03 2.928925604024003064e+02 1.753668234066656229e-02 1.889178673038327716e+01 -1.059453735109164199e+03 -1.040561948378780926e+03
2.000000000000000000e+03 2.931177590271936424e+02 1.747670709026900859e-02 1.890631220820943525e+01 -1.059533535692980195e+03 -1.040627223484770866e+03
2.050000000000000000e+03 3.003353477655036272e+02 1.712428233919217890e-02 1.937185201900024012e+01 -1.060177488001538904e+03 -1.040805635982538661e+03
2.100000000000000000e+03 2.918175666279198026e+02 1.753008266646467056e-02 1.882244883700669646e+01 -1.059628093092872405e+03 -1.040805644255865673e+03
2.150000000000000000e+03 2.859677086715138330e+02 1.776677862751574466e-02 1.844512867304068848e+01 -1.059172447491341245e+03 -1.040727318818300546e+03
2.200000000000000000e+03 2.965153737203307287e+02 1.732939867672643464e-02 1.912546086834124992e+01 -1.060022481458204538e+03 -1.040897020589863359e+03
2.250000000000000000e+03 3.043627979520430813e+02 1.699897808250903225e-02 1.963162553419916989e+01 -1.060472088072882570e+03 -1.040840462538683369e+03
2.300000000000000000e+03 2.965975865916317957e+02 1.728852924220968673e-02 1.913076365933388701e+01 -1.059771047645007002e+03 -1.040640283985673022e+03
2.350000000000000000e+03 3.056695773457561813e+02 1.696711834171210284e-02 1.971591377141410462e+01 -1.060604237276172171e+03 -1.040888323504758091e+03
2.400000000000000000e+03 2.702283887591618736e+02 1.842363686261293265e-02 1.742993089998386580e+01 -1.058152900704978265e+03 -1.040722969804994364e+03
2.450000000000000000e+03 3.233796431083308676e+02 1.620670370135894253e-02 2.085822610911212038e+01 -1.061877103511907308e+03 -1.041018877402795169e+03
2.500000000000000000e+03 2.839414581865021319e+02 1.782149683722646788e-02 1.831443401841175245e+01 -1.059002595268673531e+03 -1.040688161250261828e+03
2.550000000000000000e+03 2.979181170347798115e+02 1.729135521234664852e-02 1.921593884940582342e+01 -1.060012900809994562e+03 -1.040796961960588760e+03
2.600000000000000000e+03 2.989617896207453782e+02 1.724433689280564785e-02 1.928325650296219962e+01 -1.060019289321914584e+03 -1.040736032818952481e+03
2.650000000000000000e+03 2.999202958338676126e+02 1.719937373056557028e-02 1.934508086249244840e+01 -1.060098518107399286e+03 -1.040753437244906763e+03
2.700000000000000000e+03 2.991519005011588774e+02 1.717511497543581026e-02 1.929551879532962388e+01 -1.060205612636751766e+03 -1.040910093841422167e+03
2.750000000000000000e+03 2.928806963697207379e+02 1.748878484024493987e-02 1.889102149150238219e+01 -1.059687975423174294e+03 -1.040796953931671851e+03
2.800000000000000000e+03 3.004861301737640247e+02 1.722498762447274498e-02 1.938157759583167561e+01 -1.060169820644926631e+03 -1.040788243049094945e+03
2.850000000000000000e+03 2.982886002049150989e+02 1.721975545207206706e-02 1.923983528783968566e+01 -1.060080298634992005e+03 -1.040840463347152308e+03
2.900000000000000000e+03 2.940025145168130507e+02 1.751461036351213349e-02 1.896337959153751029e+01 -1.059621085864983570e+03 -1.040657706273446138e+03
2.950000000000000000e+03 2.929578126118200316e+02 1.751872989349526760e-02 1.889599554614271426e+01 -1.059523240016440695e+03 -1.040627244470297910e+03
3.000000000000000000e+03 2.985631222570506793e+02 1.729918500199495099e-02 1.925754216320246925e+01 -1.059932642882352411e+03 -1.040675100719149896e+03
3.050000000000000000e+03 3.054057849991822877e+02 1.698262773080076726e-02 1.969889896999431045e+01 -1.060643792941382344e+03 -1.040944893971387955e+03
3.100000000000000000e+03 2.943288328437615746e+02 1.739957131894598330e-02 1.898442736492737737e+01 -1.059885807875362843e+03 -1.040901380510435501e+03
3.150000000000000000e+03 2.976374280260576484e+02 1.731296932577323575e-02 1.919783420078293901e+01 -1.060038282729755338e+03 -1.040840448528972502e+03
3.200000000000000000e+03 2.901318561313116220e+02 1.765082928784052207e-02 1.871371926344792413e+01 -1.059375754163859710e+03 -1.040662034900411754e+03
3.250000000000000000e+03 2.982749335682099172e+02 1.733171214398144394e-02 1.923895377966617204e+01 -1.059883583715491341e+03 -1.040644629935825151e+03
3.300000000000000000e+03 3.026097085443204833e+02 1.709395923978822632e-02 1.951854997104902267e+01 -1.060267605408819918e+03 -1.040749055437770949e+03
3.350000000000000000e+03 2.857678507892818516e+02 1.781477777553884187e-02 1.843223769184838545e+01 -1.059129078109594275e+03 -1.040696840417745989e+03
3.400000000000000000e+03 2.966788145718188048e+02 1.739900498113400654e-02 1.913600292412137094e+01 -1.059789317427995002e+03 -1.040653314503873617e+03
3.450000000000000000e+03 2.999288013915401052e+02 1.719188408837582158e-02 1.934562947725190440e+01 -1.060233934949915238e+03 -1.040888305472663433e+03
3.500000000000000000e+03 3.046841125075058017e+02 1.697017298089424989e-02 1.965235056062807573e+01 -1.060471040286810194e+03 -1.040818689726182129e+03
3.550000000000000000e+03 2.882682100908850202e+02 1.770670223217746600e-02 1.859351271573537190e+01 -1.059133689400874118e+03 -1.040540176685138704e+03
3.600000000000000000e+03 3.022336872067483000e+02 1.715670526394344475e-02 1.949429631672018814e+01 -1.060125842189508376e+03 -1.040631545872788138e+03
3.650000000000000000e+03 2.844508101701345026e+02 1.789575367890863106e-02 1.834728759800510289e+01 -1.058878745481510123e+03 -1.040531457883505027e+03
3.700000000000000000e+03 3.065181595572828428e+02 1.688039648095781414e-02 1.977064795155624921e+01 -1.060702452033727923e+03 -1.040931804082171766e+03
3.750000000000000000e+03 2.967672045548480355e+02 1.731004710651354306e-02 1.914170414338824600e+01 -1.060003888806326131e+03 -1.040862184662937807e+03
3.800000000000000000e+03 2.968008013436310080e+02 1.741485036151094873e-02 1.914387116110846776e+01 -1.059718847161423355e+03 -1.040574976000314791e+03
3.850000000000000000e+03 2.786986832899692672e+02 1.817603910969157327e-02 1.797627116072554543e+01 -1.058333669378778495e+03 -1.040357398218053049e+03
3.900000000000000000e+03 3.178105463311427457e+02 1.649847396250932186e-02 2.049901524881933668e+01 -1.061174080068599778e+03 -1.040675064819780346e+03
3.950000000000000000e+03 2.851846385600219378e+02 1.778788122679256928e-02 1.839462007179483294e+01 -1.059034851519013955e+03 -1.040640231447219094e+03
4.000000000000000000e+03 2.970134550511089060e+02 1.736255257356789095e-02 1.915758748249122689e+01 -1.059780421541738860e+03 -1.040622834059247680e+03
4.050000000000000000e+03 3.041192125810630387e+02 1.708808098432437403e-02 1.961591409764757543e+01 -1.060299669872617642e+03 -1.040683755774969995e+03
4.100000000000000000e+03 3.063496261945503534e+02 1.689770870383750651e-02 1.975977742503511791e+01 -1.060648056568398715e+03 -1.040888279143363661e+03
4.150000000000000000e+03 2.902700887443656939e+02 1.765213027675267138e-02 1.872263536920838689e+01 -1.059254075138294183e+03 -1.040531439769085864e+03
4.200000000000000000e+03 2.951732556716389695e+02 1.743503011591528845e-02 1.903889326174841301e+01 -1.059565972660953776e+03 -1.040527079399205377e+03
4.250000000000000000e+03 3.021466289586545599e+02 1.714908785195732449e-02 1.948868099534142928e+01 -1.060094091380969985e+03 -1.040605410385628602e+03
4.300000000000000000e+03 2.900013060753303762e+02 1.764811132316784076e-02 1.870529868829965636e+01 -1.059197568238422718e+03 -1.040492269550122955e+03
4.350000000000000000e+03 3.001767511765808081e+02 1.717137013565842724e-02 1.936162242173774928e+01 -1.060149794597375603e+03 -1.040788172175637783e+03
4.400000000000000000e+03 2.978961435126482797e+02 1.725500557499197452e-02 1.921452154097963927e+01 -1.060050572613357872e+03 -1.040836051072378268e+03
4.450000000000000000e+03 2.942559610650379227e+02 1.749412453275408369e-02 1.897972708131341335e+01 -1.059480726760021071e+03 -1.040500999678707558e+03
4.500000000000000000e+03 3.012680061902964894e+02 1.712447019953230662e-02 1.943200917706965214e+01 -1.060102723915107163e+03 -1.040670714738037532e+03
4.550000000000000000e+03 2.948313157584864257e+02 1.741845135101250525e-02 1.901683788449674140e+01 -1.059731046909734232e+03 -1.040714209025237551e+03
4.600000000000000000e+03 2.816511822848634097e+02 1.799572904568502371e-02 1.816670952917224824e+01 -1.058571963451695183e+03 -1.040405253922522888e+03
4.650000000000000000e+03 3.079221818393658054e+02 1.689070206288269954e-02 1.986120842697896194e+01 -1.060527550172995007e+03 -1.040666341746016087e+03
4.700000000000000000e+03 2.889680142283961004e+02 1.765726535063774291e-02 1.863865060008701136e+01 -1.059300633469018294e+03 -1.040661982868931318e+03
4.750000000000000000e+03 2.983542428820770169e+02 1.723596404103628840e-02 1.924406928905723291e+01 -1.059966977283482265e+03 -1.040722907994424986e+03
4.800000000000000000e+03 2.996428119074748224e+02 1.722435075465846704e-02 1.932718294404986281e+01 -1.059950012939228827e+03 -1.040622829995179018e+03
4.850000000000000000e+03 3.107000589108869804e+02 1.675841684838211623e-02 2.004038355224093237e+01 -1.060732852964251606e+03 -1.040692469412010723e+03
4.900000000000000000e+03 2.908728262610744082e+02 1.760157095054568077e-02 1.876151238474069771e+01 -1.059323435099324797e+03 -1.040561922714584171e+03
4.950000000000000000e+03 3.000476138153197212e+02 1.718121079276800287e-02 1.935329296644357200e+01 -1.060119747550126249e+03 -1.040766454583682616e+03
5.000000000000000000e+03 2.994045480220825084e+02 1.722104761256363151e-02 1.931181474725374159e+01 -1.060091335246805102e+03 -1.040779520499551381e+03
5.050000000000000000e+03 2.998681582508671113e+02 1.727401719887246626e-02 1.934171794983488368e+01 -1.059894936604496024e+03 -1.040553218654661123e+03
5.100000000000000000e+03 2.944894147999846155e+02 1.745316018591561505e-02 1.899478501984884460e+01 -1.059626332563476581e+03 -1.040631547543627676e+03
5.150000000000000000e+03 3.053424597890974042e+02 1.696202164248634611e-02 1.969481444711692575e+01 -1.060517826828115631e+03 -1.040823012380998762e+03
5.200000000000000000e+03 2.968803046564274268e+02 1.740580905521717583e-02 1.914899918357392750e+01 -1.059750086554098289e+03 -1.040601087370524283e+03
5.250000000000000000e+03 3.007493429135010956e+02 1.715893337085480294e-02 1.939855501218189104e+01 -1.060151950635638741e+03 -1.040753395623456754e+03
5.300000000000000000e+03 2.890776373478618098e+02 1.772073594890317960e-02 1.864572137235524707e+01 -1.059381700488732804e+03 -1.040735979116377621e+03
5.350000000000000000e+03 2.994689763891137204e+02 1.722030241051114921e-02 1.931597042456991531e+01 -1.060073716595152746e+03 -1.040757746170582777e+03
5.400000000000000000e+03 3.086030703535713542e+02 1.680190965366717276e-02 1.990512623963991246e+01 -1.060702061732500397e+03 -1.040796935492860484e+03
5.450000000000000000e+03 2.990499837769880855e+02 1.722028693351314657e-02 1.928894509125653656e+01 -1.060133745411736072e+03 -1.040844800320479635e+03
5.500000000000000000e+03 2.926824184013705121e+02 1.750783202511999037e-02 1.887823241592374757e+01 -1.059736065527331903e+03 -1.040857833111408127e+03
5.550000000000000000e+03 2.893333880499855013e+02 1.769134636766094698e-02 1.866221748176146633e+01 -1.059315517637993480e+03 -1.040653300156232035e+03
5.600000000000000000e+03 2.985582710268037090e+02 1.725022909814368649e-02 1.925722925526421392e+01 -1.060045439768646020e+03 -1.040788210513381728e+03
5.650000000000000000e+03 3.073992053580691959e+02 1.689705477759993746e-02 1.982747605721139905e+01 -1.060702733667882740e+03 -1.040875257610671270e+03
5.700000000000000000e+03 2.863834188790363555e+02 1.778770005515342006e-02 1.847194228882993627e+01 -1.059151378064936807e+03 -1.040679435776106857e+03
5.750000000000000000e+03 3.029096389472018132e+02 1.704747078003185715e-02 1.953789570382355123e+01 -1.060378342928979464e+03 -1.040840447225155913e+03
5.800000000000000000e+03 3.005210611365070008e+02 1.716155744916228465e-02 1.938383066875889682e+01 -1.060215577660210101e+03 -1.040831746991451155e+03
5.850000000000000000e+03 2.868406547812205076e+02 1.775621713191201378e-02 1.850143434263174669e+01 -1.059180883995015847e+03 -1.040679449652384164e+03
5.900000000000000000e+03 3.055037762644957411e+02 1.697957319294285047e-02 1.970521947906835081e+01 -1.060589207432784406e+03 -1.040883987953716087e+03
5.950000000000000000e+03 3.058466771080280182e+02 1.692995415047424124e-02 1.972733683704009522e+01 -1.060602624989513288e+03 -1.040875288152473104e+03
6.000000000000000000e+03 2.916804789755582306e+02 1.758674416121627782e-02 1.881360658205755954e+01 -1.059336433435935533e+03 -1.040522826853878087e+03
6.050000000000000000e+03 3.011906731540448163e+02 1.716676285741045721e-02 1.942702113904617889e+01 -1.060119573688755281e+03 -1.040692552549709035e+03
6.100000000000000000e+03 2.850849896928827434e+02 1.784127119781055495e-02 1.838819264617729132e+01 -1.059006760967980654e+03 -1.040618568321803423e+03
6.150000000000000000e+03 3.080851895728541194e+02 1.685284469807069030e-02 1.987172254632782398e+01 -1.060633913097403820e+03 -1.040762190551075946e+03
6.200000000000000000e+03 3.006870050423045200e+02 1.714570745300138602e-02 1.939453417339290553e+01 -1.060152361052175365e+03 -1.040757826878782453e+03
6.250000000000000000e+03 2.957201346845032504e+02 1.740975346554791275e-02 1.907416736247722966e+01 -1.059662263503011673e+03 -1.040588096140534390e+03
6.300000000000000000e+03 2.934892495057002293e+02 1.747567280738002854e-02 1.893027361877811643e+01 -1.059561887546447679e+03 -1.040631613927669605e+03
6.350000000000000000e+03 2.975142810460561122e+02 1.730712477654509224e-02 1.918989112950969300e+01 -1.059821499310842910e+03 -1.040631608181333149e+03
6.400000000000000000e+03 3.041068274543013672e+02 1.704580069951179208e-02 1.961511524781305127e+01 -1.060342454217111026e+03 -1.040727338969297989e+03
6.450000000000000000e+03 2.877748451379434300e+02 1.772858898815726780e-02 1.856169031144345993e+01 -1.059210693920480935e+03 -1.040649003609037436e+03
6.500000000000000000e+03 2.966662640250999061e+02 1.739960263892031608e-02 1.913519340457728646e+01 -1.059845127155726232e+03 -1.040709933751149038e+03
6.550000000000000000e+03 3.028639538075505016e+02 1.704164098786509207e-02 1.953494897853338230e+01 -1.060375426412105071e+03 -1.040840477433571778e+03
6.600000000000000000e+03 2.993528089281645634e+02 1.721560645160427269e-02 1.930847753743667283e+01 -1.060114145866202534e+03 -1.040805668328765933e+03
6.650000000000000000e+03 2.905604798967681290e+02 1.758470187305979232e-02 1.874136581327306317e+01 -1.059555722161823951e+03 -1.040814356348550973e+03
6.700000000000000000e+03 3.011104918784485562e+02 1.714570939066094660e-02 1.942184938747880096e+01 -1.060231854178286540e+03 -1.040810004790807852e+03
6.750000000000000000e+03 2.954069048546829777e+02 1.740599521034005837e-02 1.905396380683064805e+01 -1.059724707458911098e+03 -1.040670743652080546e+03
6.800000000000000000e+03 3.035772951418909429e+02 1.699206465957832715e-02 1.958096002209082798e+01 -1.060512810667143185e+03 -1.040931850645052464e+03
6.850000000000000000e+03 2.842265934588955361e+02 1.783502714159987748e-02 1.833282545432929567e+01 -1.059195030362706575e+03 -1.040862204908377180e+03
6.900000000000000000e+03 3.033870335086730279e+02 1.708013195380893995e-02 1.956868800605604264e+01 -1.060426557268910301e+03 -1.040857869262854365e+03
6.950000000000000000e+03 3.018135461164679327e+02 1.710444963719685504e-02 1.946719690571656969e+01 -1.060229335956606064e+03 -1.040762139050889573e+03
7.000000000000000000e+03 2.949617989490839136e+02 1.742734739687265555e-02 1.902525414677831250e+01 -1.059774335307422007e+03 -1.040749081160643755e+03
7.050000000000000000e+03 2.891635503113030268e+02 1.764913660367345427e-02 1.865126282202701802e+01 -1.059426458668641317e+03 -1.040775195846614224e+03
7.100000000000000000e+03 3.019964746538051941e+02 1.709440170678198229e-02 1.947899593164446586e+01 -1.060284664995947423e+03 -1.040805669064302947e+03
7.150000000000000000e+03 3.021395085323058538e+02 1.709810914131005069e-02 1.948822172257661478e+01 -1.060306952449445816e+03 -1.040818730726869262e+03
7.200000000000000000e+03 2.926285043770263314e+02 1.748973307509915642e-02 1.887475492148589851e+01 -1.059667362967626332e+03 -1.040792608046140458e+03
7.250000000000000000e+03 3.002963389141491461e+02 1.719855734573465939e-02 1.936933591924211129e+01 -1.060266365755321203e+03 -1.040897029836079128e+03
7.300000000000000000e+03 2.915553016671118485e+02 1.759440863818891726e-02 1.880553255309826000e+01 -1.059454514705031443e+03 -1.040648982151933069e+03
7.350000000000000000e+03 3.056725472913796011e+02 1.695353602993687411e-02 1.971610533510299135e+01 -1.060608778940999173e+03 -1.040892673605896107e+03
7.400000000000000000e+03 2.964096874447834011e+02 1.732483016371383355e-02 1.911864402541691632e+01 -1.059911232816155689e+03 -1.040792588790738819e+03
7.450000000000000000e+03 2.957950568907879187e+02 1.740731752697601345e-02 1.907899990018509939e+01 -1.059823707677889843e+03 -1.040744707777704662e+03
7.500000000000000000e+03 2.992628391105899937e+02 1.723229412562387458e-02 1.930267441767338710e+01 -1.060038681606189357e+03 -1.040736007188515941e+03
7.550000000000000000e+03 3.040773207090334722e+02 1.704616388599843047e-02 1.961321204092400450e+01 -1.060418843781436863e+03 -1.040805631740512808e+03
7.600000000000000000e+03 2.944780891998357220e+02 1.743581144373236580e-02 1.899405451026433056e+01 -1.059830134792501667e+03 -1.040836080282237390e+03
7.650000000000000000e+03 2.927069471995945378e+02 1.751090448829820123e-02 1.887981454154743943e+01 -1.059498334358509510e+03 -1.040618519816962134e+03
7.700000000000000000e+03 2.976120183782645654e+02 1.734698576274867204e-02 1.919619525971068796e+01 -1.059875638543744117e+03 -1.040679443284033368e+03
7.750000000000000000e+03 2.914541135260209330e+02 1.754687903253824080e-02 1.879900584317258705e+01 -1.059517619255184400e+03 -1.040718613412011791e+03
7.800000000000000000e+03 3.001751561235519716e+02 1.719217131699893666e-02 1.936151953963790007e+01 -1.060128008310967516e+03 -1.040766488771329705e+03
7.850000000000000000e+03 3.095628901105504269e+02 1.673377051953512523e-02 1.996703532372024981e+01 -1.060942399543966985e+03 -1.040975364220246774e+03
7.900000000000000000e+03 2.960397590304002051e+02 1.735680869255307873e-02 1.909478336913928942e+01 -1.059904784013876906e+03 -1.040810000644737556e+03
7.950000000000000000e+03 3.014719471242316331e+02 1.718381279312462123e-02 1.944516351811609312e+01 -1.060076726252381150e+03 -1.040631562734265117e+03
8.000000000000000000e+03 2.790148438513544420e+02 1.806859674289045328e-02 1.799666375072524005e+01 -1.058558592764343757e+03 -1.040561929013618510e+03
8.050000000000000000e+03 3.137286476463165172e+02 1.662810616695671942e-02 2.023572976521803568e+01 -1.061010904718171332e+03 -1.040775174952953193e+03
8.100000000000000000e+03 2.926259240858559565e+02 1.756859958072963523e-02 1.887458849079736822e+01 -1.059310357107186746e+03 -1.040435768616389396e+03
8.150000000000000000e+03 2.919135554680980817e+02 1.755356047966244101e-02 1.882864018817879170e+01 -1.059473287426997558e+03 -1.040644647238818834e+03
8.200000000000000000e+03 3.111854698507358421e+02 1.668018744989245225e-02 2.007169291680663292e+01 -1.061003554320761168e+03 -1.040931861403954599e+03
8.250000000000000000e+03 2.918966013785586711e+02 1.750096695321180090e-02 1.882754663686650787e+01 -1.059546179304007183e+03 -1.040718632667140582e+03
8.300000000000000000e+03 2.985501563616915064e+02 1.732484919072160845e-02 1.925670585336395035e+01 -1.059805631048686109e+03 -1.040548925195322227e+03
8.350000000000000000e+03 2.899322463673939865e+02 1.767258242290551881e-02 1.870084428607037097e+01 -1.059306340694274240e+03 -1.040605496408203862e+03
8.400000000000000000e+03 3.088318634710686297e+02 1.681979076042039445e-02 1.991988356490348266e+01 -1.060655917703761361e+03 -1.040736034138857804e+03
8.450000000000000000e+03 2.850198845656987601e+02 1.781093666634381983e-02 1.838399331733082320e+01 -1.059002518935040598e+03 -1.040618525617709793e+03
8.500000000000000000e+03 3.019972801018665223e+02 1.709351035456466508e-02 1.947904788364002471e+01 -1.060332573280445104e+03 -1.040853525396805026e+03
8.550000000000000000e+03 2.949520513578819418e+02 1.740980493078984892e-02 1.902462541993776313e+01 -1.059717136184817946e+03 -1.040692510764880126e+03
8.600000000000000000e+03 2.904132572189158736e+02 1.760373032405667879e-02 1.873186984168525981e+01 -1.059302548433635820e+03 -1.040570678591950582e+03
8.650000000000000000e+03 3.042859381926355127e+02 1.700145782192725649e-02 1.962666802288211088e+01 -1.060371424300488343e+03 -1.040744756277606257e+03
8.700000000000000000e+03 2.961405796774390637e+02 1.741432489838024011e-02 1.910128637542685226e+01 -1.059615403789070115e+03 -1.040514117413643362e+03
8.750000000000000000e+03 2.919468994294060167e+02 1.754848267983532412e-02 1.883079089833991659e+01 -1.059418886264743605e+03 -1.040588095366403650e+03
8.800000000000000000e+03 3.050632893721919459e+02 1.697548353621247327e-02 1.967680774878916949e+01 -1.060586916397589448e+03 -1.040910108648800360e+03
8.850000000000000000e+03 2.934415177927971285e+02 1.742373146358265970e-02 1.892719488799983196e+01 -1.059754617720206625e+03 -1.040827422832206821e+03
8.900000000000000000e+03 3.037064400148593108e+02 1.703484829503855089e-02 1.958928996189568039e+01 -1.060364507275086680e+03 -1.040775217313190979e+03
8.950000000000000000e+03 3.000201998332314020e+02 1.719534494496000737e-02 1.935152474432713632e+01 -1.060013604778953550e+03 -1.040662080034626342e+03
9.000000000000000000e+03 3.035997659755059885e+02 1.701600074333473045e-02 1.958240940747544201e+01 -1.060375029957652259e+03 -1.040792620550176707e+03
9.050000000000000000e+03 2.853559361390446156e+02 1.786406127735912577e-02 1.840566889231073233e+01 -1.058932840470276687e+03 -1.040527171577965873e+03
9.100000000000000000e+03 2.937411867524918421e+02 1.749097168915510550e-02 1.894652375749549478e+01 -1.059447586902523199e+03 -1.040501063145027729e+03
9.150000000000000000e+03 3.134811100509952553e+02 1.661284174537091055e-02 2.021976340727389143e+01 -1.061099435798148534e+03 -1.040879672390874703e+03
9.200000000000000000e+03 2.935168247015181464e+02 1.745909577148992142e-02 1.893205223929932401e+01 -1.059507104662543043e+03 -1.040575052423243733e+03
9.250000000000000000e+03 3.046384778688675397e+02 1.697420414880173103e-02 1.964940709269059127e+01 -1.060363707057147394e+03 -1.040714299964456814e+03
9.300000000000000000e+03 2.840937090877566789e+02 1.787354931235445379e-02 1.832425431412721295e+01 -1.058847079683860784e+03 -1.040522825369733482e+03
9.350000000000000000e+03 2.951894319936521356e+02 1.743957207776350438e-02 1.903993664648012185e+01 -1.059575836226220872e+03 -1.040535899579740772e+03
9.400000000000000000e+03 3.027749912096985554e+02 1.705046282610595682e-02 1.952921082518701112e+01 -1.060139086331729231e+03 -1.040609875506542267e+03
9.450000000000000000e+03 3.007157129143996031e+02 1.715466108504647841e-02 1.939638585237156576e+01 -1.060093284657696358e+03 -1.040696898805324736e+03
9.500000000000000000e+03 2.958083219050903381e+02 1.737681792655743421e-02 1.907985550341664904e+01 -1.059855071120283355e+03 -1.040775215616866717e+03
9.550000000000000000e+03 2.872919941156311552e+02 1.778853864337354151e-02 1.853054606345184752e+01 -1.058988104203797775e+03 -1.040457558140346009e+03
9.600000000000000000e+03 3.118316378096085941e+02 1.668688337692222218e-02 2.011337122797390720e+01 -1.060966930991068921e+03 -1.040853559763095063e+03
9.650000000000000000e+03 3.013708674231565396e+02 1.708006564067901523e-02 1.943864380265162950e+01 -1.060218231493517806e+03 -1.040779587690866265e+03
9.700000000000000000e+03 2.967459786575235512e+02 1.732229105871565047e-02 1.914033505731496376e+01 -1.059819839917569880e+03 -1.040679504860254838e+03
9.750000000000000000e+03 2.970831138740780943e+02 1.737959953604686567e-02 1.916208052808314832e+01 -1.059793730390178553e+03 -1.040631649862095401e+03
9.800000000000000000e+03 2.941727872812967917e+02 1.746566937669583389e-02 1.897436231075782942e+01 -1.059592952211571628e+03 -1.040618589900813731e+03
9.850000000000000000e+03 3.057513763307161412e+02 1.693384883409321598e-02 1.972118986643168270e+01 -1.060526898987059667e+03 -1.040805709120628080e+03
9.900000000000000000e+03 2.867062898313005235e+02 1.779181567833007169e-02 1.849276770400344105e+01 -1.059111354716050982e+03 -1.040618587012047556e+03
9.950000000000000000e+03 3.088926235486686096e+02 1.684931175171204554e-02 1.992380263483876490e+01 -1.060659895404725603e+03 -1.040736092769886909e+03
1.000000000000000000e+04 2.895072717864120477e+02 1.764059689830320410e-02 1.867343311134229111e+01 -1.059296381730420308e+03 -1.040622948619077988e+03
