# time_fs vacf
0.000000000000000000e+00 6.955989102356689430e-06
5.000000000000000000e+01 -1.284513263232151703e-06
1.000000000000000000e+02 -3.245681482461416605e-06
1.500000000000000000e+02 7.300568648364265266e-07
2.000000000000000000e+02 -1.476976248078701566e-07
2.500000000000000000e+02 1.043749083272729913e-06
3.000000000000000000e+02 -6.917669786659060185e-07
3.500000000000000000e+02 -1.899018352648877290e-07
4.000000000000000000e+02 5.467247426536680946e-07
4.500000000000000000e+02 -6.208982287547330231e-07
5.000000000000000000e+02 5.371180655140289354e-07
5.500000000000000000e+02 -2.602212459568922205e-07
6.000000000000000000e+02 -1.412202049534995778e-07
6.500000000000000000e+02 3.634833651361565761e-07
7.000000000000000000e+02 9.888058744351443630e-09
7.500000000000000000e+02 3.263639192006118596e-07
8.000000000000000000e+02 -4.146862523174105879e-07
8.500000000000000000e+02 -3.761180874966468148e-07
9.000000000000000000e+02 1.531749542040295496e-07
9.500000000000000000e+02 5.424681651965390933e-07
1.000000000000000000e+03 2.208063835048192868e-07
1.050000000000000000e+03 -9.005271357721513844e-07
1.100000000000000000e+03 -3.382650576646757933e-07
1.150000000000000000e+03 3.493506095258966317e-07
1.200000000000000000e+03 4.547122399679141795e-07
1.250000000000000000e+03 1.527649957675545622e-07
1.300000000000000000e+03 -5.121954665794312158e-07
1.350000000000000000e+03 4.397554122233555423e-07
1.400000000000000000e+03 2.224536740138190480e-07
1.450000000000000000e+03 -5.649577209239012259e-07
1.500000000000000000e+03 1.516584238140921202e-07
1.550000000000000000e+03 -1.689338841723057965e-07
1.600000000000000000e+03 9.692998005283799663e-08
1.650000000000000000e+03 1.172155306206403349e-07
1.700000000000000000e+03 -3.580468596208860505e-07
1.750000000000000000e+03 4.406009049343420445e-07
1.800000000000000000e+03 -2.744770948199997321e-07
1.850000000000000000e+03 -1.858318824988964914e-07
1.900000000000000000e+03 6.039577556025367005e-07
1.950000000000000000e+03 -2.889739744804730757e-07
2.000000000000000000e+03 -8.340398383604180948e-08
2.050000000000000000e+03 1.696917857574461066e-07
2.100000000000000000e+03 -4.383480330704663445e-09
2.150000000000000000e+03 -1.524289517399638556e-08
2.200000000000000000e+03 -1.574551746566587440e-07
2.250000000000000000e+03 2.588718355281602215e-07
2.300000000000000000e+03 -2.243740763958926173e-07
2.350000000000000000e+03 -2.483026058860592953e-07
2.400000000000000000e+03 3.744065031550064429e-07
2.450000000000000000e+03 -1.230284745967665880e-07
2.500000000000000000e+03 -7.228993953500758025e-08
2.550000000000000000e+03 6.707285989426652114e-08
2.600000000000000000e+03 -1.271044164907375358e-07
2.650000000000000000e+03 1.776366274747420232e-07
2.700000000000000000e+03 3.698546332934583937e-07
2.750000000000000000e+03 -1.589707698231622456e-07
2.800000000000000000e+03 -5.253925303644301956e-07
2.850000000000000000e+03 4.472268154682427272e-07
2.900000000000000000e+03 4.415042284996734844e-07
2.950000000000000000e+03 -7.438387497312783086e-07
3.000000000000000000e+03 -4.914480434660637508e-07
3.050000000000000000e+03 3.378128811540245247e-07
3.100000000000000000e+03 4.393904458221507112e-07
3.150000000000000000e+03 1.479007749395869895e-07
3.200000000000000000e+03 -1.928696893488824313e-07
3.250000000000000000e+03 -2.215472898903797075e-07
3.300000000000000000e+03 3.798180786854292900e-08
3.350000000000000000e+03 1.656243249300177299e-07
3.400000000000000000e+03 2.350512668839051553e-07
3.450000000000000000e+03 -4.253295184220964588e-08
3.500000000000000000e+03 -2.956088947279422287e-07
3.550000000000000000e+03 -1.680197479864338979e-07
3.600000000000000000e+03 1.422620670086155544e-07
3.650000000000000000e+03 3.162431703435220364e-07
3.700000000000000000e+03 -6.188705193651397162e-07
3.750000000000000000e+03 -1.768606773838523866e-07
3.800000000000000000e+03 1.032721915183419754e-06
3.850000000000000000e+03 -2.211548723446027910e-07
3.900000000000000000e+03 -5.820751144093534930e-07
3.950000000000000000e+03 1.776809410396161403e-07
4.000000000000000000e+03 2.649929605491208021e-07
4.050000000000000000e+03 2.024764347410823393e-07
4.100000000000000000e+03 -1.169040985715424135e-07
4.150000000000000000e+03 -3.145928058135386414e-08
4.200000000000000000e+03 -2.837397700076479509e-07
4.250000000000000000e+03 -2.385132346644391284e-07
4.300000000000000000e+03 1.468243116841579165e-07
4.350000000000000000e+03 1.806058444934121958e-08
4.400000000000000000e+03 3.166038783978018783e-07
4.450000000000000000e+03 -9.909265159217971614e-08
4.500000000000000000e+03 -2.648317229299327196e-07
4.550000000000000000e+03 3.738828271794850057e-07
4.600000000000000000e+03 1.300710839486611618e-07
4.650000000000000000e+03 -1.385082891193656578e-07
4.700000000000000000e+03 -1.791671229297277926e-07
4.750000000000000000e+03 7.343407203379665838e-08
4.800000000000000000e+03 7.687352515106271602e-08
4.850000000000000000e+03 -3.502871626127418578e-07
4.900000000000000000e+03 9.473794367247641343e-08
4.950000000000000000e+03 1.865322208787969438e-07
5.000000000000000000e+03 -8.877812559537076934e-08
5.050000000000000000e+03 9.762843895099314538e-08
5.100000000000000000e+03 -1.299775676002429814e-07
5.150000000000000000e+03 -9.171202658555802818e-08
5.200000000000000000e+03 2.250587694839298409e-07
5.250000000000000000e+03 1.541162886874582804e-07
5.300000000000000000e+03 -4.780823841434982032e-08
5.350000000000000000e+03 -2.900350664918813141e-07
5.400000000000000000e+03 1.145473352758371768e-07
5.450000000000000000e+03 3.089137373406792270e-07
5.500000000000000000e+03 -2.504090649994489786e-07
5.550000000000000000e+03 -9.245239863864915811e-08
5.600000000000000000e+03 -8.736319742663393813e-08
5.650000000000000000e+03 -2.825303491991881866e-07
5.700000000000000000e+03 2.405803037316903945e-07
5.750000000000000000e+03 3.600340755873770492e-07
5.800000000000000000e+03 -6.830966754558796747e-08
5.850000000000000000e+03 -1.127472213009811716e-07
5.900000000000000000e+03 2.522636832482153056e-07
5.950000000000000000e+03 -9.368489176859499292e-08
6.000000000000000000e+03 -2.840690705890871056e-07
6.050000000000000000e+03 1.789139914687227050e-07
6.100000000000000000e+03 -1.678318381311821746e-07
6.150000000000000000e+03 -5.252239119586005802e-08
6.200000000000000000e+03 3.718595790795522267e-07
6.250000000000000000e+03 -9.634028270033816157e-08
6.300000000000000000e+03 -2.564292673446762502e-07
6.350000000000000000e+03 -1.202593427018004282e-07
6.400000000000000000e+03 1.564576804721367614e-07
6.450000000000000000e+03 2.544064865519191225e-07
6.500000000000000000e+03 -9.044851264528966547e-08
6.550000000000000000e+03 -1.004216730387919939e-07
6.600000000000000000e+03 7.195690462889580746e-08
6.650000000000000000e+03 2.412907653677951865e-07
6.700000000000000000e+03 6.546603851932162165e-08
6.750000000000000000e+03 -4.270601522728136250e-07
6.800000000000000000e+03 -1.970989566457511674e-07
6.850000000000000000e+03 2.881801082684117692e-07
6.900000000000000000e+03 -4.496643507330893321e-09
6.950000000000000000e+03 -1.995879676672147740e-07
7.000000000000000000e+03 1.025337503227149636e-07
7.050000000000000000e+03 2.695962941206076535e-08
7.100000000000000000e+03 1.160370764165516457e-07
7.150000000000000000e+03 2.919486295826298328e-07
7.200000000000000000e+03 -1.726445679210834918e-07
7.250000000000000000e+03 -2.574045218320499442e-07
7.300000000000000000e+03 8.298830772970458075e-08
7.350000000000000000e+03 6.140167971210506860e-08
7.400000000000000000e+03 -3.184870548311223423e-08
7.450000000000000000e+03 1.156455364284126844e-08
7.500000000000000000e+03 -4.120163117102818650e-08
7.550000000000000000e+03 -4.469095260907828843e-08
7.600000000000000000e+03 2.237047757644300575e-08
7.650000000000000000e+03 -1.086110092070346105e-07
7.700000000000000000e+03 -3.759737690373826590e-08
7.750000000000000000e+03 1.532468369698358201e-07
7.800000000000000000e+03 1.386260549967883432e-07
7.850000000000000000e+03 1.556374657871286583e-07
7.900000000000000000e+03 4.416037320514281800e-09
7.950000000000000000e+03 -2.220103297241162539e-07
8.000000000000000000e+03 -2.002343900687734936e-07
8.050000000000000000e+03 1.050793585380426064e-08
8.100000000000000000e+03 2.042705313019526171e-07
8.150000000000000000e+03 7.485867396237052573e-08
8.200000000000000000e+03 -2.365406559338965660e-07
8.250000000000000000e+03 -1.726736141925355165e-07
8.300000000000000000e+03 2.233911781173341559e-07
8.350000000000000000e+03 5.864489100307933703e-08
8.400000000000000000e+03 4.703330544443954695e-08
8.450000000000000000e+03 9.934840011141257860e-08
8.500000000000000000e+03 -2.401050685750520445e-07
8.550000000000000000e+03 1.949928804719901501e-07
8.600000000000000000e+03 2.212460461799883631e-07
8.650000000000000000e+03 -3.684180571800406701e-07
8.700000000000000000e+03 -1.759681330240757838e-07
8.750000000000000000e+03 3.165623465517333965e-07
8.800000000000000000e+03 5.421661576755791184e-08
8.850000000000000000e+03 -3.921456954895787190e-07
8.900000000000000000e+03 1.012335885561714544e-08
8.950000000000000000e+03 8.451784316810365666e-08
9.000000000000000000e+03 3.553566272856322621e-08
9.050000000000000000e+03 3.896404118684660529e-07
9.100000000000000000e+03 -8.987449315630912044e-08
9.150000000000000000e+03 -3.226219547635366287e-07
9.200000000000000000e+03 2.005656643330774386e-07
9.250000000000000000e+03 1.309951204144884271e-07
9.300000000000000000e+03 -2.262483572720485333e-07
9.350000000000000000e+03 2.978573528907553765e-08
9.400000000000000000e+03 1.119338782398687415e-07
9.450000000000000000e+03 -2.425192547183621021e-07
9.500000000000000000e+03 -5.355241738598319894e-08
9.550000000000000000e+03 8.862995221685911368e-08
9.600000000000000000e+03 -2.075734157133785252e-08
9.650000000000000000e+03 3.760749562896924116e-08
9.700000000000000000e+03 4.556415159126770467e-08
9.750000000000000000e+03 2.032541855811902646e-07
9.800000000000000000e+03 2.447290692521611404e-09
9.850000000000000000e+03 -1.193946691657617886e-07
9.900000000000000000e+03 1.040951553971162035e-07
9.950000000000000000e+03 -2.124739293900569330e-07
1.000000000000000000e+04 2.646779609606722870e-07
