# r_A g_r
1.583999999999999991e-02 0.000000000000000000e+00
4.751999999999999974e-02 0.000000000000000000e+00
7.919999999999999263e-02 0.000000000000000000e+00
1.108800000000000063e-01 0.000000000000000000e+00
1.425599999999999923e-01 0.000000000000000000e+00
1.742400000000000060e-01 0.000000000000000000e+00
2.059199999999999919e-01 0.000000000000000000e+00
2.376000000000000056e-01 0.000000000000000000e+00
2.692799999999999638e-01 0.000000000000000000e+00
3.009600000000000053e-01 0.000000000000000000e+00
3.326399999999999912e-01 0.000000000000000000e+00
3.643199999999999772e-01 0.000000000000000000e+00
3.960000000000000187e-01 0.000000000000000000e+00
4.276800000000000046e-01 0.000000000000000000e+00
4.593599999999999905e-01 0.000000000000000000e+00
4.910400000000000320e-01 0.000000000000000000e+00
5.227200000000000735e-01 0.000000000000000000e+00
5.544000000000000039e-01 0.000000000000000000e+00
5.860799999999999343e-01 0.000000000000000000e+00
6.177599999999999758e-01 0.000000000000000000e+00
6.494400000000000173e-01 0.000000000000000000e+00
6.811199999999999477e-01 0.000000000000000000e+00
7.127999999999999892e-01 0.000000000000000000e+00
7.444800000000000306e-01 0.000000000000000000e+00
7.761599999999999611e-01 0.000000000000000000e+00
8.078400000000000025e-01 0.000000000000000000e+00
8.395200000000000440e-01 0.000000000000000000e+00
8.711999999999999744e-01 0.000000000000000000e+00
9.028800000000000159e-01 0.000000000000000000e+00
9.345600000000000573e-01 0.000000000000000000e+00
9.662399999999999878e-01 0.000000000000000000e+00
9.979199999999999182e-01 0.000000000000000000e+00
1.029599999999999849e+00 0.000000000000000000e+00
1.061280000000000001e+00 0.000000000000000000e+00
1.092960000000000154e+00 0.000000000000000000e+00
1.124639999999999862e+00 0.000000000000000000e+00
1.156320000000000014e+00 0.000000000000000000e+00
1.188000000000000167e+00 0.000000000000000000e+00
1.219679999999999875e+00 0.000000000000000000e+00
1.251360000000000028e+00 0.000000000000000000e+00
1.283039999999999958e+00 0.000000000000000000e+00
1.314719999999999889e+00 0.000000000000000000e+00
1.346400000000000041e+00 0.000000000000000000e+00
1.378079999999999972e+00 0.000000000000000000e+00
1.409759999999999902e+00 0.000000000000000000e+00
1.441440000000000055e+00 0.000000000000000000e+00
1.473119999999999985e+00 0.000000000000000000e+00
1.504799999999999915e+00 0.000000000000000000e+00
1.536480000000000068e+00 0.000000000000000000e+00
1.568159999999999998e+00 0.000000000000000000e+00
1.599839999999999929e+00 0.000000000000000000e+00
1.631520000000000081e+00 0.000000000000000000e+00
1.663200000000000012e+00 0.000000000000000000e+00
1.694879999999999942e+00 0.000000000000000000e+00
1.726560000000000095e+00 0.000000000000000000e+00
1.758240000000000025e+00 0.000000000000000000e+00
1.789919999999999956e+00 0.000000000000000000e+00
1.821600000000000108e+00 0.000000000000000000e+00
1.853279999999999816e+00 0.000000000000000000e+00
1.884959999999999969e+00 0.000000000000000000e+00
1.916640000000000121e+00 0.000000000000000000e+00
1.948319999999999830e+00 8.454545133653587814e-05
1.979999999999999982e+00 9.495950301399828670e-04
2.011680000000000135e+00 5.334490365056255082e-03
2.043359999999999843e+00 2.551873446582475849e-02
2.075039999999999996e+00 8.502409357803812628e-02
2.106720000000000148e+00 2.222273120984209205e-01
2.138399999999999856e+00 4.734462552514693279e-01
2.170080000000000009e+00 8.425530516743511278e-01
2.201760000000000161e+00 1.333183964229841756e+00
2.233439999999999870e+00 1.883892249415513698e+00
2.265120000000000022e+00 2.421896157380188264e+00
2.296800000000000175e+00 2.901176702589463918e+00
2.328479999999999883e+00 3.278444927552690125e+00
2.360160000000000036e+00 3.533807687479580739e+00
2.391840000000000188e+00 3.655103310983854215e+00
2.423519999999999897e+00 3.661120447530058719e+00
2.455200000000000049e+00 3.554301532662632379e+00
2.486880000000000202e+00 3.366495897333696252e+00
2.518559999999999910e+00 3.124055933596574963e+00
2.550239999999999618e+00 2.848364770903954124e+00
2.581920000000000215e+00 2.553692629916317181e+00
2.613599999999999923e+00 2.267613798350554433e+00
2.645279999999999632e+00 1.981375044847592637e+00
2.676960000000000228e+00 1.689779279145712465e+00
2.708639999999999937e+00 1.434116128785402733e+00
2.740319999999999645e+00 1.212990445178097065e+00
2.772000000000000242e+00 1.010339708704179884e+00
2.803679999999999950e+00 8.354417347633870117e-01
2.835359999999999658e+00 6.841524033409310812e-01
2.867040000000000255e+00 5.574457213353262164e-01
2.898719999999999963e+00 4.609514480930385072e-01
2.930399999999999672e+00 3.814878021671719854e-01
2.962080000000000268e+00 3.248618303877200408e-01
2.993759999999999977e+00 2.826423951909174392e-01
3.025439999999999685e+00 2.581714395981860033e-01
3.057120000000000282e+00 2.473290608793188849e-01
3.088799999999999990e+00 2.514155227652277724e-01
3.120479999999999698e+00 2.656502589410774107e-01
3.152160000000000295e+00 2.879576727424797977e-01
3.183840000000000003e+00 3.195298357428122404e-01
3.215519999999999712e+00 3.616566421450705393e-01
3.247200000000000308e+00 4.049902973558847097e-01
3.278880000000000017e+00 4.508863531297028215e-01
3.310559999999999725e+00 5.031452854478702941e-01
3.342240000000000322e+00 5.434604270799910930e-01
3.373920000000000030e+00 5.841100538972884282e-01
3.405599999999999739e+00 6.200351478634186231e-01
3.437280000000000335e+00 6.518843104064835359e-01
3.468960000000000043e+00 6.700991275031797922e-01
3.500639999999999752e+00 6.836102472890199788e-01
3.532320000000000348e+00 6.886929383463855636e-01
3.564000000000000057e+00 6.772349513945686850e-01
3.595679999999999765e+00 6.547214836422056150e-01
3.627359999999999918e+00 6.313641401725760272e-01
3.659040000000000070e+00 6.006168259133481957e-01
3.690719999999999779e+00 5.732952381543000575e-01
3.722399999999999931e+00 5.448100938614511835e-01
3.754080000000000084e+00 5.254640127139742489e-01
3.785759999999999792e+00 5.127011414253995758e-01
3.817439999999999944e+00 5.212414626319278321e-01
3.849120000000000097e+00 5.428205494046148827e-01
3.880799999999999805e+00 5.887065729318801122e-01
3.912479999999999958e+00 6.538153264873326487e-01
3.944160000000000110e+00 7.424367952151899042e-01
3.975839999999999819e+00 8.526144342838882784e-01
4.007520000000000415e+00 9.771152394244677630e-01
4.039200000000000124e+00 1.117827625518799106e+00
4.070879999999999832e+00 1.270586570937853654e+00
4.102560000000000429e+00 1.420309459803594798e+00
4.134240000000000137e+00 1.566738539076410808e+00
4.165919999999999845e+00 1.690623785052873584e+00
4.197599999999999554e+00 1.793128867620054523e+00
4.229280000000000150e+00 1.867481712641182456e+00
4.260959999999999859e+00 1.910529888383999619e+00
4.292640000000000455e+00 1.921796785271006947e+00
4.324320000000000164e+00 1.906182104397277088e+00
4.355999999999999872e+00 1.848968056572315222e+00
4.387679999999999580e+00 1.756955108674647104e+00
4.419360000000000177e+00 1.666685419308643334e+00
4.451039999999999885e+00 1.555192290054171256e+00
4.482720000000000482e+00 1.441103727567931925e+00
4.514400000000000190e+00 1.324714848657804644e+00
4.546079999999999899e+00 1.207805965289505901e+00
4.577759999999999607e+00 1.101832204615582622e+00
4.609440000000000204e+00 1.014443271403228763e+00
4.641119999999999912e+00 9.406351366378311596e-01
4.672800000000000509e+00 8.891224182238366414e-01
4.704480000000000217e+00 8.479808083970575838e-01
4.736159999999999926e+00 8.304479812563254626e-01
4.767839999999999634e+00 8.168134662320092332e-01
4.799520000000000231e+00 8.191398790788185780e-01
4.831199999999999939e+00 8.204634805155485155e-01
4.862880000000000535e+00 8.228855966660472143e-01
4.894560000000000244e+00 8.223444946536415667e-01
4.926239999999999952e+00 8.233520152771658385e-01
4.957919999999999661e+00 8.253851837006742631e-01
4.989600000000000257e+00 8.238277199417166630e-01
5.021279999999999966e+00 8.175808032816956894e-01
5.052959999999999674e+00 8.153218471914153165e-01
5.084640000000000271e+00 8.071360055573149062e-01
5.116319999999999979e+00 8.036276486845607137e-01
5.147999999999999687e+00 8.005753591302835481e-01
5.179679999999999396e+00 8.064929654796109126e-01
5.211359999999999992e+00 8.182590580295739935e-01
5.243039999999999701e+00 8.390287034760823826e-01
5.274720000000000297e+00 8.630506521342319326e-01
5.306400000000000006e+00 8.960945546568298559e-01
5.338079999999999714e+00 9.361351217454685347e-01
5.369759999999999422e+00 9.773987004846631521e-01
5.401440000000000019e+00 1.015805923346202011e+00
5.433119999999999727e+00 1.053015764630332640e+00
5.464800000000000324e+00 1.085947705763485871e+00
5.496480000000000032e+00 1.109356051836378310e+00
5.528159999999999741e+00 1.121820392724547366e+00
5.559839999999999449e+00 1.122362348823232159e+00
5.591520000000000046e+00 1.111878428869305546e+00
5.623199999999999754e+00 1.090010776199519915e+00
5.654880000000000351e+00 1.058527249409000115e+00
5.686560000000000059e+00 1.014411838016977097e+00
5.718239999999999768e+00 9.637633966381029538e-01
5.749919999999999476e+00 9.114084159107928018e-01
5.781600000000000072e+00 8.576027107650362469e-01
5.813279999999999781e+00 8.020452106964135464e-01
5.844960000000000377e+00 7.525403148717106916e-01
5.876640000000000086e+00 7.095771334807270403e-01
5.908319999999999794e+00 6.757834720790696359e-01
5.939999999999999503e+00 6.500481278801808482e-01
5.971680000000000099e+00 6.293521472455950727e-01
6.003359999999999808e+00 6.200162323818370069e-01
6.035040000000000404e+00 6.216851844820200368e-01
6.066720000000000113e+00 6.318523948509889854e-01
6.098399999999999821e+00 6.566471871875677602e-01
6.130079999999999529e+00 6.916488016926266580e-01
6.161760000000000126e+00 7.385961030317659270e-01
6.193439999999999834e+00 7.972339308884633935e-01
6.225120000000000431e+00 8.672861688080942821e-01
6.256800000000000139e+00 9.470638251918744865e-01
6.288479999999999848e+00 1.037058332602721178e+00
6.320159999999999556e+00 1.129837482841840712e+00
