# r_A g_r
2.033437500000000175e-02 0.000000000000000000e+00
6.100312500000000526e-02 0.000000000000000000e+00
1.016718750000000088e-01 0.000000000000000000e+00
1.423406249999999984e-01 0.000000000000000000e+00
1.830093750000000297e-01 0.000000000000000000e+00
2.236781250000000054e-01 0.000000000000000000e+00
2.643468749999999812e-01 0.000000000000000000e+00
3.050156250000000124e-01 0.000000000000000000e+00
3.456843750000000437e-01 0.000000000000000000e+00
3.863531250000000750e-01 0.000000000000000000e+00
4.270218749999999952e-01 0.000000000000000000e+00
4.676906250000000265e-01 0.000000000000000000e+00
5.083593750000000577e-01 0.000000000000000000e+00
5.490281249999999780e-01 0.000000000000000000e+00
5.896968750000000092e-01 0.000000000000000000e+00
6.303656250000000405e-01 0.000000000000000000e+00
6.710343750000000718e-01 0.000000000000000000e+00
7.117031250000001030e-01 0.000000000000000000e+00
7.523718750000001343e-01 0.000000000000000000e+00
7.930406250000000545e-01 0.000000000000000000e+00
8.337093750000000858e-01 0.000000000000000000e+00
8.743781250000000060e-01 0.000000000000000000e+00
9.150468750000000373e-01 0.000000000000000000e+00
9.557156250000000686e-01 0.000000000000000000e+00
9.963843750000000998e-01 0.000000000000000000e+00
1.037053125000000131e+00 0.000000000000000000e+00
1.077721875000000162e+00 0.000000000000000000e+00
1.118390624999999972e+00 0.000000000000000000e+00
1.159059375000000003e+00 0.000000000000000000e+00
1.199728125000000034e+00 0.000000000000000000e+00
1.240396875000000065e+00 0.000000000000000000e+00
1.281065625000000097e+00 0.000000000000000000e+00
1.321734375000000128e+00 0.000000000000000000e+00
1.362403125000000159e+00 0.000000000000000000e+00
1.403071875000000190e+00 0.000000000000000000e+00
1.443740625000000222e+00 0.000000000000000000e+00
1.484409375000000253e+00 0.000000000000000000e+00
1.525078125000000062e+00 0.000000000000000000e+00
1.565746875000000093e+00 0.000000000000000000e+00
1.606415625000000125e+00 0.000000000000000000e+00
1.647084375000000156e+00 0.000000000000000000e+00
1.687753125000000187e+00 0.000000000000000000e+00
1.728421875000000218e+00 0.000000000000000000e+00
1.769090625000000028e+00 0.000000000000000000e+00
1.809759375000000059e+00 0.000000000000000000e+00
1.850428125000000090e+00 2.686233207316154805e-04
1.891096875000000122e+00 4.372295666855663572e-03
1.931765625000000153e+00 2.538729983986551947e-02
1.972434375000000184e+00 9.917791976952747279e-02
2.013103125000000215e+00 2.921020843103090958e-01
2.053771875000000247e+00 6.234446550886730831e-01
2.094440625000000278e+00 1.063799332570219525e+00
2.135109375000000309e+00 1.532916887976345732e+00
2.175778125000000340e+00 1.960035856848212354e+00
2.216446875000000372e+00 2.289531854097187402e+00
2.257115624999999959e+00 2.468383247940440395e+00
2.297784374999999990e+00 2.536477336387115589e+00
2.338453125000000021e+00 2.501329995533413619e+00
2.379121875000000053e+00 2.410695323328670536e+00
2.419790625000000084e+00 2.279606282170476117e+00
2.460459375000000115e+00 2.127307750172636958e+00
2.501128125000000146e+00 1.963117684773715954e+00
2.541796875000000178e+00 1.809401465174869994e+00
2.582465625000000209e+00 1.658732550694681285e+00
2.623134375000000240e+00 1.514059027222526721e+00
2.663803125000000271e+00 1.395656748688397730e+00
2.704471875000000303e+00 1.278545063760217593e+00
2.745140625000000334e+00 1.187238241783481252e+00
2.785809375000000365e+00 1.110457085192025461e+00
2.826478125000000396e+00 1.025885690748822077e+00
2.867146875000000428e+00 9.629746308731214066e-01
2.907815625000000459e+00 8.969565782110265895e-01
2.948484375000000490e+00 8.545031954972611699e-01
2.989153125000000077e+00 8.080932617882035096e-01
3.029821875000000109e+00 7.774772660877317110e-01
3.070490625000000140e+00 7.517499855089204708e-01
3.111159375000000171e+00 7.014363377606841476e-01
3.151828125000000203e+00 6.917846204099030727e-01
3.192496875000000234e+00 6.724668794258732429e-01
3.233165625000000265e+00 6.557878571079790442e-01
3.273834375000000296e+00 6.534556797639693437e-01
3.314503125000000328e+00 6.538445658610657629e-01
3.355171875000000359e+00 6.530830657041400977e-01
3.395840625000000390e+00 6.582321472935613871e-01
3.436509375000000421e+00 6.597237755893508027e-01
3.477178125000000453e+00 6.672039831162066559e-01
3.517846875000000484e+00 6.820052170585982898e-01
3.558515625000000071e+00 6.965768034286985433e-01
3.599184375000000102e+00 7.126269697254236091e-01
3.639853125000000134e+00 7.451463279484512592e-01
3.680521875000000165e+00 7.593249555061399869e-01
3.721190625000000196e+00 7.803146711965128768e-01
3.761859375000000227e+00 8.139381823452990217e-01
3.802528125000000259e+00 8.478926158673262270e-01
3.843196875000000290e+00 8.797992270577071894e-01
3.883865625000000321e+00 9.166234766191830863e-01
3.924534375000000352e+00 9.507549239173490596e-01
3.965203125000000384e+00 9.726241564164804787e-01
4.005871875000000415e+00 1.006052526669348968e+00
4.046540625000000446e+00 1.043761119244441815e+00
4.087209375000000477e+00 1.076748838502603833e+00
4.127878125000000509e+00 1.108861097509197258e+00
4.168546875000000540e+00 1.131660924613944186e+00
4.209215625000000571e+00 1.159710356187096059e+00
4.249884375000000603e+00 1.181875260137203787e+00
4.290553125000000634e+00 1.204369406372665319e+00
4.331221875000000665e+00 1.214071435263865517e+00
4.371890625000000696e+00 1.226189306099120913e+00
4.412559375000000728e+00 1.237254696633313333e+00
4.453228125000000759e+00 1.228836199609600888e+00
4.493896875000000790e+00 1.236117614461951453e+00
4.534565625000000821e+00 1.216706074045635466e+00
4.575234374999999964e+00 1.198269658694388617e+00
4.615903124999999996e+00 1.186572355968537273e+00
4.656571875000000027e+00 1.169584701407961669e+00
4.697240625000000058e+00 1.148106679604713021e+00
4.737909375000000090e+00 1.123748720327231609e+00
4.778578125000000121e+00 1.104702476737801087e+00
4.819246875000000152e+00 1.083047332866256207e+00
4.859915625000000183e+00 1.063069175761546692e+00
4.900584375000000215e+00 1.031480492269919225e+00
4.941253125000000246e+00 1.010709924390487124e+00
4.981921875000000277e+00 9.923858787116364155e-01
5.022590625000000308e+00 9.731895502180885060e-01
5.063259375000000340e+00 9.558607482625346430e-01
5.103928125000000371e+00 9.375991040239803898e-01
5.144596875000000402e+00 9.204534514968950587e-01
5.185265625000000433e+00 9.099714652030496120e-01
5.225934375000000465e+00 9.013532845163712004e-01
5.266603125000000496e+00 8.967550032867175336e-01
5.307271875000000527e+00 8.844357849073472000e-01
5.347940625000000558e+00 8.801045347543744457e-01
5.388609375000000590e+00 8.821222176449055041e-01
5.429278125000000621e+00 8.791755609852704989e-01
5.469946875000000652e+00 8.760957217447035150e-01
5.510615625000000684e+00 8.776449441355884673e-01
5.551284375000000715e+00 8.829350082091832475e-01
5.591953125000000746e+00 8.881259697187116053e-01
5.632621875000000777e+00 8.981054775818231306e-01
5.673290625000000809e+00 9.049223175598131164e-01
5.713959375000000840e+00 9.215261835273865776e-01
5.754628125000000871e+00 9.347805644605522435e-01
5.795296875000000902e+00 9.430820466942922975e-01
5.835965625000000934e+00 9.536277298705770900e-01
5.876634375000000077e+00 9.672545441762250285e-01
5.917303125000000108e+00 9.741659556861455016e-01
5.957971875000000139e+00 9.897256534259289973e-01
5.998640625000000171e+00 9.988578363518891834e-01
6.039309375000000202e+00 1.008815136813213442e+00
6.079978125000000233e+00 1.020781313644067767e+00
6.120646875000000264e+00 1.031126088982907474e+00
6.161315625000000296e+00 1.039680158169327351e+00
6.201984375000000327e+00 1.058264118766496953e+00
6.242653125000000358e+00 1.055920365441755271e+00
6.283321875000000389e+00 1.069635359262484098e+00
6.323990625000000421e+00 1.064086811426459889e+00
6.364659375000000452e+00 1.071046442028352974e+00
6.405328125000000483e+00 1.074527043240104396e+00
6.445996875000000514e+00 1.070729015833881803e+00
6.486665625000000546e+00 1.067542606657112536e+00
6.527334375000000577e+00 1.065571965130968746e+00
6.568003125000000608e+00 1.072150098093289428e+00
6.608671875000000639e+00 1.066344970564717443e+00
6.649340625000000671e+00 1.060642822688510511e+00
6.690009375000000702e+00 1.056079026606069338e+00
6.730678125000000733e+00 1.048289045012178899e+00
6.771346875000000765e+00 1.045724841784402726e+00
6.812015625000000796e+00 1.026338316587107613e+00
6.852684375000000827e+00 1.030694408837161236e+00
6.893353125000000858e+00 1.022362574134817237e+00
6.934021875000000890e+00 1.014106898571302873e+00
6.974690625000000921e+00 1.008545138889179515e+00
7.015359375000000952e+00 9.997451872478623214e-01
7.056028125000000983e+00 9.938331915995343158e-01
7.096696875000001015e+00 9.842010587413221323e-01
7.137365625000001046e+00 9.819274921637621834e-01
7.178034375000000189e+00 9.725282570710837016e-01
7.218703125000000220e+00 9.647958945011365639e-01
7.259371875000000252e+00 9.709986868556980122e-01
7.300040625000000283e+00 9.647665027962396556e-01
7.340709375000000314e+00 9.567689698747157134e-01
7.381378125000000345e+00 9.593805381352866757e-01
7.422046875000000377e+00 9.579036632984614386e-01
7.462715625000000408e+00 9.545934524875696603e-01
7.503384375000000439e+00 9.563956937271341774e-01
7.544053125000000470e+00 9.558653419328823064e-01
7.584721875000000502e+00 9.623342934657577175e-01
7.625390625000000533e+00 9.590331583101829871e-01
7.666059375000000564e+00 9.646140474846293111e-01
7.706728125000000595e+00 9.617311108110030426e-01
7.747396875000000627e+00 9.696512557648684361e-01
7.788065625000000658e+00 9.714170353140640923e-01
7.828734375000000689e+00 9.714955980651995837e-01
7.869403125000000720e+00 9.845093131588671387e-01
7.910071875000000752e+00 9.852827477988843619e-01
7.950740625000000783e+00 9.936423565324813412e-01
7.991409375000000814e+00 9.968194920020301275e-01
8.032078125000001734e+00 9.991971529235039728e-01
8.072746874999999989e+00 1.000763675480141224e+00
8.113415625000001796e+00 1.007327737988191307e+00
