# r_A g_r
2.033437500000000175e-02 0.000000000000000000e+00
6.100312500000000526e-02 0.000000000000000000e+00
1.016718750000000088e-01 0.000000000000000000e+00
1.423406249999999984e-01 0.000000000000000000e+00
1.830093750000000297e-01 0.000000000000000000e+00
2.236781250000000054e-01 0.000000000000000000e+00
2.643468749999999812e-01 0.000000000000000000e+00
3.050156250000000124e-01 0.000000000000000000e+00
3.456843750000000437e-01 0.000000000000000000e+00
3.863531250000000750e-01 0.000000000000000000e+00
4.270218749999999952e-01 0.000000000000000000e+00
4.676906250000000265e-01 0.000000000000000000e+00
5.083593750000000577e-01 0.000000000000000000e+00
5.490281249999999780e-01 0.000000000000000000e+00
5.896968750000000092e-01 0.000000000000000000e+00
6.303656250000000405e-01 0.000000000000000000e+00
6.710343750000000718e-01 0.000000000000000000e+00
7.117031250000001030e-01 0.000000000000000000e+00
7.523718750000001343e-01 0.000000000000000000e+00
7.930406250000000545e-01 0.000000000000000000e+00
8.337093750000000858e-01 0.000000000000000000e+00
8.743781250000000060e-01 0.000000000000000000e+00
9.150468750000000373e-01 0.000000000000000000e+00
9.557156250000000686e-01 0.000000000000000000e+00
9.963843750000000998e-01 0.000000000000000000e+00
1.037053125000000131e+00 0.000000000000000000e+00
1.077721875000000162e+00 0.000000000000000000e+00
1.118390624999999972e+00 0.000000000000000000e+00
1.159059375000000003e+00 0.000000000000000000e+00
1.199728125000000034e+00 0.000000000000000000e+00
1.240396875000000065e+00 0.000000000000000000e+00
1.281065625000000097e+00 0.000000000000000000e+00
1.321734375000000128e+00 0.000000000000000000e+00
1.362403125000000159e+00 0.000000000000000000e+00
1.403071875000000190e+00 0.000000000000000000e+00
1.443740625000000222e+00 0.000000000000000000e+00
1.484409375000000253e+00 0.000000000000000000e+00
1.525078125000000062e+00 0.000000000000000000e+00
1.565746875000000093e+00 0.000000000000000000e+00
1.606415625000000125e+00 0.000000000000000000e+00
1.647084375000000156e+00 0.000000000000000000e+00
1.687753125000000187e+00 0.000000000000000000e+00
1.728421875000000218e+00 0.000000000000000000e+00
1.769090625000000028e+00 0.000000000000000000e+00
1.809759375000000059e+00 0.000000000000000000e+00
1.850428125000000090e+00 0.000000000000000000e+00
1.891096875000000122e+00 0.000000000000000000e+00
1.931765625000000153e+00 0.000000000000000000e+00
1.972434375000000184e+00 0.000000000000000000e+00
2.013103125000000215e+00 0.000000000000000000e+00
2.053771875000000247e+00 0.000000000000000000e+00
2.094440625000000278e+00 8.387104228404214205e-04
2.135109375000000309e+00 6.658276709867642397e-03
2.175778125000000340e+00 5.032209426285556841e-02
2.216446875000000372e+00 1.985565303406032767e-01
2.257115624999999959e+00 5.539057785752831142e-01
2.297784374999999990e+00 1.184792744833020217e+00
2.338453125000000021e+00 2.072247027434043432e+00
2.379121875000000053e+00 3.000247236576827792e+00
2.419790625000000084e+00 3.788400269232729656e+00
2.460459375000000115e+00 4.297840801557581081e+00
2.501128125000000146e+00 4.509370203671879018e+00
2.541796875000000178e+00 4.360103015259889858e+00
2.582465625000000209e+00 4.005259167267334774e+00
2.623134375000000240e+00 3.475190885111697270e+00
2.663803125000000271e+00 2.866430343839591721e+00
2.704471875000000303e+00 2.292942994007271640e+00
2.745140625000000334e+00 1.754188137237811418e+00
2.785809375000000365e+00 1.301745599573788548e+00
2.826478125000000396e+00 9.263538822473510459e-01
2.867146875000000428e+00 6.537687524768079905e-01
2.907815625000000459e+00 4.338200028992267310e-01
2.948484375000000490e+00 2.906887302208537305e-01
2.989153125000000077e+00 1.995527118441315362e-01
3.029821875000000109e+00 1.322598094253245593e-01
3.070490625000000140e+00 9.585287921127952360e-02
3.111159375000000171e+00 8.462088447820757808e-02
3.151828125000000203e+00 9.541377920530082213e-02
3.192496875000000234e+00 1.184476654695643394e-01
3.233165625000000265e+00 1.573697279535248295e-01
3.273834375000000296e+00 2.225671160900721812e-01
3.314503125000000328e+00 2.988955887219418295e-01
3.355171875000000359e+00 3.832052518644334937e-01
3.395840625000000390e+00 4.912513535511717211e-01
3.436509375000000421e+00 6.005702182361707386e-01
3.477178125000000453e+00 6.941340566608320550e-01
3.517846875000000484e+00 7.930837694664093496e-01
3.558515625000000071e+00 8.442089570229456275e-01
3.599184375000000102e+00 8.766806352014950843e-01
3.639853125000000134e+00 8.494584827739938282e-01
3.680521875000000165e+00 8.091295566743196277e-01
3.721190625000000196e+00 7.329876481509699504e-01
3.761859375000000227e+00 6.399453280661034915e-01
3.802528125000000259e+00 5.424248132268505440e-01
3.843196875000000290e+00 4.427953287085098499e-01
3.883865625000000321e+00 3.571980925351854186e-01
3.924534375000000352e+00 3.065670300511737500e-01
3.965203125000000384e+00 2.881134350024760482e-01
4.005871875000000415e+00 3.166268321172221456e-01
4.046540625000000446e+00 4.009842450677527648e-01
4.087209375000000477e+00 5.560210751492403736e-01
4.127878125000000509e+00 7.586915940751517429e-01
4.168546875000000540e+00 1.034715861191954023e+00
4.209215625000000571e+00 1.352493578699329513e+00
4.249884375000000603e+00 1.668466871245915417e+00
4.290553125000000634e+00 1.975646484987515050e+00
4.331221875000000665e+00 2.225940637261241584e+00
4.371890625000000696e+00 2.384621914213996607e+00
4.412559375000000728e+00 2.434851674285920975e+00
4.453228125000000759e+00 2.375879852161830286e+00
4.493896875000000790e+00 2.222784549149834366e+00
4.534565625000000821e+00 1.989381528826050349e+00
4.575234374999999964e+00 1.696682696173365867e+00
4.615903124999999996e+00 1.400627220249911487e+00
4.656571875000000027e+00 1.116243409830465660e+00
4.697240625000000058e+00 8.857275560640985868e-01
4.737909375000000090e+00 7.228942698719507121e-01
4.778578125000000121e+00 6.131440119925911647e-01
4.819246875000000152e+00 5.782654952316167440e-01
4.859915625000000183e+00 5.941745896835591845e-01
4.900584375000000215e+00 6.468392259745532336e-01
4.941253125000000246e+00 7.369504797289887499e-01
4.981921875000000277e+00 8.147433031527280267e-01
5.022590625000000308e+00 8.793927603662270442e-01
5.063259375000000340e+00 9.163949865671368045e-01
5.103928125000000371e+00 9.248527417670123763e-01
5.144596875000000402e+00 9.006098012362016014e-01
5.185265625000000433e+00 8.609664229510433087e-01
5.225934375000000465e+00 7.902965100257410835e-01
5.266603125000000496e+00 7.361067786986615902e-01
5.307271875000000527e+00 6.886383005046646799e-01
5.347940625000000558e+00 6.697464779393501599e-01
5.388609375000000590e+00 6.846678638784045035e-01
5.429278125000000621e+00 7.397425076494758001e-01
5.469946875000000652e+00 8.313517895716653339e-01
5.510615625000000684e+00 9.412371361672244863e-01
5.551284375000000715e+00 1.068210481924905864e+00
5.591953125000000746e+00 1.192153989756554289e+00
5.632621875000000777e+00 1.290676011078779606e+00
5.673290625000000809e+00 1.346895682158438579e+00
5.713959375000000840e+00 1.372147444528649451e+00
5.754628125000000871e+00 1.339892416102613337e+00
5.795296875000000902e+00 1.261149037352542690e+00
5.835965625000000934e+00 1.149219784402037092e+00
5.876634375000000077e+00 1.017592157098357042e+00
5.917303125000000108e+00 8.825534553030897067e-01
5.957971875000000139e+00 7.557195959052250833e-01
5.998640625000000171e+00 6.594041406548528661e-01
6.039309375000000202e+00 5.831323963178307590e-01
6.079978125000000233e+00 5.291516345304464464e-01
6.120646875000000264e+00 4.982658963692436216e-01
6.161315625000000296e+00 4.938299031397843097e-01
6.201984375000000327e+00 4.942136836010569412e-01
6.242653125000000358e+00 5.048360731051874106e-01
6.283321875000000389e+00 5.294825494415071887e-01
6.323990625000000421e+00 5.608034411097065908e-01
6.364659375000000452e+00 6.177127326481877123e-01
6.405328125000000483e+00 7.048805936419475504e-01
6.445996875000000514e+00 8.245938288450368470e-01
6.486665625000000546e+00 9.838088456037897833e-01
6.527334375000000577e+00 1.177290900270512974e+00
6.568003125000000608e+00 1.377050144881743821e+00
6.608671875000000639e+00 1.602155229407332238e+00
6.649340625000000671e+00 1.782879329797305790e+00
6.690009375000000702e+00 1.926807840303285557e+00
6.730678125000000733e+00 1.997121486685430325e+00
6.771346875000000765e+00 2.000656638739320758e+00
6.812015625000000796e+00 1.934847626763275485e+00
6.852684375000000827e+00 1.790511166390844622e+00
6.893353125000000858e+00 1.602748230836826160e+00
6.934021875000000890e+00 1.397981492149636518e+00
6.974690625000000921e+00 1.175915927866542310e+00
7.015359375000000952e+00 9.769071112420506520e-01
7.056028125000000983e+00 8.011187277843352383e-01
7.096696875000001015e+00 6.571902579008556122e-01
7.137365625000001046e+00 5.538017972298016067e-01
7.178034375000000189e+00 4.885268185248726747e-01
7.218703125000000220e+00 4.545578769132633812e-01
7.259371875000000252e+00 4.529698183727587923e-01
7.300040625000000283e+00 4.784954649579160058e-01
7.340709375000000314e+00 5.357325879931819079e-01
7.381378125000000345e+00 6.114679301741724471e-01
7.422046875000000377e+00 7.101689496900236431e-01
7.462715625000000408e+00 8.177864755469251845e-01
7.503384375000000439e+00 9.341282880311734260e-01
7.544053125000000470e+00 1.037108643545809894e+00
7.584721875000000502e+00 1.134482914272646248e+00
7.625390625000000533e+00 1.193992525213985800e+00
7.666059375000000564e+00 1.233507109469940133e+00
7.706728125000000595e+00 1.243961451685292596e+00
7.747396875000000627e+00 1.216883516572797141e+00
7.788065625000000658e+00 1.176123023741900475e+00
7.828734375000000689e+00 1.129650930387378738e+00
7.869403125000000720e+00 1.074315989812937966e+00
7.910071875000000752e+00 1.032764836816935983e+00
7.950740625000000783e+00 9.931549203200954468e-01
7.991409375000000814e+00 9.556928205276720156e-01
8.032078125000001734e+00 9.277047420546192802e-01
8.072746874999999989e+00 9.092071332331022049e-01
8.113415625000001796e+00 8.878750233221573973e-01
