# time_fs vacf
0.000000000000000000e+00 7.838731428554693509e-05
5.000000000000000000e+01 -3.478105309843435901e-05
1.000000000000000000e+02 -5.651807807199246590e-06
1.500000000000000000e+02 1.691275449633138913e-06
2.000000000000000000e+02 2.885897251830727624e-06
2.500000000000000000e+02 -3.443473533233448806e-06
3.000000000000000000e+02 1.411013892440975639e-06
3.500000000000000000e+02 -1.005184039755081531e-06
4.000000000000000000e+02 8.887915430432688703e-07
4.500000000000000000e+02 5.491932396950806560e-08
5.000000000000000000e+02 1.313988277232592043e-07
5.500000000000000000e+02 1.005400529428191728e-06
6.000000000000000000e+02 7.389905471630912714e-07
6.500000000000000000e+02 -1.167732375323662381e-06
7.000000000000000000e+02 -9.362988035117396522e-07
7.500000000000000000e+02 1.487423643215143875e-06
8.000000000000000000e+02 -5.020194407555004741e-07
8.500000000000000000e+02 -1.670054892627059933e-06
9.000000000000000000e+02 1.546201891544163445e-07
9.500000000000000000e+02 1.116913187673281007e-06
1.000000000000000000e+03 2.159520756441302624e-07
1.050000000000000000e+03 -1.591027823891437198e-08
1.100000000000000000e+03 4.682992094461289385e-08
1.150000000000000000e+03 -2.737860082632847233e-07
1.200000000000000000e+03 5.680982366552859350e-07
1.250000000000000000e+03 -2.689815252898716055e-07
1.300000000000000000e+03 -3.959246340528556922e-07
1.350000000000000000e+03 3.307602823112790849e-09
1.400000000000000000e+03 -4.832511346150349643e-08
1.450000000000000000e+03 -2.762435042071470913e-07
1.500000000000000000e+03 3.154067770673329766e-07
1.550000000000000000e+03 4.350855128040278527e-07
1.600000000000000000e+03 -1.086733201140744327e-07
1.650000000000000000e+03 -2.022710838992591279e-07
1.700000000000000000e+03 -2.377290059051718750e-07
1.750000000000000000e+03 6.800168310464092688e-07
1.800000000000000000e+03 -4.803610970076439466e-07
1.850000000000000000e+03 -1.123946506626090816e-07
1.900000000000000000e+03 5.050105733271890888e-07
1.950000000000000000e+03 1.243257083049544105e-07
2.000000000000000000e+03 -6.106590744681508941e-07
2.050000000000000000e+03 -3.782727431328963552e-07
2.100000000000000000e+03 9.049039714055314910e-08
2.150000000000000000e+03 2.104125695231470741e-07
2.200000000000000000e+03 2.074932449847573039e-07
2.250000000000000000e+03 7.045348883572933394e-07
2.300000000000000000e+03 -1.583646939136723648e-07
2.350000000000000000e+03 -3.876721387343494575e-07
2.400000000000000000e+03 -3.081695726513043543e-07
2.450000000000000000e+03 -1.458858101333683675e-07
2.500000000000000000e+03 1.360596307719238855e-07
2.550000000000000000e+03 5.382172059831064977e-08
2.600000000000000000e+03 3.750410219378485507e-08
2.650000000000000000e+03 1.970720546356388983e-07
2.700000000000000000e+03 -1.927650362236072657e-07
2.750000000000000000e+03 2.315870772023408542e-07
2.800000000000000000e+03 1.055915622883669897e-07
2.850000000000000000e+03 1.838281565565402254e-08
2.900000000000000000e+03 -5.011351636773890987e-08
2.950000000000000000e+03 -4.323928421875079568e-07
3.000000000000000000e+03 2.351194155455304571e-07
3.050000000000000000e+03 -7.442869775243810466e-08
3.100000000000000000e+03 1.565831734175350831e-07
3.150000000000000000e+03 3.327900915823585141e-07
3.200000000000000000e+03 -5.024808630196581432e-07
3.250000000000000000e+03 -2.698751117166391388e-07
3.300000000000000000e+03 4.859782690242046370e-07
3.350000000000000000e+03 -2.109407779286548894e-07
3.400000000000000000e+03 1.410141194114610536e-07
3.450000000000000000e+03 -1.393340404929459230e-08
3.500000000000000000e+03 4.191224192784016083e-08
3.550000000000000000e+03 1.694968937744996445e-07
3.600000000000000000e+03 -7.235716514764424210e-08
3.650000000000000000e+03 -2.213443386622140062e-08
3.700000000000000000e+03 -2.548507678352062616e-07
3.750000000000000000e+03 -1.583170203291090605e-08
3.800000000000000000e+03 5.483334667536734393e-08
3.850000000000000000e+03 -2.328645092251504299e-08
3.900000000000000000e+03 -1.040055993661831027e-07
3.950000000000000000e+03 5.850694422974215356e-08
4.000000000000000000e+03 2.224805205593058587e-07
4.050000000000000000e+03 6.918003303125386339e-08
4.100000000000000000e+03 3.010248804661231825e-07
4.150000000000000000e+03 -1.438256170309372900e-07
4.200000000000000000e+03 -2.232253855959765199e-07
4.250000000000000000e+03 -1.329030438043031587e-07
4.300000000000000000e+03 -1.640019075595730418e-07
4.350000000000000000e+03 -5.530277106922758729e-07
4.400000000000000000e+03 4.304765862200182682e-07
4.450000000000000000e+03 8.288290079311343080e-07
4.500000000000000000e+03 2.483659452846720515e-07
4.550000000000000000e+03 -1.210926908680829742e-06
4.600000000000000000e+03 3.929681279903146976e-07
4.650000000000000000e+03 5.153657995265493457e-07
4.700000000000000000e+03 -5.361399524167849107e-07
4.750000000000000000e+03 1.515009092930653946e-07
4.800000000000000000e+03 -1.993963189318110552e-07
4.850000000000000000e+03 3.636155343005817334e-07
4.900000000000000000e+03 -2.077107874390845632e-07
4.950000000000000000e+03 -5.803696770229976802e-07
5.000000000000000000e+03 3.076158837975592274e-07
5.050000000000000000e+03 3.354094641122745596e-07
5.100000000000000000e+03 2.099007381928188156e-07
5.150000000000000000e+03 -1.654275141731577291e-07
5.200000000000000000e+03 4.695866502468066692e-08
5.250000000000000000e+03 1.626686837427602009e-07
5.300000000000000000e+03 -6.124838179282709425e-07
5.350000000000000000e+03 3.657132363762653723e-07
5.400000000000000000e+03 -2.403906299417331921e-07
5.450000000000000000e+03 -5.967316084233425475e-07
5.500000000000000000e+03 9.255254504516704347e-07
5.550000000000000000e+03 -1.781128125922580705e-07
5.600000000000000000e+03 3.809811909481816411e-07
5.650000000000000000e+03 1.293655264389488544e-07
5.700000000000000000e+03 -8.862553830132513311e-07
5.750000000000000000e+03 5.781489533898625172e-07
5.800000000000000000e+03 1.050550872654151747e-07
5.850000000000000000e+03 -5.514449714866450977e-07
5.900000000000000000e+03 -4.330202487718669212e-07
5.950000000000000000e+03 3.654189378618850424e-07
6.000000000000000000e+03 5.420179917141344279e-07
6.050000000000000000e+03 9.915315543066607456e-08
6.100000000000000000e+03 -6.292132849296105686e-07
6.150000000000000000e+03 4.179522584500929716e-07
6.200000000000000000e+03 3.247666218871439681e-07
6.250000000000000000e+03 -6.606220709895373338e-07
6.300000000000000000e+03 2.717303656972328007e-07
6.350000000000000000e+03 2.354702780461351379e-07
6.400000000000000000e+03 -9.213985218875422057e-08
6.450000000000000000e+03 -8.223496589449882630e-07
6.500000000000000000e+03 5.463943681688802383e-07
6.550000000000000000e+03 1.269253298644109753e-07
6.600000000000000000e+03 4.184711328422816925e-08
6.650000000000000000e+03 -2.936726806842733323e-07
6.700000000000000000e+03 4.644311931381099100e-07
6.750000000000000000e+03 1.814070795397149678e-07
6.800000000000000000e+03 -3.420572098361345126e-07
6.850000000000000000e+03 2.930229588404415578e-08
6.900000000000000000e+03 -3.265575488402236294e-07
6.950000000000000000e+03 1.356005295316075224e-07
7.000000000000000000e+03 -7.176280416433080656e-07
7.050000000000000000e+03 8.625599540500677017e-07
7.100000000000000000e+03 6.973418886456858992e-07
7.150000000000000000e+03 -6.501475448481989076e-07
7.200000000000000000e+03 -5.025197978723997650e-07
7.250000000000000000e+03 3.181701138730607171e-07
7.300000000000000000e+03 5.046858150643819296e-07
7.350000000000000000e+03 -8.870723731954496700e-07
7.400000000000000000e+03 2.408424101955663933e-07
7.450000000000000000e+03 3.412466948551276045e-07
7.500000000000000000e+03 -1.830990449852473546e-07
7.550000000000000000e+03 -2.935489802141084726e-07
7.600000000000000000e+03 7.619005305920157088e-08
7.650000000000000000e+03 7.129542940653554746e-07
7.700000000000000000e+03 -6.075162527638773798e-07
7.750000000000000000e+03 -1.136479021907549314e-07
7.800000000000000000e+03 4.489823239565705568e-07
7.850000000000000000e+03 2.050942505252568074e-07
7.900000000000000000e+03 -6.131575763917194533e-07
7.950000000000000000e+03 -6.968420620725982944e-07
8.000000000000000000e+03 9.203265434002479917e-07
8.050000000000000000e+03 2.857546822388853848e-07
8.100000000000000000e+03 5.694295414811571849e-07
8.150000000000000000e+03 -7.029475679906693468e-07
8.200000000000000000e+03 -8.237769501579942855e-07
8.250000000000000000e+03 -2.191062554262720061e-07
8.300000000000000000e+03 8.524528708584303265e-07
8.350000000000000000e+03 7.053048508761887346e-07
8.400000000000000000e+03 -6.517467213906132801e-07
8.450000000000000000e+03 3.357630817724311455e-07
8.500000000000000000e+03 -1.265576451742013803e-06
8.550000000000000000e+03 7.504615271876346773e-07
8.600000000000000000e+03 3.665137706126997819e-07
8.650000000000000000e+03 -1.069727099404241871e-08
8.700000000000000000e+03 -1.057164910109340513e-06
8.750000000000000000e+03 1.260880921637609137e-06
8.800000000000000000e+03 -4.664205573177246782e-07
8.850000000000000000e+03 -8.750460999884560309e-08
8.900000000000000000e+03 1.066604960738954086e-07
8.950000000000000000e+03 -8.296822696446192050e-07
9.000000000000000000e+03 1.300128722551158256e-06
9.050000000000000000e+03 -1.822935325382657482e-07
9.100000000000000000e+03 2.364529408247613017e-07
9.150000000000000000e+03 -7.103341445600062835e-07
9.200000000000000000e+03 -7.781978524810839665e-07
9.250000000000000000e+03 1.115021434418104729e-06
9.300000000000000000e+03 1.234535243441262546e-07
9.350000000000000000e+03 6.968929268099146086e-09
9.400000000000000000e+03 -7.772713834382569764e-07
9.450000000000000000e+03 -8.210947456383828544e-07
9.500000000000000000e+03 2.595897888894592960e-06
9.550000000000000000e+03 -9.628026947347038291e-07
9.600000000000000000e+03 -5.181235134377487661e-07
9.650000000000000000e+03 3.015814030054924116e-07
9.700000000000000000e+03 -1.350848929895080026e-06
9.750000000000000000e+03 9.832500876289927613e-07
9.800000000000000000e+03 -4.741240309780931580e-07
9.850000000000000000e+03 1.152678395143127469e-06
9.900000000000000000e+03 -2.673958235252060753e-07
9.950000000000000000e+03 -9.001786115262281076e-07
1.000000000000000000e+04 1.212373329471459440e-07
