# r_A g_r
2.033437500000000175e-02 0.000000000000000000e+00
6.100312500000000526e-02 0.000000000000000000e+00
1.016718750000000088e-01 0.000000000000000000e+00
1.423406249999999984e-01 0.000000000000000000e+00
1.830093750000000297e-01 0.000000000000000000e+00
2.236781250000000054e-01 0.000000000000000000e+00
2.643468749999999812e-01 0.000000000000000000e+00
3.050156250000000124e-01 0.000000000000000000e+00
3.456843750000000437e-01 0.000000000000000000e+00
3.863531250000000750e-01 0.000000000000000000e+00
4.270218749999999952e-01 0.000000000000000000e+00
4.676906250000000265e-01 0.000000000000000000e+00
5.083593750000000577e-01 0.000000000000000000e+00
5.490281249999999780e-01 0.000000000000000000e+00
5.896968750000000092e-01 0.000000000000000000e+00
6.303656250000000405e-01 0.000000000000000000e+00
6.710343750000000718e-01 0.000000000000000000e+00
7.117031250000001030e-01 0.000000000000000000e+00
7.523718750000001343e-01 0.000000000000000000e+00
7.930406250000000545e-01 0.000000000000000000e+00
8.337093750000000858e-01 0.000000000000000000e+00
8.743781250000000060e-01 0.000000000000000000e+00
9.150468750000000373e-01 0.000000000000000000e+00
9.557156250000000686e-01 0.000000000000000000e+00
9.963843750000000998e-01 0.000000000000000000e+00
1.037053125000000131e+00 0.000000000000000000e+00
1.077721875000000162e+00 0.000000000000000000e+00
1.118390624999999972e+00 0.000000000000000000e+00
1.159059375000000003e+00 0.000000000000000000e+00
1.199728125000000034e+00 0.000000000000000000e+00
1.240396875000000065e+00 0.000000000000000000e+00
1.281065625000000097e+00 0.000000000000000000e+00
1.321734375000000128e+00 0.000000000000000000e+00
1.362403125000000159e+00 0.000000000000000000e+00
1.403071875000000190e+00 0.000000000000000000e+00
1.443740625000000222e+00 0.000000000000000000e+00
1.484409375000000253e+00 0.000000000000000000e+00
1.525078125000000062e+00 0.000000000000000000e+00
1.565746875000000093e+00 0.000000000000000000e+00
1.606415625000000125e+00 0.000000000000000000e+00
1.647084375000000156e+00 0.000000000000000000e+00
1.687753125000000187e+00 0.000000000000000000e+00
1.728421875000000218e+00 0.000000000000000000e+00
1.769090625000000028e+00 0.000000000000000000e+00
1.809759375000000059e+00 0.000000000000000000e+00
1.850428125000000090e+00 0.000000000000000000e+00
1.891096875000000122e+00 0.000000000000000000e+00
1.931765625000000153e+00 0.000000000000000000e+00
1.972434375000000184e+00 0.000000000000000000e+00
2.013103125000000215e+00 0.000000000000000000e+00
2.053771875000000247e+00 0.000000000000000000e+00
2.094440625000000278e+00 8.387104228404214205e-04
2.135109375000000309e+00 8.978585260276063587e-03
2.175778125000000340e+00 5.459655786819465201e-02
2.216446875000000372e+00 2.135348636053352456e-01
2.257115624999999959e+00 5.947987573390711713e-01
2.297784374999999990e+00 1.225383350559544615e+00
2.338453125000000021e+00 2.099411629295293125e+00
2.379121875000000053e+00 3.005041002133834738e+00
2.419790625000000084e+00 3.801673886297462612e+00
2.460459375000000115e+00 4.253172124733614723e+00
2.501128125000000146e+00 4.446880969051886900e+00
2.541796875000000178e+00 4.337822726554601438e+00
2.582465625000000209e+00 3.942437792290912846e+00
2.623134375000000240e+00 3.430009059198907195e+00
2.663803125000000271e+00 2.853403177196776941e+00
2.704471875000000303e+00 2.303191978240227034e+00
2.745140625000000334e+00 1.764013641346330985e+00
2.785809375000000365e+00 1.305419666454727068e+00
2.826478125000000396e+00 9.351614974588751128e-01
2.867146875000000428e+00 6.693213550087738772e-01
2.907815625000000459e+00 4.542708957139344750e-01
2.948484375000000490e+00 3.114786612448383063e-01
2.989153125000000077e+00 1.994497700273432372e-01
3.029821875000000109e+00 1.344140411697521964e-01
3.070490625000000140e+00 1.013162494258664503e-01
3.111159375000000171e+00 8.998986816492147989e-02
3.151828125000000203e+00 9.768222907481063921e-02
3.192496875000000234e+00 1.244941367735344778e-01
3.233165625000000265e+00 1.641449412900758131e-01
3.273834375000000296e+00 2.214944000880957331e-01
3.314503125000000328e+00 3.023282831582442820e-01
3.355171875000000359e+00 3.903954570166872640e-01
3.395840625000000390e+00 4.960370462306765704e-01
3.436509375000000421e+00 5.991682906096306160e-01
3.477178125000000453e+00 6.978616657107943322e-01
3.517846875000000484e+00 7.737221348714045099e-01
3.558515625000000071e+00 8.360737534792527237e-01
3.599184375000000102e+00 8.659591015564456207e-01
3.639853125000000134e+00 8.455012163346886656e-01
3.680521875000000165e+00 8.076357581389413953e-01
3.721190625000000196e+00 7.301646327412358861e-01
3.761859375000000227e+00 6.369880345025236146e-01
3.802528125000000259e+00 5.370177405020608585e-01
3.843196875000000290e+00 4.438851139911761390e-01
3.883865625000000321e+00 3.646981549083209151e-01
3.924534375000000352e+00 3.133749859147821892e-01
3.965203125000000384e+00 2.960402107269096139e-01
4.005871875000000415e+00 3.334497820133852097e-01
4.046540625000000446e+00 4.188188738845926573e-01
4.087209375000000477e+00 5.590493624328179978e-01
4.127878125000000509e+00 7.814982250603350611e-01
4.168546875000000540e+00 1.047207826776223483e+00
4.209215625000000571e+00 1.346523450629070418e+00
4.249884375000000603e+00 1.673075614396657418e+00
4.290553125000000634e+00 1.973972674076129863e+00
4.331221875000000665e+00 2.201474363158434144e+00
4.371890625000000696e+00 2.361932082467141925e+00
4.412559375000000728e+00 2.420136511138226254e+00
4.453228125000000759e+00 2.360782900606869017e+00
4.493896875000000790e+00 2.200103074158509475e+00
4.534565625000000821e+00 1.967977342927857753e+00
4.575234374999999964e+00 1.680622574054123630e+00
4.615903124999999996e+00 1.397864386466709519e+00
4.656571875000000027e+00 1.124196882729694646e+00
4.697240625000000058e+00 9.000887902648836425e-01
4.737909375000000090e+00 7.380343822549851884e-01
4.778578125000000121e+00 6.288935395638106662e-01
4.819246875000000152e+00 5.957106858387137827e-01
4.859915625000000183e+00 6.066753298630396252e-01
4.900584375000000215e+00 6.557246958322177077e-01
4.941253125000000246e+00 7.363288984936902093e-01
4.981921875000000277e+00 8.089620907218967316e-01
5.022590625000000308e+00 8.736865611002149201e-01
5.063259375000000340e+00 9.138117730743471334e-01
5.103928125000000371e+00 9.219927546678035046e-01
5.144596875000000402e+00 8.962831209254198406e-01
5.185265625000000433e+00 8.493352087341622392e-01
5.225934375000000465e+00 7.920646618561453245e-01
5.266603125000000496e+00 7.387928156873359020e-01
5.307271875000000527e+00 6.914629306582390500e-01
5.347940625000000558e+00 6.756639037846282614e-01
5.388609375000000590e+00 6.951685646522226536e-01
5.429278125000000621e+00 7.439393848283197830e-01
5.469946875000000652e+00 8.384530251140712709e-01
5.510615625000000684e+00 9.475524360189016004e-01
5.551284375000000715e+00 1.066703206625245093e+00
5.591953125000000746e+00 1.189065469816154463e+00
5.632621875000000777e+00 1.281848175065942730e+00
5.673290625000000809e+00 1.341737516355383297e+00
5.713959375000000840e+00 1.354934503984635663e+00
5.754628125000000871e+00 1.326893729285672840e+00
5.795296875000000902e+00 1.254083316361512157e+00
5.835965625000000934e+00 1.145047333946378254e+00
5.876634375000000077e+00 1.024370422965384719e+00
5.917303125000000108e+00 8.860209391885558450e-01
5.957971875000000139e+00 7.696988083991260776e-01
5.998640625000000171e+00 6.589184764817923590e-01
6.039309375000000202e+00 5.844941775966666642e-01
6.079978125000000233e+00 5.386565330511541294e-01
6.120646875000000264e+00 5.013594956075665410e-01
6.161315625000000296e+00 4.914312003744903956e-01
6.201984375000000327e+00 4.941658583988214892e-01
6.242653125000000358e+00 5.071018700157321479e-01
6.283321875000000389e+00 5.262092490412549894e-01
6.323990625000000421e+00 5.644832537154133023e-01
6.364659375000000452e+00 6.234459605472382204e-01
6.405328125000000483e+00 7.151930760882071469e-01
6.445996875000000514e+00 8.339132742737898063e-01
6.486665625000000546e+00 9.903230502230013776e-01
6.527334375000000577e+00 1.181986333776377851e+00
6.568003125000000608e+00 1.391122454733518810e+00
6.608671875000000639e+00 1.595036926306601099e+00
6.649340625000000671e+00 1.774256386549762032e+00
6.690009375000000702e+00 1.911004057874312378e+00
6.730678125000000733e+00 1.975599796466126046e+00
6.771346875000000765e+00 1.986203172367327019e+00
6.812015625000000796e+00 1.916076650386597802e+00
6.852684375000000827e+00 1.779199705845184498e+00
6.893353125000000858e+00 1.598267198301923653e+00
6.934021875000000890e+00 1.390979867489149147e+00
6.974690625000000921e+00 1.182930677381974105e+00
7.015359375000000952e+00 9.807850987798624187e-01
7.056028125000000983e+00 8.081481917618728028e-01
7.096696875000001015e+00 6.677737523068788539e-01
7.137365625000001046e+00 5.622698802664727324e-01
7.178034375000000189e+00 4.926148343635848303e-01
7.218703125000000220e+00 4.632951315127028513e-01
7.259371875000000252e+00 4.598902512013802735e-01
7.300040625000000283e+00 4.896539729871802749e-01
7.340709375000000314e+00 5.423042137619124015e-01
7.381378125000000345e+00 6.178069657552001104e-01
7.422046875000000377e+00 7.112542604930530699e-01
7.462715625000000408e+00 8.200325972181906620e-01
7.503384375000000439e+00 9.292353401177910754e-01
7.544053125000000470e+00 1.034183432168857442e+00
7.584721875000000502e+00 1.127224116664554243e+00
7.625390625000000533e+00 1.188226699702393585e+00
7.666059375000000564e+00 1.225219872409248012e+00
7.706728125000000595e+00 1.234352193460787284e+00
7.747396875000000627e+00 1.215626935831715105e+00
7.788065625000000658e+00 1.178936044028837449e+00
7.828734375000000689e+00 1.127047148999335002e+00
7.869403125000000720e+00 1.076157721046727023e+00
7.910071875000000752e+00 1.030934644840853176e+00
7.950740625000000783e+00 9.926165579362661306e-01
7.991409375000000814e+00 9.584437202830922153e-01
8.032078125000001734e+00 9.344982675863818811e-01
8.072746874999999989e+00 9.070900557956033117e-01
8.113415625000001796e+00 8.877213234904429706e-01
