# time_fs vacf
0.000000000000000000e+00 8.039201241607236005e-05
5.000000000000000000e+01 -3.559953501225061650e-05
1.000000000000000000e+02 -5.993901346182728641e-06
1.500000000000000000e+02 1.972203651109101815e-06
2.000000000000000000e+02 2.545934300479285085e-06
2.500000000000000000e+02 -3.116919090466350263e-06
3.000000000000000000e+02 1.537371929477484560e-06
3.500000000000000000e+02 -8.376448952166432317e-07
4.000000000000000000e+02 3.876753859324243794e-07
4.500000000000000000e+02 6.770294762801652528e-08
5.000000000000000000e+02 3.036790755601002285e-07
5.500000000000000000e+02 1.274564932821377480e-06
6.000000000000000000e+02 4.758819677220384512e-07
6.500000000000000000e+02 -2.005642055806322951e-06
7.000000000000000000e+02 1.164249942021638847e-07
7.500000000000000000e+02 1.315708350508956228e-06
8.000000000000000000e+02 -4.972968447386801479e-07
8.500000000000000000e+02 -1.877633985329452368e-06
9.000000000000000000e+02 7.693453579224478732e-07
9.500000000000000000e+02 7.096592446273055338e-07
1.000000000000000000e+03 2.264691484103274249e-07
1.050000000000000000e+03 -1.264246734674543759e-07
1.100000000000000000e+03 2.087077267874856614e-07
1.150000000000000000e+03 -3.985069006909694204e-07
1.200000000000000000e+03 2.324750529964814541e-07
1.250000000000000000e+03 -9.744550464359949442e-08
1.300000000000000000e+03 2.373693307876088931e-07
1.350000000000000000e+03 -7.643269603849910853e-07
1.400000000000000000e+03 3.275338907472460583e-07
1.450000000000000000e+03 2.575078450188946570e-07
1.500000000000000000e+03 -3.269860871725351968e-07
1.550000000000000000e+03 3.828000569347346373e-07
1.600000000000000000e+03 -4.267749022818602686e-09
1.650000000000000000e+03 -3.821535651663787963e-07
1.700000000000000000e+03 6.458748399607600408e-08
1.750000000000000000e+03 3.630870360303110250e-09
1.800000000000000000e+03 -4.025961800507186704e-07
1.850000000000000000e+03 7.415366170375180192e-07
1.900000000000000000e+03 5.841448125433810724e-08
1.950000000000000000e+03 7.579661945668667561e-08
2.000000000000000000e+03 -4.068284049032911069e-07
2.050000000000000000e+03 -5.790357291507527210e-08
2.100000000000000000e+03 -1.206714389581202195e-08
2.150000000000000000e+03 -1.625878617632700958e-07
2.200000000000000000e+03 1.260258469084600845e-07
2.250000000000000000e+03 4.194051726373368430e-07
2.300000000000000000e+03 -1.801721507159277270e-07
2.350000000000000000e+03 -1.640597568480973662e-08
2.400000000000000000e+03 -2.498903942028852717e-07
2.450000000000000000e+03 1.300697488860885993e-08
2.500000000000000000e+03 3.100060330380027327e-07
2.550000000000000000e+03 -1.833748046732830008e-07
2.600000000000000000e+03 1.446121582657658935e-07
2.650000000000000000e+03 -3.776276273212438050e-07
2.700000000000000000e+03 2.636131442334867353e-07
2.750000000000000000e+03 1.337987181566235408e-08
2.800000000000000000e+03 2.020586929329270817e-07
2.850000000000000000e+03 -5.954684408870094383e-07
2.900000000000000000e+03 5.073243077947076713e-07
2.950000000000000000e+03 -1.742419798913533467e-07
3.000000000000000000e+03 -7.964863510066086622e-08
3.050000000000000000e+03 -2.319987904385237180e-08
3.100000000000000000e+03 4.737507987332638758e-07
3.150000000000000000e+03 -1.740810693696598898e-07
3.200000000000000000e+03 -3.159093224619504912e-07
3.250000000000000000e+03 2.680130452827292848e-07
3.300000000000000000e+03 4.409799039671853394e-08
3.350000000000000000e+03 -4.945699104981052473e-07
3.400000000000000000e+03 -4.493520047050787888e-08
3.450000000000000000e+03 3.752578342620508356e-08
3.500000000000000000e+03 7.089055237802859292e-07
3.550000000000000000e+03 3.369117684598283774e-07
3.600000000000000000e+03 -1.212560689345043382e-06
3.650000000000000000e+03 2.585000891197220692e-07
3.700000000000000000e+03 3.732385263021621417e-07
3.750000000000000000e+03 3.666681277543028198e-07
3.800000000000000000e+03 -3.667763602980992537e-07
3.850000000000000000e+03 -3.131221729199922673e-07
3.900000000000000000e+03 -2.007159908534130895e-07
3.950000000000000000e+03 3.127733661365699760e-07
4.000000000000000000e+03 -1.334534433335512146e-07
4.050000000000000000e+03 1.386818104497019641e-07
4.100000000000000000e+03 3.669583772613433210e-07
4.150000000000000000e+03 -1.845214894233885605e-07
4.200000000000000000e+03 -3.355725647398628083e-07
4.250000000000000000e+03 -3.498406408607753092e-08
4.300000000000000000e+03 -7.738981838529240626e-09
4.350000000000000000e+03 2.548345027193777618e-07
4.400000000000000000e+03 -9.414089037989503824e-08
4.450000000000000000e+03 4.959950440519404999e-07
4.500000000000000000e+03 -4.711745121348395045e-07
4.550000000000000000e+03 -2.999337564957740280e-07
4.600000000000000000e+03 2.930970694615130013e-07
4.650000000000000000e+03 -1.408210579055682799e-07
4.700000000000000000e+03 1.181354350893668282e-07
4.750000000000000000e+03 3.483946989873942544e-07
4.800000000000000000e+03 -7.197748631073530657e-08
4.850000000000000000e+03 -5.638473400789261022e-07
4.900000000000000000e+03 3.162819955167813205e-07
4.950000000000000000e+03 -7.424320269615762884e-08
5.000000000000000000e+03 -1.066583980974259702e-07
5.050000000000000000e+03 2.747482902709736081e-07
5.100000000000000000e+03 3.472181873087175120e-07
5.150000000000000000e+03 -8.175267812582127648e-07
5.200000000000000000e+03 2.490902950886292664e-07
5.250000000000000000e+03 2.210632540626314100e-07
5.300000000000000000e+03 -6.854189114526206576e-07
5.350000000000000000e+03 8.458451737811200001e-07
5.400000000000000000e+03 -3.102998419568542875e-07
5.450000000000000000e+03 7.667943776273302246e-07
5.500000000000000000e+03 -7.686424867191901563e-07
5.550000000000000000e+03 -1.245962733880529483e-07
5.600000000000000000e+03 -4.914777831210374172e-08
5.650000000000000000e+03 1.262617370718387649e-07
5.700000000000000000e+03 2.651411057762769388e-07
5.750000000000000000e+03 -2.777760897010354274e-07
5.800000000000000000e+03 3.467472028186861091e-07
5.850000000000000000e+03 9.417987102311860840e-08
5.900000000000000000e+03 -4.206011867518700746e-07
5.950000000000000000e+03 -4.365419771600054121e-07
6.000000000000000000e+03 7.581600355500237844e-07
6.050000000000000000e+03 -5.111511014837907605e-08
6.100000000000000000e+03 -5.911833958269479538e-07
6.150000000000000000e+03 1.016953949686002761e-06
6.200000000000000000e+03 -7.680255039337000564e-07
6.250000000000000000e+03 2.081534720433020343e-07
6.300000000000000000e+03 -2.068566483489040720e-07
6.350000000000000000e+03 1.948166734561632361e-07
6.400000000000000000e+03 -1.331346366649805633e-07
6.450000000000000000e+03 -9.143100723931198915e-09
6.500000000000000000e+03 5.435563846141236131e-08
6.550000000000000000e+03 6.714108247323361359e-07
6.600000000000000000e+03 -5.328558278046051445e-07
6.650000000000000000e+03 8.993792151605643681e-08
6.700000000000000000e+03 -2.192825104190737476e-07
6.750000000000000000e+03 -2.444936175943229562e-08
6.800000000000000000e+03 -3.978303052184126906e-07
6.850000000000000000e+03 1.860280183400244781e-07
6.900000000000000000e+03 7.250064492549747458e-07
6.950000000000000000e+03 -6.953681387723172109e-07
7.000000000000000000e+03 2.547871700161531019e-07
7.050000000000000000e+03 4.439653388658454967e-07
7.100000000000000000e+03 -9.462648997302023422e-08
7.150000000000000000e+03 -8.156521068570001868e-07
7.200000000000000000e+03 2.088673207582777211e-07
7.250000000000000000e+03 2.222828862970782933e-07
7.300000000000000000e+03 9.371364724179467817e-08
7.350000000000000000e+03 -3.758296257167050837e-07
7.400000000000000000e+03 -3.178646093813537202e-07
7.450000000000000000e+03 8.712082952235225051e-07
7.500000000000000000e+03 7.051877476818971608e-08
7.550000000000000000e+03 5.031681127906560147e-08
7.600000000000000000e+03 5.989137361803210397e-08
7.650000000000000000e+03 -6.501532800913140379e-07
7.700000000000000000e+03 -2.047273521297441762e-07
7.750000000000000000e+03 6.873976008884643499e-07
7.800000000000000000e+03 -5.934757255640089002e-07
7.850000000000000000e+03 4.167748722414270848e-07
7.900000000000000000e+03 9.050755108387970542e-08
7.950000000000000000e+03 -5.547908323488128866e-07
8.000000000000000000e+03 6.251698895627283503e-07
8.050000000000000000e+03 -3.315781108891277136e-07
8.100000000000000000e+03 3.744924108758637461e-07
8.150000000000000000e+03 -3.763051116227338841e-08
8.200000000000000000e+03 -4.634313972130601529e-08
8.250000000000000000e+03 -5.524107099530020487e-07
8.300000000000000000e+03 -4.751049442288081368e-08
8.350000000000000000e+03 5.859923630418673733e-07
8.400000000000000000e+03 1.574864683274376473e-07
8.450000000000000000e+03 1.229068957464261784e-07
8.500000000000000000e+03 -4.369847017620970285e-07
8.550000000000000000e+03 3.476146805521816883e-07
8.600000000000000000e+03 -8.232049851023467697e-07
8.650000000000000000e+03 4.233838276308152762e-07
8.700000000000000000e+03 8.033830008977575564e-08
8.750000000000000000e+03 -4.282770411121743539e-07
8.800000000000000000e+03 7.175898401252168912e-07
8.850000000000000000e+03 3.307838871855182344e-07
8.900000000000000000e+03 -4.962464382382858358e-07
8.950000000000000000e+03 3.848973565812413172e-07
9.000000000000000000e+03 -1.497014511811092957e-06
9.050000000000000000e+03 1.835291049584169942e-07
9.100000000000000000e+03 9.291236507614722995e-07
9.150000000000000000e+03 -3.066465465446252713e-07
9.200000000000000000e+03 2.909880312579479407e-07
9.250000000000000000e+03 7.670129822015395270e-07
9.300000000000000000e+03 -1.479940911160826435e-06
9.350000000000000000e+03 1.101374184920044969e-06
9.400000000000000000e+03 9.202586060574996227e-08
9.450000000000000000e+03 -7.607048998804079104e-07
9.500000000000000000e+03 -8.065241982605447205e-07
9.550000000000000000e+03 1.199645818263853618e-06
9.600000000000000000e+03 3.884045759806772065e-07
9.650000000000000000e+03 -9.784607981191113854e-07
9.700000000000000000e+03 -2.302531876423886033e-07
9.750000000000000000e+03 5.149366154295254116e-07
9.800000000000000000e+03 -2.154456256433729528e-07
9.850000000000000000e+03 -1.323837297137173402e-06
9.900000000000000000e+03 8.930599625155666133e-07
9.950000000000000000e+03 3.623912850267258765e-06
1.000000000000000000e+04 -3.657656018468052254e-06
