# r_A g_r
1.980000000000000163e-02 0.000000000000000000e+00
5.940000000000000835e-02 0.000000000000000000e+00
9.900000000000000466e-02 0.000000000000000000e+00
1.386000000000000010e-01 0.000000000000000000e+00
1.782000000000000250e-01 0.000000000000000000e+00
2.178000000000000214e-01 0.000000000000000000e+00
2.574000000000000177e-01 0.000000000000000000e+00
2.970000000000000417e-01 0.000000000000000000e+00
3.366000000000000103e-01 0.000000000000000000e+00
3.762000000000000344e-01 0.000000000000000000e+00
4.158000000000000584e-01 0.000000000000000000e+00
4.554000000000000270e-01 0.000000000000000000e+00
4.950000000000000511e-01 0.000000000000000000e+00
5.345999999999999641e-01 0.000000000000000000e+00
5.742000000000000437e-01 0.000000000000000000e+00
6.138000000000001233e-01 0.000000000000000000e+00
6.533999999999999808e-01 0.000000000000000000e+00
6.930000000000000604e-01 0.000000000000000000e+00
7.326000000000001400e-01 0.000000000000000000e+00
7.721999999999999975e-01 0.000000000000000000e+00
8.118000000000000771e-01 0.000000000000000000e+00
8.514000000000001567e-01 0.000000000000000000e+00
8.910000000000000142e-01 0.000000000000000000e+00
9.306000000000000938e-01 0.000000000000000000e+00
9.702000000000001734e-01 0.000000000000000000e+00
1.009800000000000031e+00 0.000000000000000000e+00
1.049400000000000110e+00 0.000000000000000000e+00
1.088999999999999968e+00 0.000000000000000000e+00
1.128600000000000048e+00 0.000000000000000000e+00
1.168200000000000127e+00 0.000000000000000000e+00
1.207800000000000207e+00 0.000000000000000000e+00
1.247400000000000064e+00 0.000000000000000000e+00
1.287000000000000144e+00 0.000000000000000000e+00
1.326600000000000001e+00 0.000000000000000000e+00
1.366200000000000081e+00 0.000000000000000000e+00
1.405800000000000161e+00 0.000000000000000000e+00
1.445400000000000240e+00 0.000000000000000000e+00
1.485000000000000098e+00 0.000000000000000000e+00
1.524600000000000177e+00 0.000000000000000000e+00
1.564200000000000035e+00 0.000000000000000000e+00
1.603800000000000114e+00 0.000000000000000000e+00
1.643400000000000194e+00 0.000000000000000000e+00
1.683000000000000274e+00 0.000000000000000000e+00
1.722600000000000131e+00 0.000000000000000000e+00
1.762200000000000211e+00 0.000000000000000000e+00
1.801800000000000068e+00 0.000000000000000000e+00
1.841400000000000148e+00 0.000000000000000000e+00
1.881000000000000227e+00 1.478871835331971437e-03
1.920600000000000307e+00 1.347590328215271353e-02
1.960200000000000164e+00 8.079902254426574171e-02
1.999800000000000022e+00 2.579695792129765852e-01
2.039400000000000102e+00 5.988392419080608153e-01
2.079000000000000181e+00 1.075513454604528851e+00
2.118600000000000261e+00 1.618175915321206748e+00
2.158200000000000340e+00 2.130199833993600134e+00
2.197799999999999976e+00 2.522275319291392037e+00
2.237400000000000055e+00 2.757460955975511219e+00
2.277000000000000135e+00 2.798206294512397108e+00
2.316600000000000215e+00 2.712702553420097029e+00
2.356200000000000294e+00 2.619300920069706606e+00
2.395800000000000374e+00 2.433379346981747737e+00
2.435400000000000453e+00 2.232850628092247103e+00
2.475000000000000089e+00 2.039963302607554319e+00
2.514600000000000168e+00 1.846782923428712309e+00
2.554200000000000248e+00 1.683825059498393450e+00
2.593800000000000328e+00 1.518539872841513372e+00
2.633399999999999963e+00 1.366321640381111813e+00
2.673000000000000043e+00 1.240759776585789842e+00
2.712600000000000122e+00 1.133864446772197887e+00
2.752200000000000202e+00 1.046148962346576727e+00
2.791800000000000281e+00 9.477017514082770600e-01
2.831400000000000361e+00 8.906472602149995144e-01
2.871000000000000441e+00 8.263600827625031675e-01
2.910600000000000076e+00 7.756665894998867605e-01
2.950200000000000156e+00 7.368474534195732506e-01
2.989800000000000235e+00 6.791164297096351499e-01
3.029400000000000315e+00 6.621429792747334231e-01
3.069000000000000394e+00 6.388695550864390560e-01
3.108600000000000030e+00 6.256744112003729263e-01
3.148200000000000109e+00 6.007062525796554864e-01
3.187800000000000189e+00 5.912381516493354638e-01
3.227400000000000269e+00 5.891675792258554978e-01
3.267000000000000348e+00 5.942132610200621112e-01
3.306600000000000428e+00 5.895574573426667353e-01
3.346200000000000507e+00 5.928596162901995648e-01
3.385800000000000143e+00 6.087794167821041214e-01
3.425400000000000222e+00 6.201669061831890373e-01
3.465000000000000302e+00 6.385771603069237967e-01
3.504600000000000382e+00 6.605458774827491775e-01
3.544200000000000461e+00 6.912025380652918605e-01
3.583800000000000097e+00 7.130511508761269157e-01
3.623400000000000176e+00 7.388661625924162202e-01
3.663000000000000256e+00 7.743559454173830625e-01
3.702600000000000335e+00 8.103929762054016273e-01
3.742200000000000415e+00 8.483200007498310491e-01
3.781800000000000495e+00 8.902513060794990940e-01
3.821400000000000574e+00 9.253445272509854824e-01
3.861000000000000210e+00 9.752859150545741818e-01
3.900600000000000289e+00 1.015424084788676407e+00
3.940200000000000369e+00 1.045277764844613877e+00
3.979800000000000448e+00 1.073830670756610761e+00
4.019400000000000084e+00 1.125648937121959126e+00
4.059000000000000163e+00 1.148943241407435423e+00
4.098600000000000243e+00 1.178451366911996034e+00
4.138200000000000323e+00 1.211717508604990723e+00
4.177800000000000402e+00 1.234398073767963400e+00
4.217400000000000482e+00 1.249741203620162722e+00
4.257000000000000561e+00 1.259634551197878150e+00
4.296600000000000641e+00 1.263567203449576404e+00
4.336200000000000720e+00 1.270277447579978514e+00
4.375799999999999912e+00 1.280319163616732592e+00
4.415399999999999991e+00 1.271994629469179738e+00
4.455000000000000071e+00 1.252689525300904050e+00
4.494600000000000151e+00 1.246016451585246321e+00
4.534200000000000230e+00 1.228758539778225245e+00
4.573800000000000310e+00 1.204134252219676959e+00
4.613400000000000389e+00 1.179986350220910918e+00
4.653000000000000469e+00 1.152937922432264672e+00
4.692600000000000549e+00 1.119363427728248928e+00
4.732200000000000628e+00 1.090446186185766608e+00
4.771800000000000708e+00 1.059132687257995364e+00
4.811400000000000787e+00 1.026588499583114045e+00
4.851000000000000867e+00 1.002002703235999270e+00
4.890600000000000058e+00 9.755777678022657939e-01
4.930200000000000138e+00 9.518244771800505877e-01
4.969800000000000217e+00 9.267947083158576405e-01
5.009400000000000297e+00 9.104447452358094273e-01
5.049000000000000377e+00 8.963218932250036630e-01
5.088600000000000456e+00 8.685835372595451798e-01
5.128200000000000536e+00 8.621183905130099800e-01
5.167800000000000615e+00 8.485809420330732156e-01
5.207400000000000695e+00 8.514822032201482260e-01
5.247000000000000774e+00 8.380921299356829390e-01
5.286599999999999966e+00 8.367075324320608631e-01
5.326200000000000045e+00 8.361781704381489044e-01
5.365800000000000125e+00 8.444782614613127736e-01
5.405400000000000205e+00 8.443278676129225557e-01
5.445000000000000284e+00 8.510931449095354706e-01
5.484600000000000364e+00 8.556912769684230646e-01
5.524200000000000443e+00 8.726587763318388591e-01
5.563800000000000523e+00 8.863537510082355464e-01
5.603400000000000603e+00 9.008812113407318467e-01
5.643000000000000682e+00 9.133129043793687396e-01
5.682600000000000762e+00 9.336161713745034785e-01
5.722200000000000841e+00 9.486509343211398937e-01
5.761800000000000921e+00 9.619115524090995351e-01
5.801400000000000112e+00 9.735828371447418084e-01
5.841000000000000192e+00 1.000672686682799073e+00
5.880600000000000271e+00 1.014274871014472001e+00
5.920200000000000351e+00 1.024861950705313385e+00
5.959800000000000431e+00 1.045035009367906387e+00
5.999400000000000510e+00 1.051273888201581297e+00
6.039000000000000590e+00 1.068797619558864209e+00
6.078600000000000669e+00 1.078472125317021080e+00
6.118200000000000749e+00 1.083264403633640738e+00
6.157800000000000828e+00 1.091581911239724478e+00
6.197400000000000908e+00 1.094967058232905410e+00
6.237000000000000099e+00 1.094826940751165711e+00
6.276600000000000179e+00 1.099849515742490569e+00
6.316200000000000259e+00 1.103316082695165345e+00
6.355800000000000338e+00 1.098688263972332990e+00
6.395400000000000418e+00 1.095348087667123771e+00
6.435000000000000497e+00 1.085804473715828555e+00
6.474600000000000577e+00 1.083266346890448872e+00
6.514200000000000657e+00 1.072304106225931308e+00
6.553800000000000736e+00 1.067780387097586159e+00
6.593400000000000816e+00 1.061231475379893041e+00
6.633000000000000895e+00 1.054554245702419291e+00
6.672600000000000975e+00 1.046706736103095281e+00
6.712200000000000166e+00 1.026049989676496965e+00
6.751800000000000246e+00 1.028597966003868880e+00
6.791400000000000325e+00 1.015266819354775141e+00
6.831000000000000405e+00 1.005417328056179560e+00
6.870600000000000485e+00 9.950340198742774200e-01
6.910200000000000564e+00 9.849407162451078168e-01
6.949800000000000644e+00 9.803205425043510779e-01
6.989400000000000723e+00 9.703682137676588049e-01
7.029000000000000803e+00 9.637897863957461952e-01
7.068600000000000882e+00 9.557702438721611404e-01
7.108200000000000962e+00 9.478604569885603626e-01
7.147800000000000153e+00 9.452814266478176686e-01
7.187400000000000233e+00 9.434105576834832529e-01
7.227000000000000313e+00 9.348783771849586977e-01
7.266600000000000392e+00 9.321322357749145526e-01
7.306200000000000472e+00 9.384902816634707046e-01
7.345800000000000551e+00 9.401403106081597238e-01
7.385400000000000631e+00 9.393747486084442766e-01
7.425000000000000711e+00 9.398691045178807491e-01
7.464600000000000790e+00 9.402844723933239113e-01
7.504200000000000870e+00 9.493498022687110183e-01
7.543800000000000949e+00 9.530858438001132971e-01
7.583400000000001029e+00 9.582845524650743796e-01
7.623000000000001108e+00 9.624161298244707785e-01
7.662600000000000300e+00 9.700873693846006063e-01
7.702200000000000379e+00 9.745147508311681195e-01
7.741800000000000459e+00 9.829769611987820843e-01
7.781400000000000539e+00 9.900862687786844418e-01
7.821000000000000618e+00 9.965381969703586140e-01
7.860600000000000698e+00 9.997404213853496868e-01
7.900200000000000777e+00 1.011079411153219754e+00
